1.267
-1.000
1.471
2.217
2.742
-1.000
-1.000
1.411
2.286
3.196
2.154
-1.000
-1.000
-1.000
-1.000
3.624
-1.000
-1.000
2.892
5.580
4.682
-1.000
1.855
-1.000
-1.000
-1.000
2.027
-1.000
-1.000
3.368
2.547
-1.000
-1.000
-1.000
-1.000
3.418
-1.000
-1.000
-1.000
-1.000
1.997
3.569
3.701
1.982
7.354
7.101
1.866
-1.000
-1.000
-1.000
-1.000
-1.000
-1.000
-1.000
-1.000
-1.000
-1.000
-1.000
-1.000
2.654
-1.000
-1.000
-1.000
-1.000
-1.000
-1.000
-1.000
-1.000
-1.000
-1.000
-1.000
-1.000
-1.000
-1.000
-1.000
-1.000
-1.000
-1.000
2.154
2.752
-1.000
-1.000
-1.000
-1.000
-1.000
-1.000
-1.000
-1.000
-1.000
-1.000
-1.000
-1.000
-1.000
2.863
2.848
3.289
-1.000
-1.000
-1.000
-1.000
-1.000
-1.000
-1.000
-1.000
-1.000
-1.000
-1.000
-1.000
-1.000
-1.000
-1.000
-1.000
-1.000
-1.000
-1.000
-1.000
-1.000
-1.000
-1.000
3.046
6.693
3.147
5.675
3.238
2.643
-1.000
3.434
2.862
2.787
4.340
6.078
4.613
4.588
2.490
4.219
2.375
3.192
2.452
-1.000
3.338
7.292
5.305
4.081
4.164
3.512
3.296
4.460
4.689
5.805
3.070
2.855
3.527
2.663
2.970
2.999
4.389
7.035
2.974
3.667
3.120
5.081
-1.000
3.801
6.858
3.345
3.811
3.931
3.654
4.191
7.274
3.048
6.591
-1.000
3.108
3.247
4.095
5.275
3.580
7.735
5.703
6.068
3.169
5.840
3.067
-1.000
-1.000
-1.000
-1.000
-1.000
-1.000
2.865
4.783
-1.000
4.148
6.002
6.168
2.949
3.187
4.508
3.576
5.021
-1.000
7.934
3.702
6.335
-1.000
-1.000
-1.000
6.416
4.095
4.451
-1.000
-1.000
7.541
-1.000
3.584
6.728
-1.000
7.140
6.245
3.117
5.515
-1.000
4.897
4.100
5.643
4.097
6.060
2.777
3.452
4.480
3.332
4.544
4.514
3.086
-1.000
4.243
3.041
3.339
2.787
5.680
3.883
4.890
3.261
3.957
4.093
4.248
7.757
-1.000
4.359
6.413
2.966
3.504
6.674
3.869
4.410
3.035
5.112
3.387
3.454
3.672
3.823
-1.000
-1.000
7.899
3.525
-1.000
3.967
-1.000
-1.000
4.439
-1.000
3.531
4.981
3.362
3.233
4.461
4.803
2.831
3.818
6.845
2.890
4.345
3.889
3.395
3.375
3.599
3.713
4.596
-1.000
5.928
3.868
4.323
3.732
5.788
5.252
3.086
3.626
3.303
6.520
6.295
5.598
6.734
7.979
-1.000
2.931
4.289
5.614
3.719
3.438
4.941
6.421
3.319
3.741
3.428
4.614
3.339
-1.000
3.642
3.865
5.112
5.072
3.582
3.970
3.896
5.733
4.459
3.546
3.602
3.893
-1.000
4.068
4.628
5.942
3.379
3.814
4.324
3.587
3.671
-1.000
-1.000
4.842
6.051
3.575
3.678
7.777
6.067
3.267
4.723
-1.000
3.447
-1.000
-1.000
3.761
3.210
4.229
3.722
3.516
6.692
3.273
3.432
3.949
5.490
3.325
3.803
3.694
3.961
5.204
-1.000
3.083
4.441
7.796
2.725
-1.000
4.973
3.635
6.686
3.828
3.383
2.840
5.681
3.811
3.090
4.680
4.127
3.438
6.984
4.411
5.848
4.594
3.505
-1.000
3.903
3.806
5.127
3.075
6.050
4.183
5.634
5.514
3.580
-1.000
3.517
6.594
4.399
3.568
3.758
7.588
7.632
4.269
5.575
5.777
4.355
4.192
3.648
4.275
4.952
4.121
3.932
-1.000
6.795
5.592
4.213
-1.000
3.449
4.585
-1.000
3.492
6.004
5.774
-1.000
5.779
-1.000
-1.000
2.952
3.121
3.616
3.640
-1.000
-1.000
6.698
2.907
3.361
3.451
2.553
3.304
3.747
3.972
2.588
-1.000
4.463
2.728
3.689
-1.000
3.087
2.646
3.638
-1.000
3.862
4.321
-1.000
3.184
3.783
-1.000
3.000
2.487
4.610
-1.000
6.327
3.181
2.906
3.759
-1.000
6.495
-1.000
3.544
3.869
3.722
3.843
3.972
2.706
4.872
3.480
6.089
3.949
4.338
2.798
5.095
4.965
-1.000
7.398
3.888
3.053
3.478
3.452
7.107
5.489
2.825
4.220
2.795
3.224
-1.000
3.666
4.090
3.432
5.193
6.159
-1.000
2.775
5.623
2.820
-1.000
-1.000
5.212
2.723
3.732
3.592
-1.000
-1.000
6.573
4.538
-1.000
-1.000
-1.000
-1.000
-1.000
-1.000
-1.000
-1.000
-1.000
-1.000
-1.000
-1.000
-1.000
-1.000
-1.000
-1.000
-1.000
-1.000
-1.000
-1.000
-1.000
-1.000
-1.000
-1.000
-1.000
-1.000
-1.000
-1.000
-1.000
-1.000
-1.000
-1.000
-1.000
-1.000
-1.000
-1.000
-1.000
-1.000
-1.000
-1.000
-1.000
-1.000
-1.000
-1.000
-1.000
-1.000
-1.000
-1.000
-1.000
-1.000
-1.000
-1.000
-1.000
-1.000
-1.000
-1.000
-1.000
-1.000
-1.000
-1.000
-1.000
-1.000
-1.000
-1.000
-1.000
-1.000
-1.000
-1.000
-1.000
-1.000
-1.000
-1.000
-1.000
-1.000
-1.000
-1.000
-1.000
-1.000
-1.000
-1.000
-1.000
-1.000
-1.000
-1.000
-1.000
-1.000
-1.000
-1.000
2.838
4.899
6.881
2.907
4.194
3.552
3.842
3.238
7.631
3.142
4.107
4.817
-1.000
6.067
3.883
7.384
3.369
3.591
5.217
4.001
2.855
4.190
3.747
3.064
3.365
7.614
-1.000
-1.000
-1.000
-1.000
-1.000
-1.000
-1.000
-1.000
-1.000
-1.000
-1.000
-1.000
-1.000
-1.000
-1.000
-1.000
-1.000
-1.000
-1.000
-1.000
-1.000
-1.000
-1.000
-1.000
-1.000
-1.000
-1.000
-1.000
-1.000
-1.000
-1.000
-1.000
-1.000
-1.000
-1.000
-1.000
-1.000
-1.000
-1.000
-1.000
-1.000
-1.000
-1.000
-1.000
-1.000
-1.000
-1.000
-1.000
-1.000
-1.000
-1.000
-1.000
2.803
-1.000
6.955
4.048
-1.000
-1.000
-1.000
-1.000
-1.000
-1.000
-1.000
-1.000
-1.000
-1.000
-1.000
-1.000
-1.000
-1.000
-1.000
-1.000
-1.000
-1.000
-1.000
-1.000
-1.000
-1.000
-1.000
-1.000
-1.000
-1.000
-1.000
-1.000
-1.000
-1.000
-1.000
-1.000
-1.000
-1.000
-1.000
-1.000
-1.000
-1.000
-1.000
-1.000
-1.000
-1.000
-1.000
-1.000
-1.000
-1.000
-1.000
-1.000
-1.000
-1.000
-1.000
-1.000
-1.000
-1.000
-1.000
-1.000
-1.000
-1.000
-1.000
-1.000
-1.000
-1.000
-1.000
-1.000
-1.000
-1.000
-1.000
-1.000
-1.000
-1.000
-1.000
-1.000
-1.000
-1.000
-1.000
-1.000
-1.000
-1.000
-1.000
-1.000
-1.000
-1.000
-1.000
-1.000
-1.000
-1.000
-1.000
-1.000
-1.000
-1.000
-1.000
-1.000
-1.000
-1.000
-1.000
-1.000
-1.000
-1.000
-1.000
-1.000
-1.000
-1.000
-1.000
-1.000
-1.000
-1.000
-1.000
-1.000
-1.000
-1.000
-1.000
-1.000
-1.000
-1.000
-1.000
-1.000
-1.000
-1.000
-1.000
-1.000
-1.000
-1.000
-1.000
-1.000
-1.000
-1.000
-1.000
-1.000
-1.000
-1.000
-1.000
-1.000
-1.000
-1.000
-1.000
-1.000
-1.000
-1.000
-1.000
-1.000
-1.000
-1.000
-1.000
-1.000
-1.000
-1.000
-1.000
-1.000
-1.000
-1.000
-1.000
-1.000
-1.000
-1.000
-1.000
-1.000
-1.000
-1.000
-1.000
-1.000
-1.000
-1.000
-1.000
-1.000
-1.000
-1.000
-1.000
-1.000
-1.000
-1.000
-1.000
-1.000
-1.000
-1.000
-1.000
-1.000
-1.000
-1.000
-1.000
-1.000
-1.000
-1.000
-1.000
-1.000
-1.000
-1.000
-1.000
-1.000
-1.000
-1.000
-1.000
-1.000
-1.000
-1.000
-1.000
-1.000
-1.000
-1.000
-1.000
-1.000
-1.000
-1.000
-1.000
-1.000
-1.000
-1.000
-1.000
-1.000
-1.000
-1.000
-1.000
-1.000
-1.000
-1.000
-1.000
-1.000
-1.000
-1.000
-1.000
-1.000
-1.000
-1.000
-1.000
-1.000
-1.000
-1.000
-1.000
-1.000
-1.000
-1.000
-1.000
-1.000
-1.000
-1.000
-1.000
-1.000
-1.000
-1.000
-1.000
-1.000
-1.000
-1.000
-1.000
-1.000
-1.000
-1.000
-1.000
-1.000
-1.000
-1.000
-1.000
-1.000
-1.000
-1.000
-1.000
-1.000
-1.000
-1.000
-1.000
-1.000
-1.000
-1.000
-1.000
-1.000
-1.000
-1.000
-1.000
-1.000
-1.000
-1.000
-1.000
-1.000
-1.000
-1.000
-1.000
-1.000
-1.000
-1.000
-1.000
-1.000
-1.000
-1.000
-1.000
-1.000
-1.000
-1.000
-1.000
-1.000
-1.000
-1.000
-1.000
-1.000
-1.000
-1.000
-1.000
-1.000
-1.000
-1.000
-1.000
-1.000
-1.000
-1.000
-1.000
-1.000
-1.000
-1.000
-1.000
-1.000
-1.000
-1.000
-1.000
-1.000
-1.000
-1.000
-1.000
-1.000
-1.000
-1.000
-1.000
-1.000
-1.000
-1.000
-1.000
-1.000
-1.000
-1.000
-1.000
-1.000
-1.000
-1.000
-1.000
-1.000
-1.000
-1.000
-1.000
-1.000
-1.000
-1.000
-1.000
-1.000
-1.000
-1.000
-1.000
-1.000
-1.000
-1.000
-1.000
-1.000
-1.000
-1.000
-1.000
-1.000
7.840
-1.000
-1.000
-1.000
-1.000
-1.000
-1.000
-1.000
-1.000
-1.000
-1.000
-1.000
-1.000
-1.000
-1.000
-1.000
-1.000
-1.000
-1.000
-1.000
-1.000
-1.000
-1.000
-1.000
-1.000
-1.000
-1.000
-1.000
-1.000
-1.000
-1.000
-1.000
-1.000
-1.000
-1.000
-1.000
-1.000
-1.000
-1.000
-1.000
-1.000
-1.000
-1.000
-1.000
-1.000
-1.000
-1.000
-1.000
-1.000
-1.000
-1.000
-1.000
-1.000
-1.000
-1.000
-1.000
-1.000
-1.000
-1.000
-1.000
-1.000
-1.000
-1.000
-1.000
-1.000
-1.000
-1.000
-1.000
-1.000
-1.000
-1.000
-1.000
-1.000
-1.000
-1.000
-1.000
-1.000
-1.000
-1.000
-1.000
-1.000
-1.000
-1.000
-1.000
-1.000
-1.000
-1.000
-1.000
-1.000
-1.000
-1.000
-1.000
-1.000
-1.000
-1.000
-1.000
-1.000
-1.000
-1.000
-1.000
-1.000
-1.000
-1.000
-1.000
-1.000
-1.000
-1.000
-1.000
-1.000
-1.000
-1.000
-1.000
-1.000
-1.000
-1.000
-1.000
3.252
5.800
3.649
3.146
4.092
-1.000
3.292
3.416
3.811
4.161
4.004
4.081
-1.000
3.925
3.630
3.666
3.867
4.035
5.886
7.935
3.320
-1.000
3.062
2.898
4.794
3.085
3.548
3.629
3.588
4.565
4.006
3.716
3.129
-1.000
4.197
3.359
-1.000
-1.000
3.504
4.169
6.636
3.655
3.471
2.889
2.890
3.614
-1.000
6.031
3.440
-1.000
4.188
4.722
5.757
-1.000
6.022
3.087
3.604
5.348
4.334
3.455
3.094
6.968
-1.000
7.088
6.654
4.284
3.952
3.585
4.270
3.479
3.854
4.976
3.216
4.325
3.418
3.533
7.695
5.482
3.442
3.767
4.715
3.956
4.120
3.665
3.648
3.837
6.475
3.872
4.532
3.221
-1.000
5.040
5.420
6.864
2.908
3.998
3.709
3.151
3.647
7.751
3.337
4.404
4.300
-1.000
-1.000
3.535
3.558
-1.000
-1.000
3.778
3.437
-1.000
3.366
4.252
-1.000
4.527
6.927
3.920
3.961
3.134
4.125
3.920
3.603
3.872
3.079
-1.000
-1.000
-1.000
-1.000
-1.000
-1.000
-1.000
-1.000
-1.000
-1.000
-1.000
-1.000
-1.000
-1.000
-1.000
-1.000
-1.000
-1.000
-1.000
-1.000
-1.000
-1.000
-1.000
-1.000
-1.000
-1.000
-1.000
-1.000
-1.000
-1.000
-1.000
-1.000
-1.000
-1.000
-1.000
-1.000
-1.000
-1.000
-1.000
-1.000
-1.000
-1.000
-1.000
-1.000
-1.000
-1.000
-1.000
-1.000
-1.000
-1.000
-1.000
-1.000
-1.000
-1.000
-1.000
-1.000
-1.000
-1.000
-1.000
-1.000
-1.000
-1.000
-1.000
-1.000
-1.000
-1.000
-1.000
-1.000
-1.000
-1.000
-1.000
-1.000
-1.000
-1.000
-1.000
-1.000
-1.000
-1.000
-1.000
-1.000
-1.000
-1.000
-1.000
-1.000
-1.000
-1.000
-1.000
-1.000
-1.000
-1.000
-1.000
-1.000
-1.000
-1.000
-1.000
-1.000
-1.000
-1.000
-1.000
-1.000
-1.000
-1.000
-1.000
-1.000
-1.000
-1.000
-1.000
-1.000
-1.000
-1.000
-1.000
-1.000
-1.000
-1.000
-1.000
-1.000
-1.000
-1.000
-1.000
-1.000
-1.000
-1.000
-1.000
-1.000
-1.000
-1.000
-1.000
-1.000
-1.000
-1.000
-1.000
-1.000
-1.000
-1.000
-1.000
-1.000
-1.000
-1.000
-1.000
-1.000
-1.000
-1.000
-1.000
-1.000
-1.000
-1.000
-1.000
-1.000
-1.000
-1.000
-1.000
-1.000
-1.000
-1.000
-1.000
-1.000
-1.000
-1.000
-1.000
-1.000
-1.000
-1.000
-1.000
-1.000
-1.000
-1.000
-1.000
-1.000
-1.000
-1.000
-1.000
-1.000
-1.000
-1.000
-1.000
-1.000
-1.000
-1.000
-1.000
-1.000
-1.000
-1.000
-1.000
-1.000
-1.000
-1.000
-1.000
-1.000
-1.000
-1.000
-1.000
-1.000
-1.000
-1.000
-1.000
-1.000
-1.000
-1.000
-1.000
-1.000
-1.000
-1.000
-1.000
-1.000
-1.000
-1.000
-1.000
-1.000
-1.000
-1.000
-1.000
-1.000
-1.000
-1.000
-1.000
-1.000
-1.000
-1.000
-1.000
6.381
5.679
-1.000
3.824
4.265
3.393
3.806
4.890
3.704
4.235
4.257
4.005
4.895
4.316
3.988
6.891
3.317
4.680
4.021
4.251
-1.000
4.883
3.720
3.148
6.276
4.029
6.184
4.748
5.027
4.344
5.434
3.881
4.243
4.079
7.711
6.403
4.524
5.048
3.268
4.366
3.838
3.520
3.917
-1.000
5.733
7.681
6.959
3.660
3.133
3.543
4.502
4.532
3.836
5.237
3.922
4.455
5.252
4.583
-1.000
4.434
3.291
6.423
-1.000
5.777
-1.000
3.477
3.702
4.164
3.803
4.021
-1.000
-1.000
4.994
4.047
3.599
4.976
7.705
3.607
4.274
4.396
4.407
-1.000
7.593
4.550
5.765
-1.000
4.989
3.530
4.289
-1.000
-1.000
-1.000
6.902
4.236
4.186
-1.000
5.048
-1.000
3.970
4.836
4.232
-1.000
3.869
4.036
3.646
4.872
3.795
3.360
5.049
3.828
4.459
4.071
3.467
5.672
6.467
4.261
5.598
3.181
3.926
4.007
4.447
-1.000
4.494
5.629
3.797
-1.000
-1.000
-1.000
3.584
7.510
3.939
3.846
6.755
-1.000
3.581
-1.000
2.881
4.559
4.973
4.463
6.004
4.492
4.697
3.988
5.026
4.785
4.032
5.407
3.559
7.507
7.262
3.975
4.135
4.217
5.818
6.226
5.105
5.433
5.368
3.861
3.139
4.940
3.852
3.298
4.231
4.422
3.213
4.087
-1.000
5.138
3.486
6.773
4.625
3.447
4.139
4.192
4.160
3.690
-1.000
4.105
7.311
-1.000
3.761
6.084
-1.000
7.693
3.632
4.208
4.116
4.189
5.714
-1.000
5.900
4.403
5.953
6.218
6.426
5.512
6.038
-1.000
6.398
3.762
4.792
2.963
7.128
3.595
3.745
3.419
3.355
-1.000
-1.000
4.553
5.935
4.549
3.041
5.451
3.312
5.731
-1.000
-1.000
4.815
4.401
-1.000
7.723
3.321
3.645
4.742
4.023
3.232
-1.000
4.995
3.135
3.941
7.629
5.169
4.139
5.485
4.775
7.148
5.035
7.856
4.152
4.123
3.701
3.120
3.820
3.683
4.576
3.139
-1.000
7.878
5.067
4.456
3.711
3.740
3.580
4.934
-1.000
3.513
3.508
6.104
3.344
6.151
4.278
-1.000
3.451
-1.000
7.909
5.905
3.679
3.466
4.208
3.564
3.918
4.294
4.182
3.953
5.582
4.350
3.890
5.585
5.837
4.230
3.536
3.290
3.215
-1.000
3.129
3.500
3.510
4.387
4.469
4.298
4.379
6.703
4.958
-1.000
3.199
7.525
5.995
-1.000
6.270
3.501
-1.000
3.805
4.953
4.364
4.620
-1.000
5.422
3.173
-1.000
5.911
3.828
6.537
-1.000
-1.000
5.821
4.414
4.969
4.078
6.270
4.827
5.185
4.249
6.245
4.282
3.796
-1.000
-1.000
4.565
4.711
5.279
3.737
-1.000
3.542
7.843
3.561
4.131
4.466
6.203
3.739
5.775
4.967
5.579
4.270
3.329
4.770
4.300
6.315
7.026
-1.000
5.124
-1.000
4.144
3.984
6.876
3.628
6.651
7.035
-1.000
4.118
4.225
5.041
3.744
4.804
4.972
-1.000
4.838
4.209
4.746
3.315
3.355
4.414
5.024
6.572
4.026
5.608
4.853
3.727
5.048
4.895
-1.000
6.191
3.853
4.146
6.039
6.147
4.341
4.356
3.862
3.957
5.604
3.321
4.278
-1.000
4.291
3.111
4.604
3.304
-1.000
4.110
3.288
4.241
4.486
3.605
5.654
3.968
-1.000
5.822
-1.000
5.261
-1.000
6.054
4.586
4.813
5.675
4.470
4.043
4.392
3.296
-1.000
4.564
-1.000
4.998
5.893
3.582
-1.000
4.207
-1.000
3.821
5.611
6.841
3.812
3.664
3.545
4.579
4.156
5.101
-1.000
3.822
6.078
3.987
3.057
4.181
4.446
4.634
6.152
4.284
-1.000
-1.000
4.517
3.686
6.384
3.586
7.510
4.235
5.278
-1.000
-1.000
4.533
5.248
4.467
-1.000
3.428
4.155
5.893
5.978
3.422
4.227
4.017
7.327
4.265
-1.000
4.585
5.952
4.582
5.623
3.841
4.141
4.865
3.271
3.431
4.363
5.310
3.073
4.181
5.751
4.237
6.172
-1.000
3.915
5.470
6.460
-1.000
-1.000
-1.000
6.104
3.716
4.649
4.036
3.866
6.823
5.904
4.701
5.498
4.681
4.373
4.625
3.866
-1.000
4.203
6.563
3.859
4.534
4.078
4.794
4.189
4.144
4.523
3.511
3.485
6.201
3.148
4.834
3.241
4.147
4.997
4.452
3.772
-1.000
6.656
7.133
4.492
4.425
5.763
4.673
7.830
3.819
-1.000
3.692
6.828
-1.000
7.268
4.236
7.829
4.414
7.715
3.143
7.051
4.854
3.435
4.640
4.421
3.332
-1.000
-1.000
3.336
3.650
6.540
3.789
7.524
5.405
7.449
4.133
3.583
4.196
3.281
3.969
4.283
4.151
3.341
7.214
3.602
3.702
4.135
3.419
5.968
3.557
3.769
3.935
4.429
4.231
4.591
3.346
4.493
4.885
4.140
3.254
5.737
3.940
5.770
6.117
4.028
6.506
6.715
3.616
4.497
4.000
-1.000
-1.000
6.472
3.251
6.603
7.159
-1.000
3.172
5.026
5.195
5.408
8.014
8.044
4.389
5.199
4.868
4.184
5.977
4.112
3.192
4.172
4.154
3.756
3.795
6.701
6.168
4.566
3.925
6.119
3.877
4.938
4.210
3.649
6.066
4.559
3.293
4.146
5.828
4.070
4.087
3.996
4.761
5.781
3.838
4.856
3.949
-1.000
5.394
4.070
4.144
4.538
5.081
6.319
3.544
6.987
3.289
6.980
7.122
5.888
-1.000
-1.000
4.079
3.931
3.786
4.863
3.726
3.414
4.346
7.915
3.824
3.978
-1.000
6.522
7.202
6.336
5.762
4.851
3.589
7.048
4.053
3.166
-1.000
-1.000
-1.000
3.745
4.795
4.589
3.550
3.387
4.507
4.167
5.110
4.257
3.998
4.674
5.275
6.253
-1.000
5.371
3.160
4.273
-1.000
4.060
4.225
3.568
5.387
3.563
4.184
5.825
4.120
3.606
4.785
-1.000
5.135
-1.000
-1.000
5.051
6.481
-1.000
4.132
3.980
3.742
-1.000
5.416
3.762
3.843
6.916
4.453
-1.000
5.914
4.598
-1.000
2.939
3.595
5.018
4.860
3.888
6.949
4.491
4.801
3.136
5.136
6.131
4.554
6.755
3.982
3.010
4.338
3.211
3.305
6.865
4.098
4.417
4.058
2.811
4.564
4.311
6.216
3.823
3.677
3.284
3.309
6.072
6.767
3.572
3.841
-1.000
6.286
3.744
6.330
4.314
3.945
3.469
5.590
4.656
5.586
3.518
3.361
8.059
3.819
3.375
-1.000
4.627
3.332
5.623
-1.000
3.707
3.718
4.009
5.779
5.822
4.258
4.123
3.182
-1.000
4.740
-1.000
4.622
-1.000
3.192
3.752
3.758
4.484
3.956
4.837
3.481
3.780
3.687
6.034
4.646
4.411
-1.000
4.409
4.191
6.511
3.567
4.571
6.546
3.531
4.940
4.967
4.428
3.757
7.837
4.714
-1.000
3.551
4.432
4.817
4.694
3.895
4.871
5.882
7.973
3.573
3.127
4.599
3.550
5.572
5.024
7.291
6.146
6.911
7.878
6.294
4.786
3.178
5.914
3.100
4.915
5.453
-1.000
7.788
4.521
6.402
6.183
4.127
7.214
4.546
3.667
5.763
3.095
4.525
3.734
3.955
4.618
6.521
6.397
4.748
4.114
4.730
3.981
3.547
7.728
4.714
8.068
6.416
3.997
3.549
3.484
3.661
3.627
3.894
4.145
-1.000
-1.000
4.774
5.012
6.521
4.910
-1.000
6.628
6.175
-1.000
5.975
4.421
3.846
7.825
5.093
5.861
4.146
4.169
5.376
4.089
-1.000
7.246
6.902
5.952
7.556
4.230
4.622
4.412
4.631
4.584
4.558
5.147
4.851
6.707
4.392
4.581
5.148
4.191
4.832
-1.000
4.923
6.676
5.899
5.272
-1.000
-1.000
7.777
4.893
-1.000
4.832
5.497
5.029
6.897
5.185
5.327
4.754
4.489
5.388
4.563
5.966
6.239
3.977
4.720
7.363
4.805
5.342
6.949
4.444
4.483
-1.000
7.231
5.675
4.896
3.997
4.879
5.619
4.048
4.722
4.177
4.747
4.660
6.015
4.380
4.807
4.650
5.026
3.948
4.390
6.461
5.537
6.458
-1.000
5.239
4.316
4.946
5.928
-1.000
-1.000
5.062
6.906
4.986
4.037
4.438
7.533
5.550
4.803
5.586
5.775
4.200
4.912
-1.000
6.678
4.548
5.780
4.508
7.034
5.428
5.238
4.926
6.707
4.380
5.875
4.511
4.951
6.375
4.753
4.030
6.095
6.003
6.065
4.931
5.600
4.530
4.545
4.999
6.315
4.525
7.509
4.677
-1.000
4.094
4.487
4.775
6.499
4.411
4.528
-1.000
7.463
5.176
6.547
-1.000
5.849
-1.000
4.557
6.907
6.689
4.933
-1.000
5.171
4.810
-1.000
6.126
5.273
8.060
4.429
4.474
4.712
4.243
4.803
-1.000
4.095
4.558
3.992
4.771
7.199
4.735
-1.000
5.183
7.505
4.058
3.643
4.611
5.707
4.950
5.010
8.002
4.757
-1.000
4.623
7.139
6.524
4.320
4.461
4.361
4.297
-1.000
4.781
3.454
4.422
7.580
4.910
5.373
5.397
-1.000
4.260
4.983
4.242
6.901
5.442
5.117
4.747
6.159
6.523
4.416
7.168
6.295
5.284
4.882
-1.000
-1.000
3.899
4.068
5.765
5.021
6.639
-1.000
7.960
5.559
6.746
5.086
7.876
4.425
-1.000
5.183
5.295
4.506
4.283
6.856
5.630
4.469
3.731
-1.000
4.357
6.265
3.436
-1.000
5.749
5.524
4.919
4.515
5.535
4.929
4.571
-1.000
6.341
7.510
5.719
4.637
6.327
4.583
4.519
4.275
4.464
-1.000
4.971
-1.000
5.082
4.316
5.969
4.020
-1.000
4.380
3.897
4.703
6.861
4.310
4.439
4.495
3.930
4.460
4.228
6.168
-1.000
4.113
5.678
5.726
4.741
4.546
5.346
5.759
4.536
5.023
4.217
6.546
-1.000
4.783
4.325
4.134
4.722
3.976
5.790
4.581
7.614
3.702
3.804
5.693
5.747
4.911
4.877
4.266
4.258
4.386
6.906
4.679
4.484
4.892
4.437
4.871
7.546
4.277
8.049
4.040
4.880
4.441
4.455
-1.000
7.075
5.226
5.174
7.140
4.474
4.445
5.394
4.860
6.968
4.015
4.129
6.960
4.722
4.645
5.551
7.721
4.477
-1.000
5.435
7.193
3.918
4.373
-1.000
-1.000
5.243
5.655
6.013
4.151
4.759
4.079
4.658
4.236
4.912
7.168
4.223
-1.000
7.242
4.619
6.522
4.908
-1.000
4.695
4.767
5.081
5.301
5.043
5.845
4.695
4.872
4.633
4.996
4.339
3.988
5.831
4.701
6.971
4.282
4.597
-1.000
5.313
7.119
-1.000
-1.000
4.679
4.533
4.712
5.490
5.517
5.055
5.129
4.352
-1.000
7.579
5.988
4.494
4.490
5.734
6.071
6.809
4.569
4.479
5.006
4.855
6.796
4.196
5.018
6.266
3.514
5.272
4.553
4.573
7.672
6.231
6.050
4.585
4.787
4.108
-1.000
4.677
4.893
5.704
5.041
6.114
4.652
4.469
6.942
4.997
4.951
6.144
4.874
6.505
6.681
4.016
4.887
5.482
4.683
5.171
5.925
-1.000
3.706
5.722
5.187
6.526
3.580
3.889
5.181
5.736
6.362
5.289
-1.000
-1.000
4.336
5.198
4.074
5.461
5.151
4.701
4.273
4.622
4.615
5.466
4.691
5.714
4.383
4.372
4.352
4.751
7.566
4.890
-1.000
4.694
5.418
4.942
5.165
6.430
4.427
4.552
5.923
7.348
7.706
4.871
3.547
5.634
4.245
4.022
4.534
5.586
-1.000
6.675
5.076
-1.000
5.711
5.389
-1.000
-1.000
4.571
5.762
4.196
4.831
5.285
4.220
4.690
7.104
4.585
4.929
4.715
4.698
5.221
-1.000
4.775
4.299
4.771
3.900
3.704
5.232
4.384
4.895
4.665
4.565
3.967
4.683
4.039
7.170
7.740
5.277
4.911
4.583
5.406
5.059
4.624
5.253
5.248
4.489
5.350
5.070
4.608
-1.000
4.423
4.806
5.005
5.455
4.094
4.695
5.052
4.268
4.919
6.315
4.961
7.434
6.053
6.204
4.880
4.624
5.058
6.171
7.075
3.810
5.050
-1.000
-1.000
5.573
4.541
4.832
4.552
-1.000
4.857
5.335
6.399
4.617
4.392
4.412
5.635
4.436
5.273
4.763
4.104
6.362
4.796
6.114
4.669
4.725
4.304
-1.000
5.200
3.924
5.832
5.469
6.763
5.130
4.394
5.311
3.891
4.531
4.007
4.616
7.295
4.559
-1.000
-1.000
5.641
-1.000
4.430
4.458
4.635
4.887
4.765
4.366
5.625
6.538
4.519
4.743
5.591
6.014
6.371
4.646
6.411
4.464
6.828
4.728
3.980
5.014
4.285
4.145
-1.000
5.057
4.411
5.174
4.417
4.570
4.472
5.860
5.674
4.768
5.274
5.783
5.671
5.074
4.425
3.979
4.633
4.175
5.110
5.280
6.155
4.388
4.871
5.987
5.160
4.254
4.201
4.427
5.574
4.638
4.448
5.029
4.846
5.568
4.971
4.905
5.912
4.476
4.489
7.024
4.855
-1.000
4.907
4.840
-1.000
3.983
6.570
7.290
-1.000
8.016
-1.000
4.605
5.523
5.397
6.109
4.401
4.555
4.558
4.079
4.711
4.270
7.314
4.228
4.575
4.659
3.999
4.868
6.981
5.401
-1.000
4.308
-1.000
-1.000
6.863
4.083
6.055
4.700
4.135
7.226
4.149
5.160
4.031
4.364
4.659
4.951
4.458
-1.000
4.621
6.937
7.242
6.195
4.945
7.932
5.194
5.374
4.723
5.108
4.784
4.296
3.852
4.613
6.367
4.588
3.759
7.177
5.373
5.740
7.000
4.843
5.540
-1.000
6.456
4.910
7.189
4.722
5.887
5.348
4.956
4.230
4.994
4.560
4.117
4.719
4.078
3.847
6.885
4.290
5.450
4.938
4.506
4.577
4.561
3.801
4.538
5.451
4.053
4.587
5.470
7.095
4.353
4.724
4.780
3.408
5.686
4.407
4.068
4.434
3.843
5.073
4.858
-1.000
4.954
4.797
6.546
4.140
4.217
3.995
4.636
4.127
6.812
4.450
4.674
4.042
4.915
-1.000
4.167
4.394
4.179
4.698
4.630
4.866
-1.000
5.927
7.211
4.222
4.117
-1.000
4.749
5.263
5.637
4.448
4.893
4.642
5.084
7.223
4.585
6.109
4.666
6.539
5.109
4.688
4.813
7.089
-1.000
5.645
5.118
7.529
4.379
-1.000
7.458
5.661
-1.000
7.039
5.135
6.121
4.181
-1.000
5.333
5.469
4.356
4.350
6.365
5.951
4.669
4.106
5.021
5.649
4.552
3.893
5.060
4.632
-1.000
6.582
4.654
6.703
3.976
5.501
5.414
7.458
6.017
-1.000
-1.000
4.733
5.256
6.422
4.305
4.828
5.281
5.221
4.340
4.898
5.549
5.527
5.106
6.319
-1.000
6.465
5.511
3.909
5.137
5.587
4.793
6.209
5.574
4.219
5.065
5.730
6.082
5.424
3.717
-1.000
7.129
4.825
4.618
3.918
4.661
4.974
4.057
4.610
4.673
7.178
5.021
4.747
4.865
4.432
4.352
6.409
5.120
6.696
5.041
5.464
4.727
4.465
-1.000
-1.000
5.891
6.164
6.973
4.970
7.906
-1.000
6.883
4.441
5.034
5.983
4.127
4.865
7.659
6.147
-1.000
-1.000
4.558
5.025
5.368
4.035
5.639
6.163
4.211
-1.000
4.771
5.835
4.656
4.933
6.267
4.839
-1.000
-1.000
6.152
5.235
7.424
5.634
6.459
5.062
4.461
5.412
6.608
-1.000
4.754
5.365
-1.000
4.000
5.114
5.897
7.080
4.243
4.537
5.237
3.968
5.595
4.281
5.451
-1.000
4.225
7.579
4.417
4.209
4.952
7.550
-1.000
6.768
5.851
4.414
4.916
6.772
4.705
3.897
4.316
5.343
4.816
5.455
4.580
5.719
5.334
6.043
6.306
4.918
5.282
-1.000
4.202
5.233
5.683
-1.000
4.171
4.173
4.422
7.498
5.359
4.712
4.960
5.078
4.424
7.000
5.347
4.698
5.589
4.585
6.193
4.419
-1.000
4.142
4.462
4.425
4.680
5.260
4.694
4.283
6.926
4.825
5.138
5.548
4.733
6.783
5.131
5.339
4.400
4.567
6.085
5.025
4.027
4.732
5.474
4.792
4.211
6.059
4.124
4.471
4.955
-1.000
4.221
4.683
6.120
6.609
4.733
4.970
4.474
3.556
5.244
5.270
7.501
4.432
4.871
4.694
4.357
5.117
5.336
5.146
4.687
4.636
4.555
4.493
5.072
4.594
5.501
7.150
4.998
5.092
-1.000
5.165
4.597
4.321
4.878
5.611
4.871
4.639
4.131
4.991
6.728
-1.000
7.963
4.709
4.433
4.436
4.986
5.162
5.920
3.950
4.516
5.091
4.326
5.168
-1.000
7.102
6.008
4.566
7.450
4.858
4.259
4.568
4.390
4.355
5.946
6.431
7.183
4.370
3.991
5.695
6.697
4.074
5.181
-1.000
6.006
3.978
-1.000
7.985
7.493
6.203
4.195
-1.000
4.098
4.745
5.513
5.213
5.362
5.047
7.285
5.091
5.194
4.681
4.580
6.020
4.668
4.717
5.007
6.833
-1.000
5.140
6.661
4.551
4.647
5.502
5.138
5.060
4.367
6.101
5.239
4.494
5.829
4.427
5.683
5.374
5.313
7.892
-1.000
5.252
5.836
-1.000
4.439
5.297
4.459
7.283
-1.000
4.593
3.969
4.830
6.016
7.163
4.763
5.307
4.361
-1.000
4.528
4.594
4.857
-1.000
4.760
7.539
4.212
4.520
5.897
7.303
6.869
6.296
4.822
7.095
-1.000
6.192
4.806
5.460
4.211
5.232
-1.000
6.465
4.985
4.396
5.623
5.702
5.228
4.751
8.028
6.630
4.934
5.894
6.791
4.875
4.409
5.329
5.666
4.822
-1.000
5.006
5.168
6.182
6.575
5.280
5.194
5.993
5.694
4.595
4.318
7.292
-1.000
5.377
4.970
6.418
4.890
4.642
5.036
6.579
4.692
5.203
4.956
4.872
5.482
4.851
5.572
5.094
5.094
7.621
-1.000
4.419
5.528
4.813
7.979
5.346
-1.000
5.332
4.471
4.730
4.646
4.170
5.470
4.065
4.785
5.248
4.138
4.169
4.452
7.415
4.159
6.514
5.975
4.920
5.750
-1.000
5.156
5.495
4.545
4.784
8.005
6.663
5.132
4.824
4.289
4.569
4.172
4.408
5.652
4.942
5.967
4.786
6.156
5.049
4.736
4.901
4.424
5.631
4.872
5.315
3.939
6.939
4.313
5.255
3.971
4.667
4.684
4.581
5.194
5.054
4.570
5.082
4.386
-1.000
6.495
-1.000
-1.000
3.760
3.897
4.829
5.461
4.245
5.816
5.338
4.765
5.772
5.920
-1.000
4.575
4.302
5.616
5.978
5.769
-1.000
5.896
4.445
4.659
5.351
3.893
7.883
4.581
6.022
-1.000
5.239
5.480
5.451
-1.000
7.073
4.869
5.928
5.136
5.086
-1.000
-1.000
7.522
4.459
7.422
-1.000
-1.000
-1.000
4.974
6.711
4.838
6.213
-1.000
4.934
-1.000
4.859
4.816
6.987
5.136
7.764
5.150
4.330
5.393
4.768
4.395
5.964
4.373
-1.000
7.020
4.301
4.357
5.356
4.824
4.050
5.979
5.515
5.057
6.769
4.733
6.261
4.826
5.281
4.434
6.556
4.997
4.557
5.478
4.491
4.850
5.192
-1.000
4.906
5.243
6.750
5.092
4.187
4.998
5.059
6.588
4.316
5.346
-1.000
4.304
5.460
7.637
4.464
7.021
5.098
4.643
3.693
6.702
5.428
4.595
4.127
4.417
4.026
4.968
6.100
4.622
4.304
4.867
4.627
-1.000
4.748
-1.000
6.209
-1.000
4.656
3.934
7.146
5.014
4.152
5.964
5.722
5.236
5.889
4.819
3.941
-1.000
5.241
7.721
4.727
5.670
4.778
4.806
4.655
4.594
4.748
5.646
4.571
5.408
4.876
4.850
5.345
4.042
7.843
4.854
4.664
4.766
4.691
4.443
5.272
-1.000
6.787
4.536
4.651
4.840
4.891
3.987
-1.000
6.184
4.862
4.072
5.010
3.914
7.075
6.141
4.472
6.864
4.153
-1.000
4.380
6.759
4.313
6.406
5.354
4.880
4.776
4.834
5.477
6.409
4.414
5.667
4.644
5.460
6.968
7.008
4.449
5.265
7.828
5.996
4.754
-1.000
6.135
5.758
7.293
5.335
4.592
-1.000
4.294
4.186
-1.000
5.518
4.092
-1.000
5.267
4.914
5.177
7.006
4.978
4.075
3.988
4.866
6.613
7.911
5.466
-1.000
4.118
5.174
3.898
4.939
4.031
5.844
4.979
3.986
6.200
4.400
-1.000
4.822
4.927
5.259
5.910
5.118
4.412
6.827
4.603
4.608
5.486
4.499
4.246
6.709
4.501
4.782
7.255
6.904
4.800
4.116
8.027
7.685
4.624
4.636
4.348
4.686
4.424
4.586
5.377
-1.000
6.714
7.550
4.548
-1.000
4.678
6.248
4.572
6.149
-1.000
5.108
4.625
4.427
5.081
-1.000
5.091
4.599
4.581
4.170
4.646
-1.000
6.455
4.481
5.522
4.892
4.306
4.196
4.846
4.185
4.682
4.620
6.910
4.473
4.772
-1.000
4.410
5.361
4.471
4.349
4.496
5.161
5.724
-1.000
6.711
4.738
6.725
5.522
4.332
4.675
4.474
4.318
4.693
5.653
6.379
4.223
4.784
6.269
7.431
7.072
4.661
-1.000
7.604
4.971
5.486
4.172
3.676
4.935
3.882
4.958
5.150
4.281
4.584
5.827
4.261
6.992
5.175
5.161
-1.000
7.834
4.454
4.543
6.211
6.038
5.285
5.469
6.646
5.370
4.177
5.086
4.479
6.230
7.048
4.798
4.850
5.156
5.210
7.058
4.639
4.532
5.123
7.035
7.048
5.714
6.089
4.402
4.617
5.306
6.363
4.247
4.437
4.364
4.600
4.373
4.046
6.769
6.399
6.115
4.985
5.147
4.288
4.841
4.689
4.914
4.943
5.254
4.319
4.408
6.635
6.178
4.435
5.452
4.063
4.092
-1.000
4.624
5.634
4.510
-1.000
4.914
5.341
5.457
4.447
6.420
5.482
4.085
6.926
4.007
4.183
4.661
3.944
5.307
4.567
4.121
4.411
4.103
-1.000
-1.000
4.632
5.918
6.792
4.682
5.825
5.054
5.531
5.151
4.510
3.929
5.426
4.740
4.435
5.635
4.582
-1.000
6.392
4.631
4.714
4.613
-1.000
4.058
6.115
4.877
5.618
3.896
4.229
-1.000
5.576
6.455
4.523
5.118
5.004
4.837
4.941
5.148
4.416
4.817
4.556
4.706
5.658
4.372
-1.000
5.707
4.230
4.624
4.678
5.388
5.642
4.234
4.291
4.706
6.924
4.117
4.688
7.995
4.077
4.831
6.209
7.282
5.570
5.670
4.727
6.473
5.140
4.555
5.032
6.592
4.434
6.250
4.857
5.705
5.640
5.268
4.581
3.868
5.043
-1.000
7.444
6.796
5.327
5.180
4.781
3.895
4.856
4.236
-1.000
5.469
4.010
-1.000
4.154
4.132
4.509
6.635
-1.000
4.793
6.459
5.085
4.850
4.328
4.702
5.238
-1.000
4.482
4.707
5.149
6.247
4.997
-1.000
5.381
-1.000
3.729
5.015
5.114
5.150
4.836
7.813
6.788
5.852
4.670
4.758
3.936
4.899
5.062
6.553
4.660
6.502
3.900
4.735
4.036
4.346
5.200
7.953
7.629
5.029
-1.000
5.236
4.510
4.305
5.585
4.739
5.190
6.107
5.892
5.269
4.223
4.365
4.652
4.328
4.621
4.259
5.499
4.181
5.276
5.046
4.473
5.028
4.797
4.970
4.849
-1.000
4.652
-1.000
5.743
4.521
5.106
4.225
7.452
5.170
7.152
6.023
4.834
6.815
4.366
6.222
4.310
4.461
4.777
-1.000
4.802
4.600
6.606
4.188
6.073
3.928
7.632
4.585
4.338
4.124
-1.000
4.820
6.360
4.426
5.970
5.095
5.387
5.302
6.726
-1.000
7.295
5.911
4.890
4.778
4.074
4.204
4.599
4.610
5.123
7.131
6.551
4.799
5.040
4.112
-1.000
4.332
4.347
6.716
6.819
-1.000
4.566
4.453
-1.000
4.480
5.473
5.358
5.642
5.741
-1.000
5.614
5.260
5.582
4.134
4.931
4.618
5.452
4.333
4.902
4.846
4.570
7.493
4.789
4.689
6.160
4.585
5.293
5.169
6.293
4.622
4.474
7.140
5.401
4.757
4.415
4.556
6.776
7.051
5.039
4.169
5.109
7.047
7.414
4.899
4.320
4.759
7.647
3.884
4.420
6.186
4.040
4.882
7.511
7.890
5.955
6.633
3.814
7.530
3.905
7.871
7.645
5.145
4.616
4.833
4.604
-1.000
-1.000
-1.000
4.781
3.939
3.995
4.942
4.888
6.682
4.979
6.244
6.203
4.875
-1.000
5.631
3.934
4.756
7.556
5.375
4.887
4.996
5.654
5.066
4.437
5.093
-1.000
5.778
4.840
4.377
5.439
4.642
4.042
5.010
4.077
5.214
4.563
5.687
6.516
7.176
6.639
5.212
4.915
4.944
3.910
4.727
4.941
7.049
7.952
5.761
-1.000
-1.000
4.323
4.604
6.257
6.066
4.432
6.139
4.334
4.194
7.214
4.787
4.709
4.964
5.290
-1.000
-1.000
4.702
5.551
4.501
5.282
5.533
5.076
4.882
5.077
4.763
5.649
5.865
5.208
6.388
4.747
6.016
4.719
4.523
8.061
-1.000
4.529
4.849
-1.000
5.233
4.737
6.335
4.973
4.754
4.682
5.707
6.457
6.351
5.386
4.334
-1.000
4.322
4.106
4.440
4.940
4.617
4.204
4.682
4.717
4.565
6.873
7.122
5.516
7.980
5.139
7.027
5.353
4.620
4.731
4.878
4.049
5.364
4.124
4.780
7.176
5.303
5.583
5.918
5.034
5.693
4.238
7.449
5.367
4.212
4.474
6.781
4.387
4.460
4.216
7.767
5.051
5.080
7.115
5.306
5.532
4.809
4.850
5.259
6.245
4.328
4.476
4.976
-1.000
-1.000
5.432
5.444
4.782
5.363
-1.000
4.605
4.400
6.669
4.963
5.816
4.473
4.691
4.554
6.615
5.891
3.971
7.360
5.431
6.943
4.461
4.058
-1.000
4.536
5.069
6.618
4.474
6.099
5.036
7.404
4.680
5.479
4.410
4.761
7.002
4.152
5.442
6.815
4.110
5.051
5.687
4.592
5.627
3.872
3.903
7.855
4.248
6.214
4.478
6.127
4.219
5.207
6.626
-1.000
6.469
5.167
-1.000
6.258
-1.000
4.452
4.978
3.898
4.274
6.079
5.123
-1.000
5.151
5.140
5.701
4.791
5.355
6.041
-1.000
4.599
-1.000
-1.000
4.390
5.454
4.747
4.943
4.839
-1.000
5.361
4.128
5.307
4.566
7.701
-1.000
4.504
5.033
6.564
4.847
5.903
4.450
5.204
4.657
4.540
4.594
4.418
4.826
5.778
5.563
4.643
5.049
4.507
4.522
4.589
-1.000
4.985
6.101
-1.000
5.861
4.838
4.092
6.503
4.387
4.707
4.628
4.956
5.774
4.749
5.900
5.379
4.659
5.125
4.840
6.422
6.108
7.239
-1.000
4.705
5.636
-1.000
7.546
4.590
6.883
5.620
-1.000
-1.000
-1.000
5.040
4.564
4.356
4.765
5.715
5.569
-1.000
4.576
4.266
6.357
5.426
5.488
5.282
5.166
5.789
4.482
3.772
4.708
7.288
6.987
6.502
-1.000
5.564
4.167
5.160
4.522
6.887
5.736
4.793
5.779
4.787
4.923
4.776
7.939
5.695
4.705
4.442
-1.000
4.575
4.292
5.824
-1.000
-1.000
4.586
5.404
7.694
4.145
5.497
6.866
5.071
5.980
4.055
4.800
6.705
4.551
5.753
4.719
4.870
5.235
-1.000
5.550
5.038
4.694
5.027
5.219
-1.000
6.329
4.661
6.170
4.696
-1.000
6.275
6.090
5.259
5.196
5.500
4.494
4.137
4.802
-1.000
5.901
5.235
5.019
5.129
5.085
5.135
6.375
5.805
-1.000
4.549
5.489
4.505
-1.000
4.804
-1.000
5.354
4.782
4.783
5.511
4.681
7.138
6.797
5.428
6.156
4.396
6.042
4.766
5.348
4.734
4.709
5.110
6.966
5.671
-1.000
5.316
5.694
6.340
5.731
7.238
5.087
-1.000
-1.000
-1.000
4.075
5.701
-1.000
7.549
4.632
4.629
4.691
6.940
4.668
4.874
6.237
-1.000
6.203
4.667
5.094
4.836
6.261
5.407
5.855
-1.000
4.986
6.820
4.796
4.685
-1.000
6.938
6.068
4.976
6.140
4.779
5.021
5.609
4.790
-1.000
-1.000
5.073
4.329
4.647
5.121
6.054
6.656
6.529
7.371
-1.000
6.049
4.278
4.134
6.658
-1.000
4.309
7.213
4.849
4.485
5.333
4.787
5.639
4.699
6.701
-1.000
4.825
5.204
5.546
3.959
4.572
-1.000
5.169
4.934
5.200
4.784
5.653
4.531
5.845
5.186
4.020
7.493
5.259
6.559
5.185
5.391
5.087
4.727
4.122
4.621
-1.000
4.504
4.693
6.518
4.218
-1.000
6.876
5.727
5.188
6.513
5.728
7.146
4.555
4.569
4.817
4.168
7.157
4.273
4.684
4.780
4.407
4.670
4.545
7.385
-1.000
6.615
4.270
5.412
6.299
4.972
6.559
-1.000
5.845
6.091
5.057
4.753
4.545
-1.000
4.742
4.594
4.387
4.886
7.304
4.889
5.305
4.081
4.511
-1.000
4.327
5.061
4.625
4.429
4.261
5.122
4.841
6.059
6.102
4.638
4.123
5.720
-1.000
7.363
4.527
-1.000
7.350
4.529
5.275
4.694
4.288
4.810
7.736
6.332
4.951
5.105
5.535
5.939
-1.000
4.668
7.705
5.278
7.582
4.493
3.899
4.798
5.229
6.786
4.812
6.948
4.565
4.983
5.084
4.595
5.299
6.130
5.229
4.509
5.787
6.778
5.043
-1.000
5.100
4.681
4.749
4.586
-1.000
6.875
4.734
4.777
-1.000
4.794
7.657
4.475
6.901
-1.000
4.857
5.468
4.150
6.602
4.390
4.615
5.523
5.759
4.459
5.630
4.681
4.767
5.060
5.490
4.886
7.592
4.401
4.495
4.990
-1.000
-1.000
7.948
5.753
4.705
4.767
6.626
5.876
-1.000
4.790
4.733
5.005
5.900
6.739
4.532
5.481
4.743
4.751
5.540
4.585
5.254
4.655
4.716
6.429
4.523
6.078
5.999
7.360
7.175
4.467
5.816
4.729
4.525
5.549
5.353
4.892
4.563
6.334
6.638
4.610
4.608
5.108
4.850
5.897
5.152
4.759
4.767
5.637
7.805
5.302
5.355
-1.000
-1.000
7.088
4.741
4.735
5.158
4.445
4.462
6.544
5.833
6.657
-1.000
5.093
4.371
5.121
6.540
5.055
-1.000
5.276
4.875
4.965
4.837
6.578
5.444
4.615
5.888
7.323
-1.000
-1.000
5.538
5.023
5.289
5.109
4.768
7.233
6.712
-1.000
6.486
5.917
4.788
5.015
6.326
-1.000
-1.000
-1.000
6.564
5.199
4.942
4.698
5.731
4.128
4.727
5.771
5.777
6.980
4.501
-1.000
4.916
7.526
5.854
7.359
4.786
-1.000
5.732
4.679
6.494
4.517
4.910
4.188
4.489
4.592
4.963
4.425
5.070
-1.000
6.270
5.107
4.496
7.091
7.277
4.617
6.554
5.140
4.168
6.502
6.034
5.069
-1.000
4.427
5.362
4.690
5.047
4.561
4.335
5.632
-1.000
-1.000
7.626
5.466
4.282
6.142
5.272
4.952
5.272
5.947
4.554
6.587
-1.000
7.925
6.306
5.736
5.686
4.642
5.071
4.381
4.806
6.043
7.077
7.274
-1.000
4.354
7.856
5.952
4.687
4.268
4.633
4.609
4.538
4.483
4.160
-1.000
5.038
5.092
5.141
4.830
4.828
5.643
4.932
6.423
4.524
4.318
4.977
-1.000
4.527
5.465
7.523
5.404
5.884
5.190
6.682
4.278
5.321
4.724
5.225
5.879
4.557
-1.000
4.916
4.308
4.488
6.865
-1.000
7.818
4.275
4.366
5.631
4.340
5.242
4.159
4.107
-1.000
5.397
4.775
4.591
5.265
5.158
4.619
-1.000
4.699
7.437
4.490
4.749
4.640
5.931
4.729
5.851
4.880
-1.000
6.149
4.724
6.242
6.462
5.740
4.319
4.539
6.572
5.415
-1.000
4.931
7.352
5.251
5.696
4.357
5.187
4.782
4.602
6.284
5.623
4.393
6.395
-1.000
6.280
6.458
5.118
-1.000
7.417
4.595
4.407
5.168
4.836
4.406
4.902
5.406
6.294
-1.000
5.200
4.844
4.484
6.286
5.535
4.382
4.821
-1.000
5.213
4.541
6.938
4.544
5.179
7.701
7.833
-1.000
4.361
4.962
4.995
6.085
5.120
6.714
5.754
5.198
-1.000
4.739
4.701
4.368
-1.000
-1.000
4.767
4.759
-1.000
-1.000
5.728
4.784
5.210
4.705
7.008
4.481
6.056
4.401
4.630
6.092
4.906
5.038
4.553
4.031
5.122
4.258
4.658
5.279
5.360
6.809
4.539
4.642
7.654
5.383
5.527
4.810
-1.000
5.112
5.880
7.434
5.053
7.313
4.759
8.011
5.186
7.024
4.401
-1.000
-1.000
4.579
6.169
4.342
4.942
6.039
-1.000
4.114
4.757
4.431
5.518
4.704
4.753
3.752
4.774
5.347
4.813
5.291
-1.000
5.108
5.827
5.028
4.591
5.424
4.400
4.305
4.772
5.134
4.579
6.222
4.507
4.246
6.233
4.825
7.346
4.746
7.889
5.978
7.529
-1.000
5.237
4.744
4.249
4.630
4.564
7.936
4.746
4.124
-1.000
4.584
5.467
-1.000
5.041
4.379
4.826
5.981
6.237
5.327
4.732
4.985
4.949
6.073
6.783
5.559
7.051
4.828
7.621
5.456
4.811
6.505
5.596
-1.000
4.678
6.755
7.762
6.007
4.805
5.218
6.184
4.907
7.564
4.746
6.357
-1.000
5.427
5.569
5.670
5.045
5.743
4.780
6.028
4.867
4.832
-1.000
5.468
7.131
5.444
5.764
4.959
7.438
5.374
5.970
4.807
6.567
4.652
6.740
-1.000
7.480
5.280
4.440
-1.000
6.167
4.351
4.961
6.247
5.701
6.371
5.668
-1.000
-1.000
4.968
5.294
5.536
5.143
5.110
7.326
-1.000
5.480
-1.000
7.308
5.942
4.683
7.233
4.428
4.344
6.074
4.550
4.685
6.099
4.915
4.564
5.180
5.045
4.676
4.557
7.133
-1.000
7.754
6.235
5.357
6.578
7.431
6.045
5.272
5.345
4.780
5.609
5.688
5.658
4.324
5.737
7.576
4.805
6.385
7.063
4.807
4.601
5.221
5.429
4.521
7.339
5.408
5.858
4.953
5.318
5.868
-1.000
4.078
6.062
-1.000
5.391
5.565
5.282
5.214
6.088
5.572
4.987
4.823
4.834
4.997
5.024
5.014
-1.000
6.074
4.420
-1.000
5.046
6.191
5.560
5.100
-1.000
5.223
6.757
6.486
4.781
4.861
6.393
5.306
5.117
4.577
7.785
5.125
4.776
5.285
6.177
4.407
4.653
6.758
5.544
4.248
4.653
5.281
5.553
4.610
6.485
4.867
4.296
-1.000
4.825
7.219
4.427
-1.000
4.903
5.138
-1.000
6.211
-1.000
5.032
6.072
4.739
7.664
6.882
6.250
5.656
4.784
5.267
6.563
4.887
6.186
4.728
4.524
7.203
5.423
4.658
5.486
5.563
4.725
6.135
4.709
5.805
4.861
5.218
4.880
5.206
4.895
5.661
4.752
5.529
4.684
7.687
6.361
4.517
5.070
4.512
6.177
4.413
-1.000
5.794
4.509
6.555
4.903
4.603
6.620
4.709
4.648
4.995
6.435
4.904
5.824
4.691
6.837
7.384
5.045
5.000
7.899
5.302
4.931
5.519
5.565
7.019
6.661
4.730
7.148
4.998
7.662
4.785
5.143
5.119
6.462
6.468
4.858
4.786
-1.000
4.460
4.365
4.229
5.131
4.913
6.533
4.423
4.799
6.329
4.981
-1.000
5.212
7.310
5.170
5.462
4.439
-1.000
6.398
4.372
6.467
-1.000
-1.000
5.398
4.282
4.627
4.349
4.606
6.813
5.053
4.348
4.871
7.838
5.535
5.913
4.691
6.054
5.762
4.980
4.815
4.745
-1.000
4.866
5.294
7.945
5.333
5.401
5.355
4.656
6.535
4.765
4.979
6.096
4.788
7.760
5.056
4.964
4.708
-1.000
8.067
6.637
6.009
4.399
5.231
5.178
5.116
-1.000
7.515
4.732
5.678
5.155
4.518
4.494
6.484
5.217
7.057
7.005
5.213
4.857
5.487
-1.000
6.075
5.060
6.824
5.148
4.880
-1.000
5.641
5.927
4.787
4.325
5.172
4.797
4.627
5.420
5.651
6.380
7.607
5.015
-1.000
5.246
7.372
6.072
4.621
4.959
5.257
4.253
4.403
5.296
5.543
4.536
-1.000
5.751
5.320
5.209
5.866
4.545
6.107
4.895
-1.000
5.988
5.409
5.412
4.665
5.607
-1.000
5.455
4.382
6.989
5.071
6.860
7.695
8.019
5.592
7.431
5.852
5.688
4.631
4.920
6.517
4.887
4.854
6.259
4.781
6.238
6.921
4.953
5.026
5.193
6.310
4.975
4.825
5.227
4.765
5.246
6.472
5.872
4.889
4.997
4.824
7.886
4.993
4.209
4.808
-1.000
6.800
4.766
4.351
5.165
-1.000
4.642
-1.000
6.803
4.848
5.542
6.493
4.608
5.368
7.774
5.488
4.617
5.801
5.160
4.772
6.126
4.973
5.325
4.933
4.658
4.897
6.036
4.635
5.166
4.248
6.842
5.595
4.702
6.081
7.291
6.188
5.159
5.064
4.611
5.338
4.423
5.327
-1.000
5.636
-1.000
6.707
7.722
3.983
4.633
-1.000
4.762
4.827
5.674
6.351
6.022
4.773
6.797
-1.000
7.322
4.503
4.931
7.127
-1.000
5.070
6.331
5.676
-1.000
4.851
7.088
5.831
4.955
5.782
-1.000
4.680
7.624
5.750
5.267
7.241
5.564
5.535
5.669
6.560
5.470
-1.000
5.319
-1.000
4.680
-1.000
7.282
6.654
-1.000
5.145
6.250
5.749
5.931
5.318
4.917
5.220
4.739
4.579
4.444
5.046
6.052
6.030
4.792
5.551
7.772
6.127
7.678
5.577
-1.000
4.093
6.131
5.598
4.219
4.954
5.341
-1.000
5.316
4.821
5.743
5.621
5.395
4.987
4.657
4.758
6.558
-1.000
5.537
7.009
6.672
5.929
4.724
5.325
6.160
6.922
-1.000
4.946
6.986
5.053
-1.000
4.491
-1.000
4.737
5.049
6.309
5.719
5.851
5.211
5.740
5.875
4.888
5.398
4.991
5.892
-1.000
4.768
4.596
5.230
5.345
7.169
7.419
4.862
5.863
5.473
4.981
7.048
6.642
6.985
5.493
6.510
5.896
4.564
5.025
6.730
-1.000
4.746
4.990
5.202
5.162
4.512
5.065
4.589
4.966
4.845
6.303
5.878
5.775
5.636
4.557
5.780
4.821
-1.000
5.153
5.119
7.882
5.037
4.428
5.092
6.661
4.829
4.946
-1.000
6.674
5.529
6.481
5.412
5.376
5.175
7.216
6.476
4.908
-1.000
4.569
7.557
4.839
5.660
7.029
4.634
6.864
5.561
5.563
5.625
5.200
4.479
4.083
6.134
5.818
4.392
5.281
6.706
4.867
5.026
-1.000
-1.000
6.809
5.049
5.550
5.664
5.489
7.820
7.441
6.232
6.262
7.264
4.751
4.642
4.924
5.824
4.739
4.764
6.919
4.801
4.665
-1.000
-1.000
4.637
4.326
4.776
4.713
5.337
4.940
6.185
7.717
-1.000
4.895
4.199
4.476
6.668
8.013
4.662
6.491
5.674
-1.000
-1.000
6.375
5.660
-1.000
5.770
-1.000
-1.000
5.732
5.017
6.331
5.476
5.415
6.272
7.009
-1.000
5.458
5.416
5.540
5.427
5.718
6.023
6.261
5.173
5.411
5.026
5.219
6.119
6.172
7.862
6.012
5.784
-1.000
5.781
5.531
5.910
6.380
5.449
5.381
-1.000
7.663
5.336
5.584
5.387
5.816
5.359
4.991
7.347
7.734
5.668
5.255
6.189
8.038
-1.000
-1.000
5.528
5.644
6.539
5.975
6.525
5.591
6.519
6.462
6.928
7.116
5.629
5.467
5.635
6.493
5.682
5.914
4.957
6.411
5.273
5.555
6.379
7.244
6.117
6.220
5.230
6.334
7.539
7.685
5.518
5.232
-1.000
5.365
6.457
4.977
6.882
5.219
5.329
5.377
-1.000
5.669
5.145
5.311
-1.000
6.342
5.827
6.481
5.998
-1.000
5.230
5.438
6.496
6.619
7.044
5.390
7.181
5.471
5.978
5.248
6.718
5.459
5.632
5.417
6.471
5.943
6.006
6.612
6.210
5.978
5.226
5.821
5.402
7.376
7.529
5.827
5.398
-1.000
5.355
5.557
5.222
7.592
5.313
-1.000
5.548
5.747
5.280
5.771
5.388
-1.000
5.479
7.481
5.359
5.666
5.788
6.482
5.704
7.821
6.238
7.461
5.425
5.100
5.498
5.919
5.726
5.572
5.021
5.426
7.140
5.045
6.548
5.194
5.761
7.737
5.893
5.685
7.580
6.770
6.053
5.774
6.059
5.841
5.167
-1.000
6.184
-1.000
5.966
5.775
5.085
5.023
5.200
5.343
6.468
4.898
5.701
-1.000
7.474
-1.000
5.359
5.018
6.114
5.966
5.593
6.054
5.299
5.595
-1.000
6.659
5.791
4.813
7.501
6.063
-1.000
5.822
7.458
5.518
5.423
6.473
5.476
5.427
5.002
6.020
5.715
6.189
7.257
5.704
7.221
7.011
6.293
5.062
7.227
5.230
6.674
5.117
5.075
5.593
5.431
5.603
5.463
5.119
7.493
7.477
-1.000
5.294
5.291
6.117
6.541
7.406
7.296
5.717
7.230
5.312
7.128
5.129
5.189
4.849
-1.000
7.850
5.708
5.946
6.422
5.646
6.072
6.253
8.071
5.338
-1.000
5.364
-1.000
6.082
6.749
5.116
6.314
6.826
6.584
5.787
5.110
5.713
5.079
4.990
5.557
-1.000
6.296
5.027
-1.000
6.017
5.236
5.469
6.779
6.495
7.161
5.802
5.532
5.206
7.316
5.967
6.274
5.151
5.664
5.284
5.182
7.297
7.526
5.469
-1.000
5.721
5.347
5.647
5.173
7.001
5.903
5.352
6.612
-1.000
5.336
5.278
-1.000
6.559
6.293
5.806
6.688
6.189
6.917
5.591
5.799
5.295
6.647
5.108
6.729
6.111
5.020
5.657
4.930
6.141
5.435
5.995
7.573
5.541
5.324
5.085
5.849
-1.000
-1.000
5.732
6.060
5.468
7.442
5.522
5.124
5.373
6.074
7.435
5.205
5.275
5.473
5.289
5.175
6.083
6.066
6.583
-1.000
5.103
7.082
7.837
-1.000
7.086
7.476
6.157
6.270
5.257
5.251
-1.000
6.326
5.379
-1.000
6.783
5.311
5.780
6.107
6.450
7.778
7.280
6.435
5.539
7.185
5.318
5.921
6.217
6.536
5.393
-1.000
7.340
5.354
5.235
5.494
6.539
7.049
5.623
6.303
5.368
7.606
5.659
6.733
5.282
5.581
5.695
5.136
6.452
7.400
7.251
4.846
4.817
6.225
5.731
-1.000
6.248
4.728
7.064
6.236
5.288
5.522
5.437
5.035
5.871
5.523
5.249
5.586
5.188
5.855
5.414
4.888
-1.000
5.144
5.409
5.597
5.698
4.932
5.169
7.058
5.138
5.228
5.509
5.358
5.045
-1.000
7.400
4.777
6.579
6.829
4.877
5.424
6.225
5.080
6.748
4.975
5.364
5.789
7.749
5.754
5.929
-1.000
6.376
6.269
6.212
5.975
5.331
5.483
6.302
7.724
5.307
6.025
6.205
5.198
5.912
5.200
7.686
7.383
6.256
-1.000
5.902
-1.000
5.697
-1.000
5.859
5.513
4.990
6.034
5.643
5.250
7.002
-1.000
5.717
5.012
5.808
-1.000
6.723
5.591
6.817
-1.000
-1.000
5.983
6.198
6.650
6.272
-1.000
5.421
6.834
6.086
-1.000
5.279
6.502
-1.000
5.903
5.672
6.769
-1.000
-1.000
7.928
6.957
-1.000
6.736
6.185
-1.000
5.810
7.354
5.208
7.413
6.000
5.032
5.140
5.952
6.551
5.476
-1.000
5.653
5.043
6.495
6.668
-1.000
6.667
6.639
6.123
7.467
7.061
-1.000
6.323
5.411
7.709
5.892
6.857
5.707
5.894
7.556
7.577
5.694
5.221
5.970
6.519
5.528
-1.000
7.031
5.300
6.753
5.708
6.175
6.067
6.084
6.603
5.931
6.599
5.948
6.539
6.436
5.633
5.439
5.590
5.139
5.176
-1.000
6.469
5.811
4.915
5.973
6.646
-1.000
7.844
5.336
7.012
5.510
5.255
6.746
5.425
5.640
6.313
7.000
6.750
5.313
6.201
6.372
6.716
6.373
-1.000
5.967
5.800
5.538
5.829
5.720
5.658
5.860
7.088
5.023
6.748
5.345
7.111
6.165
6.019
6.494
5.798
7.016
6.224
6.377
7.497
6.325
6.306
5.584
6.810
5.865
6.039
6.267
6.555
7.449
8.041
5.427
5.545
-1.000
6.205
5.432
-1.000
-1.000
-1.000
7.389
6.028
7.073
7.399
6.174
6.811
6.235
6.820
5.561
5.281
7.200
5.631
5.250
5.815
5.765
5.443
-1.000
6.966
5.461
6.138
6.822
7.509
5.225
5.379
5.448
5.607
6.987
5.392
6.514
5.699
5.203
5.903
5.819
6.348
-1.000
4.958
6.143
5.224
6.502
6.422
5.127
7.545
-1.000
6.840
6.228
6.820
5.925
6.437
-1.000
5.901
5.955
6.129
5.604
6.227
7.266
5.604
5.371
5.753
5.879
5.686
5.889
5.667
5.743
6.064
7.399
5.203
5.561
5.143
6.114
7.166
6.371
-1.000
7.945
5.582
7.178
5.625
5.639
6.541
6.617
5.523
6.480
5.507
6.640
6.459
7.455
5.380
-1.000
4.980
5.404
6.330
5.184
5.791
-1.000
5.221
-1.000
-1.000
5.627
5.689
5.522
6.183
6.859
7.347
5.636
7.763
7.869
5.754
6.124
5.083
5.243
5.686
-1.000
6.617
6.303
7.495
-1.000
6.592
7.050
-1.000
-1.000
6.504
5.763
7.005
5.440
6.891
-1.000
6.384
6.321
7.502
6.594
7.385
4.969
5.217
6.355
5.590
6.035
5.407
5.615
5.832
6.440
5.971
5.714
6.020
5.551
7.670
7.382
5.358
5.761
5.570
-1.000
6.806
6.659
5.830
7.158
6.550
5.515
5.458
5.260
5.741
5.911
5.705
5.524
6.560
6.025
6.384
7.772
6.759
5.492
7.710
-1.000
6.174
5.563
5.312
5.884
5.377
5.460
6.317
5.434
5.432
5.849
6.296
7.000
5.182
5.419
-1.000
6.691
6.079
7.098
6.341
8.045
-1.000
6.162
-1.000
6.513
4.936
6.325
7.248
7.039
6.422
4.903
7.072
-1.000
7.101
5.863
5.597
6.433
5.790
-1.000
6.378
6.954
6.012
5.402
7.683
-1.000
6.337
5.318
6.108
6.823
7.420
6.147
6.102
6.706
7.012
7.004
5.538
-1.000
7.109
-1.000
-1.000
5.660
5.353
-1.000
5.370
-1.000
7.677
5.857
7.709
6.417
8.000
-1.000
7.143
5.431
6.989
6.063
5.615
7.053
-1.000
6.323
6.424
7.165
5.638
-1.000
7.161
6.983
5.014
5.578
6.911
-1.000
5.800
-1.000
-1.000
-1.000
5.652
6.205
6.629
-1.000
5.964
5.575
7.482
7.136
5.084
6.711
6.142
5.767
7.527
7.131
-1.000
6.279
5.261
-1.000
7.129
6.358
7.860
6.416
-1.000
-1.000
6.329
7.451
6.130
6.860
-1.000
7.018
5.641
5.574
-1.000
7.345
6.559
7.280
-1.000
6.418
5.755
6.019
6.537
6.227
7.197
5.125
6.260
6.904
-1.000
-1.000
6.147
-1.000
5.473
5.989
6.639
6.444
6.691
6.547
6.569
-1.000
6.320
-1.000
5.602
6.520
-1.000
6.387
6.009
6.941
-1.000
5.861
6.533
5.522
-1.000
6.301
6.893
7.418
5.506
-1.000
5.694
-1.000
6.999
7.206
7.107
6.510
-1.000
5.409
6.891
5.343
7.166
5.355
5.772
-1.000
5.724
6.110
6.026
6.064
6.877
7.212
-1.000
7.217
6.546
6.430
-1.000
5.561
6.645
6.583
6.949
5.634
6.953
6.922
6.772
7.303
5.806
5.903
6.523
-1.000
6.146
-1.000
-1.000
-1.000
7.759
6.579
6.026
5.530
5.526
-1.000
5.976
6.034
-1.000
5.986
7.749
6.505
5.968
6.369
6.585
5.870
7.172
7.527
7.439
5.547
6.817
6.173
5.928
7.441
5.912
7.461
5.627
6.777
7.017
6.415
6.530
-1.000
6.331
7.809
-1.000
5.421
6.836
6.972
6.073
6.342
-1.000
5.503
6.621
5.915
6.768
-1.000
5.173
-1.000
7.054
6.576
6.813
7.380
6.415
7.900
-1.000
-1.000
6.920
6.572
6.977
7.125
-1.000
-1.000
6.263
6.454
7.281
-1.000
5.911
7.075
6.618
6.522
5.805
6.187
5.955
6.579
-1.000
6.352
7.916
6.142
-1.000
5.867
6.289
7.781
6.040
6.548
5.855
6.077
-1.000
7.373
6.884
6.067
6.013
7.451
7.484
5.513
6.595
-1.000
5.906
6.665
6.818
5.774
6.710
6.232
6.621
6.217
6.374
6.892
5.854
-1.000
7.990
6.730
6.109
6.118
6.077
7.109
6.111
7.691
6.327
7.024
-1.000
7.107
6.117
-1.000
6.240
7.623
6.640
7.113
6.426
6.057
6.286
7.834
6.056
-1.000
6.402
6.588
7.737
5.838
6.116
6.520
6.906
6.711
5.858
6.641
-1.000
6.252
7.581
6.943
6.409
6.681
6.551
8.036
6.020
6.533
5.989
6.453
6.433
6.537
6.191
6.068
-1.000
7.055
6.370
7.910
-1.000
7.920
6.394
-1.000
5.988
5.875
6.932
5.948
5.730
6.534
6.822
6.202
6.281
6.469
6.017
5.853
5.830
6.748
-1.000
7.076
6.599
6.160
6.506
-1.000
6.127
5.595
7.101
6.155
-1.000
5.954
6.637
-1.000
5.966
6.299
6.295
6.517
5.422
6.723
6.298
6.188
6.102
5.625
6.200
6.181
7.581
6.379
7.161
7.177
7.628
7.023
5.770
5.992
6.427
6.093
7.126
5.492
6.881
7.323
6.495
7.118
5.846
6.946
-1.000
6.894
-1.000
6.449
7.037
6.004
7.623
7.390
6.097
-1.000
6.454
6.410
5.970
6.111
6.934
6.465
5.946
5.819
6.374
-1.000
-1.000
6.078
6.447
6.599
6.707
7.355
5.919
5.803
7.924
-1.000
7.489
7.432
5.811
-1.000
5.797
6.532
6.584
5.845
6.355
-1.000
6.808
6.800
6.021
5.958
5.751
6.475
-1.000
6.470
6.636
6.805
6.599
6.965
-1.000
6.305
7.329
5.709
6.270
7.199
6.319
6.501
5.840
5.550
6.201
6.290
-1.000
6.106
6.517
6.017
5.698
7.997
7.127
6.331
6.160
6.086
6.627
-1.000
5.808
6.982
-1.000
6.378
-1.000
6.725
6.709
6.392
7.228
6.613
6.661
6.030
6.813
6.154
6.443
6.888
6.482
6.791
5.767
6.109
6.344
5.724
7.194
5.961
6.172
5.889
5.914
-1.000
6.747
5.816
6.175
-1.000
-1.000
6.611
6.745
-1.000
6.126
6.425
6.826
6.244
6.282
8.072
6.810
6.299
7.563
5.876
6.284
6.663
6.756
5.860
7.417
6.109
6.288
6.533
-1.000
6.276
5.676
-1.000
6.864
-1.000
-1.000
-1.000
6.539
6.215
-1.000
6.767
7.786
5.960
7.040
5.547
-1.000
7.298
6.354
5.834
5.803
7.368
7.013
6.484
7.372
5.994
6.792
6.307
6.413
5.985
6.535
5.698
6.459
5.793
6.648
6.097
6.756
-1.000
-1.000
5.874
6.765
6.480
6.898
6.201
6.059
7.562
-1.000
6.190
5.966
6.528
6.164
5.857
5.721
6.206
7.633
7.140
6.529
6.882
7.124
7.331
6.171
5.919
5.731
6.235
6.618
6.550
6.081
6.059
-1.000
6.495
5.894
7.219
6.346
6.435
6.242
6.363
6.140
7.830
6.454
-1.000
5.855
6.617
6.412
6.453
6.465
-1.000
5.947
5.712
5.707
6.503
6.362
6.739
5.825
7.119
-1.000
6.225
5.928
-1.000
5.852
6.800
-1.000
6.418
7.495
7.329
5.734
-1.000
-1.000
6.984
5.799
7.078
6.184
6.144
5.736
7.789
5.767
7.149
6.382
6.767
-1.000
-1.000
5.951
6.046
7.030
6.300
5.754
6.055
6.137
6.395
-1.000
5.865
5.969
-1.000
5.711
6.368
7.102
-1.000
5.944
7.073
6.530
7.216
6.393
6.013
5.685
7.408
-1.000
6.039
6.748
-1.000
6.217
5.576
6.191
6.852
7.623
5.853
6.191
6.509
6.353
6.537
-1.000
5.925
-1.000
7.755
6.759
7.518
6.866
5.843
6.422
5.957
6.623
6.404
-1.000
7.510
8.052
-1.000
7.341
-1.000
6.692
5.832
5.723
6.454
5.705
6.283
6.182
7.146
7.474
6.431
-1.000
-1.000
5.769
6.421
-1.000
5.820
6.958
6.056
6.614
6.354
-1.000
6.739
6.575
-1.000
6.376
5.972
6.796
-1.000
6.392
-1.000
5.744
6.994
6.403
6.443
-1.000
5.871
6.448
6.321
5.983
7.060
7.121
5.545
6.454
7.183
6.927
7.176
6.110
6.759
6.404
6.643
6.377
-1.000
7.831
-1.000
7.853
6.484
6.573
6.506
7.045
7.795
5.874
6.725
5.775
6.274
6.783
5.966
6.681
-1.000
6.208
6.705
6.717
6.524
5.921
-1.000
6.492
6.013
6.845
5.926
7.192
6.144
6.925
6.587
-1.000
6.193
6.162
6.490
6.389
5.914
6.200
6.345
7.798
5.789
5.591
5.727
6.592
5.876
6.494
6.449
6.130
6.244
6.275
7.503
7.492
7.028
6.362
5.957
-1.000
5.831
6.250
6.860
-1.000
6.671
7.012
7.319
6.234
5.814
6.121
5.988
6.304
6.255
6.604
6.356
-1.000
5.820
6.854
-1.000
6.088
6.394
6.666
6.553
6.298
-1.000
6.830
6.032
6.803
6.338
6.064
-1.000
6.024
7.373
6.720
-1.000
-1.000
6.478
6.124
7.135
5.826
-1.000
6.830
6.498
6.655
-1.000
6.066
6.938
7.214
6.068
6.433
6.290
6.503
6.164
-1.000
5.805
6.204
7.464
7.231
-1.000
6.528
6.454
-1.000
6.506
6.495
6.438
7.805
5.449
5.973
6.217
7.920
5.604
5.888
7.423
6.761
5.979
6.683
6.856
6.814
5.925
-1.000
5.907
5.899
6.793
6.711
6.598
-1.000
6.157
-1.000
7.833
5.993
6.757
5.884
6.058
7.488
5.874
6.863
-1.000
7.279
7.119
6.530
6.621
6.297
6.105
6.484
6.890
6.186
6.264
6.301
-1.000
5.968
6.925
-1.000
5.849
7.027
6.158
6.645
7.313
6.716
7.018
6.246
5.787
5.798
7.038
6.503
-1.000
-1.000
6.380
-1.000
7.108
6.241
5.822
5.995
6.587
5.711
-1.000
5.969
6.211
5.955
6.903
-1.000
-1.000
6.698
6.391
6.292
6.052
6.730
6.239
6.727
6.127
7.830
-1.000
5.901
6.826
5.648
6.011
7.592
5.807
7.082
5.966
5.600
7.725
6.145
6.933
7.538
-1.000
5.660
6.739
6.404
5.964
6.287
7.234
6.344
-1.000
-1.000
7.925
6.284
6.008
6.657
6.247
-1.000
6.825
6.735
6.308
6.516
-1.000
6.643
7.457
6.299
5.926
-1.000
6.083
6.011
6.411
6.471
-1.000
7.002
6.421
-1.000
6.289
5.643
5.899
-1.000
7.701
-1.000
7.484
7.076
6.043
6.172
6.533
6.861
5.971
7.242
6.934
7.384
5.908
5.690
6.907
6.082
5.875
6.105
6.629
6.619
-1.000
6.757
5.621
7.248
6.154
6.685
7.204
6.655
7.162
7.170
-1.000
5.608
6.711
5.927
6.979
6.226
6.514
6.547
6.343
6.176
-1.000
6.004
6.721
-1.000
6.439
-1.000
6.359
6.198
6.869
6.978
6.884
6.197
6.733
7.669
5.636
7.379
6.134
6.324
6.832
6.423
6.319
6.301
6.464
7.008
7.254
7.521
7.576
6.798
6.052
6.654
6.722
7.404
6.049
5.824
6.508
6.247
6.031
6.200
-1.000
6.327
6.225
7.171
6.607
8.037
6.775
7.069
-1.000
6.980
6.827
6.362
-1.000
6.504
7.718
6.470
7.406
-1.000
5.906
7.841
6.285
6.026
6.133
7.147
6.718
6.116
7.697
7.063
5.726
6.063
6.562
6.617
6.935
7.111
7.078
5.775
5.937
6.978
6.323
6.510
7.128
6.827
7.629
6.548
-1.000
7.984
6.156
6.594
6.430
5.976
5.971
-1.000
5.667
6.603
6.258
7.420
6.387
6.374
6.476
6.386
6.005
5.956
6.826
6.152
-1.000
6.210
7.902
5.635
7.333
7.164
6.010
6.347
5.844
7.722
6.708
6.496
6.259
5.551
8.067
6.203
6.850
7.031
6.144
5.821
6.116
6.465
7.104
5.834
7.109
6.850
6.417
6.786
-1.000
6.681
6.972
5.885
-1.000
6.372
6.351
-1.000
7.936
6.508
5.920
7.913
-1.000
6.352
6.858
5.854
6.290
6.001
6.586
7.697
-1.000
6.212
6.269
6.026
6.742
6.137
5.898
7.465
6.591
6.117
-1.000
6.009
6.502
7.674
-1.000
6.201
6.410
6.234
6.194
6.136
-1.000
7.347
6.303
6.917
5.999
7.083
5.844
5.914
7.599
6.512
5.715
7.493
6.173
-1.000
-1.000
7.095
5.652
6.154
5.948
6.342
-1.000
6.357
5.716
7.703
6.923
-1.000
6.454
6.473
-1.000
5.835
7.118
7.264
6.255
5.976
6.469
5.449
7.508
5.956
6.464
6.392
-1.000
6.300
6.363
5.826
7.422
6.046
7.589
6.908
6.937
-1.000
7.228
6.237
6.644
6.235
6.594
6.396
6.474
7.197
6.409
-1.000
7.135
6.526
7.361
6.965
-1.000
6.142
-1.000
6.745
7.228
6.394
6.518
6.856
5.661
-1.000
6.220
7.008
6.222
6.688
5.664
5.947
6.746
6.417
7.509
6.464
6.773
6.372
-1.000
6.327
-1.000
6.491
6.371
6.528
5.488
6.133
6.263
5.870
6.288
6.690
6.437
5.932
-1.000
6.079
6.903
5.955
6.601
7.948
-1.000
6.466
-1.000
-1.000
5.554
6.015
5.916
6.406
6.095
6.936
5.913
7.219
6.144
5.725
6.055
-1.000
6.552
6.483
-1.000
6.846
6.742
6.918
6.032
6.939
5.985
6.037
6.688
-1.000
6.680
6.593
6.546
7.151
7.753
-1.000
-1.000
7.220
5.794
6.647
6.316
6.874
6.885
7.303
-1.000
7.878
6.091
7.958
6.707
5.971
5.778
6.179
6.591
6.569
6.569
6.686
6.944
6.580
6.502
7.457
7.576
5.865
-1.000
6.859
-1.000
6.719
6.029
6.713
6.399
6.356
6.007
-1.000
-1.000
8.060
6.098
6.746
6.743
5.670
6.202
6.626
7.236
-1.000
-1.000
5.975
6.205
5.989
7.122
6.325
6.373
-1.000
6.084
6.305
6.058
-1.000
-1.000
7.347
5.818
6.029
6.834
-1.000
-1.000
6.267
6.997
6.457
5.960
7.674
6.293
-1.000
6.075
-1.000
6.379
6.331
7.538
6.910
5.908
6.184
5.890
-1.000
7.066
6.655
6.641
6.681
6.150
7.282
5.972
5.570
5.970
6.130
6.958
6.003
6.246
6.180
7.177
6.944
-1.000
6.916
7.561
7.674
6.399
5.622
6.203
6.962
-1.000
6.281
7.108
6.296
7.542
5.828
-1.000
-1.000
6.544
6.293
7.291
-1.000
5.917
-1.000
6.630
6.498
6.116
6.170
6.309
6.100
6.494
6.901
6.740
7.944
7.027
5.969
6.244
6.179
-1.000
5.748
7.636
6.030
-1.000
7.113
5.840
6.184
-1.000
5.807
6.261
6.317
6.250
6.325
-1.000
-1.000
5.899
6.585
6.751
6.245
5.991
6.857
6.657
6.792
6.748
-1.000
6.057
6.287
6.077
7.768
6.728
6.574
7.562
5.902
6.185
6.865
7.737
5.729
6.598
-1.000
5.648
-1.000
5.858
6.957
5.772
6.399
6.151
6.468
6.199
6.175
-1.000
6.575
6.308
6.239
6.124
6.528
6.172
5.850
6.092
5.856
7.129
6.791
7.057
-1.000
6.641
5.931
6.579
6.549
6.697
6.214
6.901
6.821
6.371
6.197
-1.000
-1.000
6.381
6.663
7.460
6.704
6.197
6.458
5.761
6.623
7.741
6.652
-1.000
6.617
6.535
-1.000
-1.000
6.042
5.877
6.781
6.144
6.390
6.281
-1.000
5.823
5.943
5.930
6.656
6.262
5.988
6.821
-1.000
6.036
5.536
6.812
-1.000
6.432
7.342
6.693
6.185
6.188
7.628
5.913
7.105
-1.000
-1.000
6.449
6.187
6.271
6.217
6.136
-1.000
6.098
6.122
7.458
5.983
6.329
6.489
6.658
5.872
6.694
6.015
-1.000
6.638
7.459
5.806
5.993
6.786
6.329
6.004
6.542
7.202
-1.000
6.024
-1.000
5.765
7.567
-1.000
6.635
-1.000
7.541
5.884
6.357
7.656
5.912
6.856
-1.000
-1.000
5.967
-1.000
5.929
6.840
6.119
6.764
5.970
5.962
-1.000
6.787
6.675
6.479
7.060
6.282
6.459
6.179
6.748
6.242
5.874
5.953
6.853
7.555
5.820
6.557
6.413
5.863
6.756
6.260
6.870
7.195
7.005
7.126
7.262
6.395
5.968
6.570
6.493
6.338
7.480
7.080
6.358
8.025
5.772
-1.000
6.161
6.765
6.779
6.245
-1.000
5.835
6.562
6.297
5.858
6.285
6.406
6.578
6.853
5.776
6.439
6.853
6.452
5.922
6.495
7.655
-1.000
5.677
-1.000
6.295
6.695
-1.000
6.302
6.293
7.453
6.581
6.349
6.422
7.472
7.874
7.389
6.432
7.825
6.952
5.996
5.843
6.146
6.727
6.529
-1.000
6.800
-1.000
5.872
6.401
7.515
6.911
6.908
7.102
7.333
6.257
6.546
6.948
7.036
6.050
6.414
-1.000
7.926
6.101
7.094
5.877
7.779
6.394
-1.000
7.086
6.381
-1.000
6.792
7.845
6.163
6.401
6.324
7.510
7.653
7.837
6.361
6.011
-1.000
6.387
6.327
6.516
6.778
7.166
7.980
7.280
6.003
7.101
7.436
6.362
7.361
5.456
6.348
6.302
5.888
6.588
6.471
5.936
-1.000
6.133
7.055
6.874
7.101
6.345
6.273
6.630
6.594
-1.000
6.721
-1.000
6.687
6.350
5.847
-1.000
5.975
6.400
-1.000
6.460
6.343
6.000
5.837
6.375
-1.000
6.189
6.091
5.717
7.116
7.232
-1.000
7.108
7.105
7.457
6.265
6.305
5.870
6.679
7.413
-1.000
6.924
6.570
7.079
7.173
6.646
6.608
7.104
6.987
6.670
6.574
7.107
6.470
7.264
7.308
-1.000
7.069
6.434
6.723
-1.000
5.706
5.776
6.450
7.810
7.608
6.538
-1.000
6.856
6.664
7.073
6.083
-1.000
6.733
-1.000
6.066
5.686
6.782
6.513
6.810
7.884
6.069
5.685
7.427
6.329
7.996
6.722
7.799
6.694
6.543
-1.000
6.614
5.837
5.968
6.372
5.623
6.938
6.229
6.051
7.741
6.598
6.603
6.167
-1.000
6.734
5.915
6.665
6.464
6.857
-1.000
6.106
6.089
6.570
6.526
6.644
-1.000
6.461
6.728
6.299
6.444
6.091
5.953
-1.000
-1.000
-1.000
5.993
6.136
6.312
6.307
6.004
6.699
5.901
6.337
6.796
6.309
6.989
6.228
6.181
5.879
6.143
7.046
7.035
6.038
6.823
5.865
-1.000
6.126
-1.000
7.586
6.520
6.787
6.569
6.622
7.995
7.128
7.291
7.247
7.393
-1.000
-1.000
6.616
-1.000
6.619
-1.000
5.945
6.351
7.555
6.119
6.450
6.186
6.474
7.432
7.370
7.393
6.482
-1.000
6.253
5.929
5.898
6.527
5.932
6.766
6.279
6.834
6.994
6.586
7.510
6.065
6.899
6.272
6.014
5.979
6.823
6.158
-1.000
7.010
6.076
6.314
6.737
6.007
6.050
6.915
6.058
7.119
6.334
5.715
6.615
6.179
6.620
6.653
6.433
7.306
6.786
7.209
6.780
6.744
5.917
6.743
6.137
7.198
6.336
-1.000
6.506
6.417
7.724
6.227
6.737
6.433
6.556
6.097
6.507
5.666
5.957
6.146
6.082
6.633
6.016
5.748
6.507
7.000
6.385
6.772
6.494
-1.000
7.157
7.071
6.599
6.821
6.534
6.306
-1.000
7.794
6.467
6.077
6.597
-1.000
6.220
6.216
6.484
6.452
7.100
6.743
7.317
6.420
6.961
6.408
7.330
6.719
6.054
5.686
6.958
8.020
6.831
7.342
7.754
6.231
-1.000
6.267
6.239
7.846
-1.000
6.685
6.215
6.292
6.560
7.308
6.144
-1.000
5.759
7.568
6.662
6.818
6.611
7.142
5.864
6.475
6.851
7.470
6.554
6.863
5.806
5.532
6.459
-1.000
6.140
5.840
5.984
6.008
-1.000
5.818
6.050
5.754
6.557
6.433
5.913
-1.000
7.017
6.182
6.768
5.677
7.810
-1.000
7.490
5.934
6.399
6.273
6.465
7.158
-1.000
5.902
6.062
6.485
6.994
6.721
-1.000
6.600
6.548
6.766
-1.000
6.998
6.330
6.186
-1.000
6.388
6.238
6.035
-1.000
6.056
6.361
6.572
6.168
6.432
5.792
5.677
6.293
6.379
6.217
6.802
7.097
6.032
6.672
7.220
6.701
6.031
6.230
6.580
6.048
6.341
6.031
-1.000
5.692
6.494
-1.000
6.430
6.373
6.621
-1.000
-1.000
5.929
6.447
6.803
6.068
5.778
6.972
5.799
6.238
6.129
6.351
-1.000
7.151
6.752
6.609
6.495
5.781
6.523
7.216
7.821
7.550
6.834
6.509
6.615
-1.000
7.095
7.452
6.805
7.336
7.447
6.133
-1.000
6.982
6.613
6.648
7.183
6.280
7.004
6.314
7.318
-1.000
6.185
6.698
6.872
6.385
7.294
7.167
5.720
6.321
-1.000
7.562
6.792
6.229
6.308
7.842
5.876
7.346
7.415
-1.000
7.681
6.492
8.015
6.175
6.638
6.193
7.868
6.714
-1.000
6.613
7.164
7.093
6.216
-1.000
6.813
7.312
6.579
-1.000
6.584
6.251
6.534
6.953
5.917
-1.000
6.710
-1.000
6.690
6.174
6.572
6.202
-1.000
7.072
6.228
5.718
6.563
6.495
6.642
7.699
6.981
7.333
6.331
-1.000
6.178
7.462
6.834
7.155
-1.000
6.217
6.059
7.806
6.208
6.831
7.624
6.182
6.662
6.929
6.964
7.988
6.256
5.822
6.368
6.469
7.753
6.397
6.740
6.711
6.850
6.021
5.803
6.541
6.554
6.609
-1.000
7.030
6.223
6.279
6.948
-1.000
7.351
7.336
5.786
6.254
-1.000
6.567
6.637
-1.000
-1.000
7.222
6.717
-1.000
6.392
6.170
6.606
6.646
6.020
6.509
6.480
6.448
6.558
6.282
6.618
6.358
6.727
7.673
-1.000
6.834
6.993
-1.000
-1.000
5.739
6.578
5.778
6.576
5.611
6.427
6.289
7.538
-1.000
7.787
-1.000
7.393
-1.000
6.234
6.569
6.064
-1.000
6.807
6.056
6.747
7.096
8.070
-1.000
-1.000
7.753
6.644
6.077
6.146
-1.000
6.286
6.503
6.385
6.046
6.695
-1.000
7.940
-1.000
-1.000
7.101
-1.000
6.764
-1.000
5.967
6.867
6.543
6.869
7.785
7.287
6.560
-1.000
7.038
6.132
6.087
6.345
7.289
6.385
-1.000
6.695
-1.000
6.202
6.176
-1.000
6.587
6.689
6.259
7.598
6.994
-1.000
6.669
7.480
6.834
6.257
6.280
6.746
6.062
6.696
6.648
6.001
7.166
6.233
6.832
6.518
6.369
-1.000
6.238
6.282
6.812
7.356
6.980
6.003
6.872
6.096
-1.000
7.021
6.952
8.064
6.932
-1.000
-1.000
7.083
6.579
-1.000
6.703
7.925
7.093
6.814
7.472
6.626
7.528
6.297
5.970
6.294
6.805
6.283
6.134
-1.000
7.850
5.632
6.193
6.590
6.426
5.885
6.513
5.722
7.747
-1.000
6.389
5.925
5.870
6.293
6.238
6.971
6.266
6.147
6.469
7.523
6.509
7.144
7.604
6.644
6.834
6.272
7.414
5.779
6.451
5.696
-1.000
6.176
6.265
7.197
6.979
7.313
6.645
6.754
7.185
6.186
6.459
6.743
-1.000
-1.000
5.980
6.441
7.028
6.769
6.831
5.840
6.603
-1.000
5.583
5.832
5.841
6.169
5.953
6.456
6.843
6.310
6.664
6.706
6.565
5.812
7.044
6.664
7.690
5.915
6.075
6.303
6.669
5.728
6.435
6.486
7.901
6.027
6.721
6.966
7.009
6.561
6.638
7.641
6.348
5.769
6.369
6.688
6.443
6.413
7.078
-1.000
6.573
6.564
5.689
6.469
6.257
5.726
7.570
6.557
7.700
6.302
7.178
5.964
7.126
7.959
-1.000
6.732
6.711
7.210
6.896
7.171
6.507
5.635
7.431
7.139
6.302
5.504
6.378
-1.000
5.737
7.623
-1.000
6.393
6.095
6.007
6.611
-1.000
6.818
7.329
5.922
6.220
7.083
6.634
5.941
6.334
7.769
7.925
7.213
5.943
-1.000
7.909
7.386
6.540
6.268
7.342
7.803
6.863
7.121
7.149
6.407
7.063
6.010
6.350
6.314
5.755
6.369
7.255
7.394
6.463
8.071
6.761
6.541
6.840
7.070
6.808
5.547
-1.000
7.535
6.839
6.931
7.101
6.956
5.971
7.466
7.028
7.573
7.346
6.478
-1.000
6.409
7.057
6.265
5.695
6.210
6.145
6.337
5.889
7.542
6.668
7.624
7.270
7.326
7.007
7.609
6.430
6.394
6.748
-1.000
6.614
7.345
6.319
6.233
6.558
-1.000
7.139
6.605
6.589
-1.000
7.629
6.946
6.329
-1.000
6.384
6.780
7.973
8.039
7.684
6.463
6.569
5.898
7.741
7.654
6.721
7.172
6.880
7.069
6.788
-1.000
6.523
7.292
6.072
6.950
6.833
-1.000
6.444
7.393
6.393
6.338
7.617
7.258
7.047
6.752
5.912
6.486
5.966
6.386
6.665
7.593
6.683
7.870
6.212
7.005
7.466
7.036
-1.000
7.170
6.217
5.416
6.471
6.371
-1.000
7.368
6.796
-1.000
7.110
-1.000
6.475
7.067
6.388
7.238
6.676
3.065
2.166
1.557
-1.000
-1.000
-1.000
1.690
-1.000
1.463
1.460
-1.000
1.686
-1.000
1.424
2.685
-1.000
2.127
1.420
2.027
2.417
6.433
2.719
4.528
3.677
2.602
2.258
1.775
3.455
2.050
4.054
3.223
5.513
1.464
7.635
3.502
2.398
-1.000
-1.000
-1.000
5.519
1.682
2.143
7.568
3.221
3.282
3.879
5.563
3.671
4.090
3.271
-1.000
4.670
3.234
3.773
3.344
6.874
7.272
4.775
3.424
3.534
7.283
3.438
3.292
3.880
-1.000
6.109
4.498
3.825
6.625
5.217
3.140
4.923
3.395
3.356
6.567
6.580
4.503
5.652
2.638
2.929
2.622
5.640
5.151
3.487
2.742
7.324
4.993
3.131
5.565
3.857
-1.000
4.176
5.994
2.945
3.558
3.678
8.078
6.982
2.891
4.730
6.402
3.925
4.849
-1.000
3.267
2.576
3.568
-1.000
3.573
4.069
-1.000
4.289
5.127
3.762
-1.000
-1.000
-1.000
-1.000
-1.000
-1.000
-1.000
-1.000
-1.000
-1.000
-1.000
-1.000
-1.000
-1.000
-1.000
-1.000
-1.000
2.919
3.611
2.559
2.440
4.570
3.984
3.415
-1.000
2.649
-1.000
2.805
3.136
-1.000
-1.000
-1.000
-1.000
-1.000
-1.000
-1.000
-1.000
-1.000
-1.000
-1.000
-1.000
-1.000
-1.000
-1.000
-1.000
-1.000
-1.000
-1.000
-1.000
-1.000
-1.000
-1.000
-1.000
3.008
-1.000
-1.000
-1.000
-1.000
-1.000
-1.000
-1.000
-1.000
-1.000
-1.000
-1.000
-1.000
-1.000
-1.000
-1.000
-1.000
-1.000
-1.000
1.444
-1.000
-1.000
-1.000
1.437
-1.000
-1.000
0.995
-1.000
1.476
-1.000
1.396
3.695
2.314
2.577
3.334
-1.000
-1.000
5.860
2.404
3.690
1.549
2.443
1.365
1.369
-1.000
1.657
2.023
2.898
-1.000
-1.000
-1.000
-1.000
3.065
3.278
3.577
3.655
-1.000
3.946
3.401
1.350
2.068
-1.000
-1.000
1.383
-1.000
-1.000
-1.000
2.233
-1.000
-1.000
1.878
2.355
4.027
2.238
1.959
1.617
-1.000
1.544
2.403
3.184
4.075
2.515
2.810
2.471
4.029
3.025
3.679
5.582
3.953
5.213
2.278
7.614
3.069
5.778
-1.000
6.077
2.472
4.040
4.137
-1.000
-1.000
3.389
3.244
-1.000
-1.000
-1.000
6.191
3.095
2.668
3.593
1.915
2.375
2.697
2.293
2.996
1.266
2.101
1.538
-1.000
3.151
1.602
3.591
2.040
0.807
-1.000
-1.000
1.975
1.359
-1.000
-1.000
-1.000
2.860
-1.000
-1.000
-1.000
0.956
-1.000
-1.000
2.384
1.192
-1.000
1.068
-1.000
1.556
1.273
2.411
4.189
2.132
3.685
1.546
1.323
2.554
1.542
4.771
1.819
2.362
3.423
2.902
3.122
3.881
1.498
1.746
1.496
1.860
4.165
2.244
2.038
-1.000
1.425
1.359
-1.000
-1.000
-1.000
2.152
1.906
2.118
2.772
1.594
1.617
1.800
1.845
6.666
-1.000
-1.000
-1.000
-1.000
-1.000
-1.000
-1.000
-1.000
-1.000
-1.000
-1.000
-1.000
-1.000
-1.000
-1.000
-1.000
-1.000
-1.000
-1.000
-1.000
6.805
3.749
1.737
3.544
1.640
4.021
3.216
2.630
6.379
2.690
2.881
2.648
2.756
6.293
3.425
4.568
2.176
1.578
2.867
1.821
-1.000
6.760
4.009
2.677
3.122
2.213
4.011
7.550
3.521
2.456
3.369
2.798
2.364
3.416
6.074
4.278
4.191
4.093
3.258
3.763
3.827
-1.000
-1.000
-1.000
-1.000
-1.000
7.695
2.551
1.842
2.258
4.007
2.227
2.606
2.756
1.691
1.981
6.793
1.994
-1.000
5.426
1.781
-1.000
2.160
2.931
-1.000
-1.000
-1.000
-1.000
-1.000
-1.000
-1.000
-1.000
7.309
1.903
3.248
2.259
1.737
7.055
4.571
1.639
1.992
1.709
4.404
1.931
2.062
3.072
2.595
1.669
-1.000
-1.000
-1.000
-1.000
-1.000
-1.000
-1.000
-1.000
-1.000
-1.000
-1.000
-1.000
-1.000
-1.000
-1.000
-1.000
-1.000
-1.000
-1.000
-1.000
-1.000
-1.000
-1.000
-1.000
-1.000
-1.000
-1.000
-1.000
-1.000
-1.000
-1.000
-1.000
-1.000
-1.000
-1.000
-1.000
-1.000
-1.000
-1.000
-1.000
-1.000
-1.000
-1.000
-1.000
-1.000
-1.000
-1.000
-1.000
-1.000
-1.000
-1.000
-1.000
-1.000
-1.000
-1.000
-1.000
-1.000
-1.000
-1.000
-1.000
-1.000
-1.000
-1.000
-1.000
-1.000
-1.000
-1.000
-1.000
2.639
2.773
2.406
3.457
2.847
4.023
2.703
3.599
5.361
3.511
4.841
2.755
3.770
6.703
-1.000
3.020
4.747
3.020
3.612
8.046
2.985
-1.000
4.468
2.879
6.199
5.482
3.077
3.248
3.501
3.131
3.749
5.672
3.547
2.941
2.842
2.940
3.067
4.649
2.722
2.420
5.546
4.242
-1.000
-1.000
2.990
3.526
2.621
3.109
3.306
3.902
4.028
3.898
3.187
3.533
4.868
4.137
3.472
4.738
2.894
2.847
7.034
6.476
2.929
6.556
5.521
2.773
4.076
5.140
-1.000
4.160
2.965
2.926
3.168
2.610
4.201
2.566
3.099
2.897
3.815
3.877
2.619
2.876
3.335
3.088
4.705
2.908
3.323
6.642
2.080
2.904
-1.000
-1.000
2.021
4.977
2.386
3.848
-1.000
3.838
2.057
-1.000
2.767
2.536
2.346
4.683
3.855
3.511
7.336
6.270
-1.000
2.743
5.530
2.824
2.712
3.612
4.342
2.788
2.769
3.975
2.619
2.662
3.146
4.142
3.844
4.011
4.095
4.077
4.230
3.483
2.892
4.272
2.317
4.159
3.631
-1.000
-1.000
4.191
5.414
7.805
5.717
-1.000
5.192
3.702
3.365
2.950
3.164
3.801
-1.000
3.068
5.821
3.005
2.955
4.170
-1.000
4.823
3.999
2.674
5.031
5.927
4.452
3.778
2.482
-1.000
3.098
3.758
3.736
3.086
4.137
2.854
2.807
2.594
4.166
3.884
6.034
2.759
3.660
-1.000
-1.000
3.114
3.127
-1.000
3.817
2.981
2.573
3.031
4.594
2.894
4.341
3.967
2.998
5.028
3.078
2.903
4.403
-1.000
2.608
5.679
4.274
3.157
-1.000
3.463
2.979
3.782
3.536
3.439
3.490
3.084
4.786
3.928
4.490
4.065
4.659
5.836
4.972
3.940
4.326
3.958
2.592
2.641
4.888
3.715
3.007
3.931
4.327
4.374
7.169
7.089
4.785
-1.000
-1.000
5.470
2.630
4.449
-1.000
6.600
3.525
2.826
8.017
-1.000
3.754
3.193
5.198
2.408
5.092
3.758
3.254
7.352
4.719
8.074
2.739
4.189
2.913
3.194
-1.000
-1.000
5.530
3.515
7.431
3.939
4.279
3.954
4.037
4.657
3.539
4.244
6.258
3.974
2.676
4.258
-1.000
4.116
4.047
4.068
-1.000
3.589
3.238
3.485
3.603
3.373
3.138
3.598
5.986
3.537
3.490
-1.000
3.099
4.137
5.915
-1.000
5.284
4.871
4.018
3.031
4.036
2.840
3.842
3.863
3.126
2.673
3.872
5.922
3.166
4.715
3.343
4.182
5.035
3.388
3.594
2.679
4.912
-1.000
4.924
-1.000
-1.000
2.934
2.570
5.298
3.526
2.885
6.592
2.897
3.148
3.611
3.866
3.011
3.272
3.371
3.403
4.065
3.666
2.917
3.215
2.635
3.684
4.394
-1.000
3.899
2.769
-1.000
-1.000
3.693
2.756
3.386
5.190
4.971
3.449
7.107
3.334
6.066
-1.000
3.108
2.480
4.155
2.667
3.402
3.796
4.277
5.424
3.004
-1.000
3.386
3.433
4.472
3.963
-1.000
-1.000
-1.000
-1.000
-1.000
-1.000
-1.000
-1.000
-1.000
-1.000
-1.000
6.954
4.009
3.907
6.085
3.883
4.190
4.310
-1.000
4.425
4.250
3.487
5.189
4.613
5.470
3.345
6.503
3.736
3.056
3.368
6.636
2.694
3.390
3.589
3.935
7.081
3.224
-1.000
7.768
4.619
5.773
4.539
5.236
-1.000
3.321
3.691
4.918
3.138
-1.000
3.502
3.442
8.077
3.064
3.129
4.138
3.459
3.374
4.794
4.424
5.016
4.835
7.402
3.412
7.832
-1.000
3.398
3.458
-1.000
3.711
4.976
3.543
3.294
4.759
3.860
3.549
3.876
4.363
-1.000
3.646
3.303
4.827
3.581
3.797
-1.000
3.983
-1.000
4.994
4.139
-1.000
5.409
4.123
3.562
4.463
4.370
3.949
4.115
6.282
4.290
-1.000
4.385
3.661
4.348
4.963
-1.000
6.264
3.689
4.513
3.476
-1.000
4.133
5.490
4.300
3.682
5.492
4.720
4.059
3.405
-1.000
3.058
5.222
6.097
6.065
4.297
3.227
6.135
3.494
5.830
6.021
3.956
3.999
3.189
3.839
3.896
7.678
4.473
3.816
3.795
4.748
4.038
4.173
3.315
4.846
4.620
5.612
4.627
4.553
4.702
4.094
4.491
5.096
5.978
3.703
3.492
7.816
7.927
3.615
3.735
3.980
6.203
3.023
7.904
4.414
3.818
5.767
2.914
1.149
-1.000
-1.000
1.118
-1.000
-1.000
1.454
-1.000
1.695
5.364
1.498
4.409
2.485
5.304
1.787
1.872
2.682
1.543
2.404
1.628
3.755
2.726
3.224
4.872
3.193
4.016
2.953
-1.000
2.521
-1.000
2.646
1.618
-1.000
-1.000
-1.000
6.842
5.569
1.527
3.388
2.688
2.529
2.316
4.120
1.011
1.912
-1.000
2.604
2.115
-1.000
1.322
-1.000
2.096
-1.000
1.465
-1.000
-1.000
2.425
-1.000
1.568
2.329
2.698
3.587
7.017
5.202
2.947
-1.000
3.524
4.120
4.714
-1.000
4.380
6.332
4.246
3.858
2.896
4.903
3.127
3.380
3.468
1.875
-1.000
1.209
1.365
-1.000
3.974
1.807
2.000
4.424
2.072
3.513
3.883
4.458
1.592
-1.000
2.174
-1.000
-1.000
-1.000
3.374
3.994
5.799
3.519
2.466
3.383
3.457
2.706
-1.000
-1.000
2.467
4.185
4.858
-1.000
5.512
3.794
-1.000
4.338
5.976
1.592
1.568
2.517
4.228
2.172
1.670
1.435
1.060
1.298
1.314
1.378
6.655
4.032
2.822
-1.000
4.421
4.878
4.264
2.118
-1.000
5.039
3.999
4.257
2.906
2.687
2.730
4.449
2.653
2.913
3.202
3.291
4.355
4.195
4.013
5.533
3.936
3.758
5.639
2.785
4.471
4.658
1.976
3.485
-1.000
3.835
-1.000
-1.000
3.901
5.555
3.300
4.113
2.078
1.837
7.309
2.682
2.987
5.070
3.724
1.799
2.482
-1.000
2.694
2.446
3.418
4.698
-1.000
0.850
2.334
-1.000
-1.000
3.381
4.391
-1.000
3.291
-1.000
1.014
2.694
1.561
2.388
1.460
3.092
3.938
1.788
2.062
1.927
3.525
3.033
2.300
1.151
1.489
-1.000
-1.000
-1.000
-1.000
-1.000
2.992
1.765
2.900
-1.000
1.357
1.922
2.102
1.581
1.289
1.846
1.295
6.345
4.486
2.236
5.557
1.903
2.243
2.509
2.104
3.973
2.593
-1.000
-1.000
1.770
-1.000
-1.000
-1.000
-1.000
-1.000
-1.000
-1.000
5.106
5.650
3.410
2.324
2.741
1.629
2.073
-1.000
3.932
3.018
4.443
-1.000
-1.000
-1.000
4.117
5.967
3.120
2.751
2.741
-1.000
3.953
3.085
-1.000
2.008
2.328
5.076
3.176
2.824
1.725
3.849
4.906
3.016
1.824
3.607
7.875
3.351
4.237
2.980
2.992
6.433
3.037
3.589
3.319
4.570
2.973
-1.000
3.377
2.936
3.662
3.579
2.064
2.679
3.031
3.256
3.493
6.177
2.833
2.635
2.822
-1.000
3.351
3.520
2.860
3.360
5.207
5.317
-1.000
3.586
4.855
4.418
3.917
-1.000
-1.000
4.440
2.950
5.027
6.118
2.724
3.169
4.180
3.063
-1.000
2.818
2.503
2.743
-1.000
2.914
2.973
2.537
3.131
3.906
4.595
5.295
6.131
-1.000
-1.000
5.111
3.595
-1.000
-1.000
-1.000
6.406
2.548
-1.000
4.129
3.793
3.084
3.203
5.923
3.133
6.241
6.163
4.218
-1.000
3.426
3.660
3.589
5.128
2.746
3.597
3.098
2.904
4.601
-1.000
3.614
-1.000
3.806
5.436
6.132
3.878
4.770
3.839
4.511
4.940
4.532
3.678
3.493
6.274
3.010
5.282
3.699
6.424
-1.000
-1.000
3.774
3.992
3.433
3.915
3.321
2.856
-1.000
-1.000
3.576
-1.000
-1.000
6.126
3.675
6.179
-1.000
3.513
4.119
7.300
4.578
4.965
4.223
2.964
3.665
5.905
6.102
7.857
4.065
2.659
0.899
-1.000
1.824
1.561
3.344
1.740
1.199
2.579
-1.000
1.102
-1.000
-1.000
2.682
4.100
-1.000
4.443
2.590
2.532
2.168
-1.000
4.424
1.774
3.532
-1.000
-1.000
1.302
1.067
1.313
1.356
1.515
-1.000
2.875
2.373
2.956
1.565
2.094
1.976
1.296
1.543
2.550
-1.000
-1.000
2.208
2.835
3.059
2.471
3.881
2.011
-1.000
-1.000
3.489
4.757
4.068
2.767
4.585
-1.000
2.534
-1.000
-1.000
-1.000
-1.000
3.949
2.752
-1.000
-1.000
-1.000
-1.000
-1.000
5.048
-1.000
-1.000
-1.000
-1.000
2.602
2.445
4.242
1.395
3.550
1.558
1.797
2.422
-1.000
-1.000
2.612
4.400
7.286
2.504
1.495
2.685
2.436
3.140
4.093
3.210
6.768
3.920
4.376
2.946
2.111
1.873
2.082
5.984
6.402
4.828
3.483
5.346
3.870
4.795
4.274
-1.000
-1.000
-1.000
-1.000
-1.000
1.836
2.610
2.153
2.603
3.732
6.609
4.825
3.357
6.469
2.664
5.563
2.877
-1.000
7.697
2.883
5.891
5.060
2.551
7.304
1.753
1.481
-1.000
2.178
2.033
3.474
3.429
2.137
2.740
4.203
2.635
3.171
6.647
2.409
2.697
2.996
3.604
3.268
6.229
4.895
4.751
4.819
1.057
1.710
-1.000
1.262
-1.000
1.530
2.104
1.368
2.053
2.571
2.663
2.873
2.810
1.784
-1.000
4.256
3.425
3.818
4.025
2.797
2.864
1.828
2.767
-1.000
2.384
-1.000
3.942
2.385
2.628
4.984
-1.000
2.177
3.863
6.000
2.749
3.923
3.529
-1.000
3.029
-1.000
4.232
2.077
6.407
1.873
3.509
2.774
5.924
2.805
2.299
4.064
1.911
2.825
2.863
4.242
3.098
6.419
2.467
4.822
3.198
2.602
4.290
5.837
4.293
4.859
5.454
3.444
7.623
3.624
2.494
3.384
3.133
6.394
3.311
4.957
6.105
3.195
3.020
2.618
2.745
3.007
-1.000
5.476
5.330
4.679
3.382
5.825
6.775
3.775
4.300
3.746
1.848
2.138
2.639
2.605
2.080
-1.000
2.376
2.174
1.926
-1.000
3.424
-1.000
2.466
-1.000
5.940
-1.000
3.113
4.441
3.227
-1.000
-1.000
4.985
1.674
1.902
5.090
2.741
1.609
2.577
2.050
-1.000
-1.000
-1.000
-1.000
3.958
-1.000
-1.000
-1.000
4.351
5.037
-1.000
5.214
2.375
3.391
5.774
2.959
-1.000
4.905
-1.000
2.762
3.475
4.401
6.107
4.836
-1.000
-1.000
-1.000
5.089
4.023
3.023
3.332
-1.000
3.084
4.229
5.721
4.570
5.269
3.310
4.040
2.541
5.718
5.156
2.834
-1.000
4.355
3.097
3.065
2.891
-1.000
2.868
2.693
2.903
-1.000
3.066
2.945
2.789
3.010
2.723
-1.000
3.955
6.651
2.633
6.317
-1.000
-1.000
-1.000
1.536
3.572
1.192
-1.000
-1.000
-1.000
-1.000
-1.000
-1.000
-1.000
-1.000
0.927
-1.000
-1.000
-1.000
2.004
-1.000
1.542
1.551
-1.000
-1.000
1.769
-1.000
2.070
1.464
-1.000
4.146
4.476
4.161
2.731
3.238
1.947
4.753
4.610
2.591
3.738
4.794
3.141
6.472
1.511
3.634
3.847
-1.000
1.956
2.116
3.800
1.969
2.066
1.896
-1.000
3.168
4.427
5.479
5.024
8.011
5.012
3.014
7.509
1.786
-1.000
2.066
2.248
3.901
2.329
1.588
2.507
6.970
3.108
-1.000
-1.000
-1.000
2.426
-1.000
-1.000
2.962
1.967
1.453
1.973
-1.000
1.974
-1.000
-1.000
2.504
-1.000
3.472
-1.000
-1.000
-1.000
-1.000
1.239
-1.000
1.702
1.771
2.272
2.524
2.291
-1.000
-1.000
4.057
2.296
-1.000
-1.000
-1.000
4.213
3.238
1.949
2.962
5.803
4.992
-1.000
-1.000
2.239
2.974
-1.000
4.929
2.504
3.707
2.209
1.538
1.560
3.377
2.360
3.080
1.547
-1.000
-1.000
1.896
-1.000
2.417
3.399
-1.000
-1.000
1.893
-1.000
2.944
-1.000
-1.000
-1.000
2.898
2.483
-1.000
2.091
-1.000
2.018
-1.000
1.344
-1.000
0.955
-1.000
-1.000
-1.000
-1.000
2.330
2.918
2.711
1.634
3.173
1.405
-1.000
1.302
-1.000
-1.000
2.840
-1.000
-1.000
-1.000
-1.000
1.569
-1.000
3.634
1.719
5.009
1.845
1.859
2.129
3.920
4.367
2.146
3.865
2.833
2.110
4.223
2.528
7.958
4.394
2.703
3.351
-1.000
3.073
2.876
4.800
2.428
2.829
3.250
3.831
2.986
3.057
1.781
4.295
2.139
1.796
2.931
2.864
7.243
2.440
3.928
1.869
6.362
3.946
2.425
4.245
2.808
3.570
-1.000
3.990
2.011
2.360
2.020
1.986
2.447
3.709
7.812
5.787
3.736
3.229
2.834
3.205
7.700
2.155
7.478
3.241
7.398
4.654
2.432
6.558
2.768
3.763
2.451
3.691
3.294
3.896
2.333
2.947
5.287
2.401
2.702
2.836
2.242
3.016
-1.000
2.812
3.602
5.751
3.997
2.874
3.936
3.834
5.243
5.190
3.063
3.499
4.882
-1.000
2.917
2.907
3.672
3.165
6.745
2.898
-1.000
5.692
5.350
3.234
3.464
3.403
2.804
2.777
7.723
3.212
3.452
3.938
2.843
3.559
-1.000
3.178
3.968
3.302
3.256
3.737
3.932
3.697
3.233
-1.000
7.630
4.657
3.975
3.354
4.998
5.828
3.104
2.688
-1.000
3.890
2.784
6.027
3.055
7.038
7.985
5.997
2.724
4.396
3.538
5.470
4.003
6.552
7.500
7.885
-1.000
-1.000
3.823
3.638
3.227
3.553
2.915
3.387
3.026
2.998
3.082
3.194
-1.000
-1.000
2.561
2.314
3.073
3.174
3.434
6.075
3.789
-1.000
4.225
3.714
2.888
3.838
3.176
3.029
3.831
3.092
3.548
7.044
5.835
4.293
-1.000
3.595
4.087
3.047
4.533
5.422
5.794
2.828
2.881
4.987
-1.000
6.031
3.448
-1.000
-1.000
-1.000
-1.000
3.049
-1.000
5.492
6.844
-1.000
3.234
3.056
2.640
-1.000
4.504
3.837
-1.000
-1.000
-1.000
-1.000
-1.000
-1.000
-1.000
-1.000
3.020
3.035
-1.000
3.601
3.315
3.715
6.277
-1.000
-1.000
-1.000
-1.000
-1.000
-1.000
6.807
4.041
5.595
4.093
3.663
3.060
3.369
4.197
7.895
3.957
5.416
4.568
3.891
3.698
-1.000
4.224
8.068
4.049
4.014
-1.000
3.898
3.210
3.569
4.224
3.290
-1.000
-1.000
4.392
4.363
4.204
3.626
3.800
4.666
4.581
5.079
3.359
-1.000
-1.000
4.353
4.379
4.252
-1.000
-1.000
3.405
3.476
3.931
3.667
3.978
-1.000
3.252
4.242
3.701
4.387
6.996
4.331
4.681
3.870
2.973
-1.000
3.165
3.460
5.465
4.178
3.267
3.654
4.176
3.196
3.854
2.994
3.087
3.538
5.439
-1.000
3.437
4.152
5.611
3.174
3.045
3.472
5.922
3.614
-1.000
5.702
5.916
6.985
3.805
-1.000
-1.000
-1.000
-1.000
-1.000
-1.000
-1.000
-1.000
-1.000
-1.000
-1.000
-1.000
-1.000
-1.000
-1.000
-1.000
-1.000
-1.000
-1.000
-1.000
-1.000
-1.000
-1.000
-1.000
-1.000
-1.000
-1.000
-1.000
-1.000
-1.000
-1.000
-1.000
-1.000
-1.000
-1.000
-1.000
-1.000
-1.000
-1.000
3.435
4.361
5.807
-1.000
3.757
5.062
4.169
5.756
3.711
6.350
4.772
3.326
3.391
3.622
4.281
3.933
3.277
3.959
-1.000
4.075
3.649
6.652
-1.000
6.212
3.956
4.397
3.393
4.486
4.001
3.587
5.345
5.089
3.680
3.813
5.523
4.044
7.130
3.488
-1.000
-1.000
7.180
4.731
4.236
5.789
-1.000
6.380
7.425
3.651
4.118
6.446
3.287
3.112
5.135
3.891
4.355
7.059
4.143
6.183
5.777
3.239
4.151
-1.000
6.397
5.071
3.777
4.534
3.212
3.859
4.284
4.638
-1.000
4.830
-1.000
5.116
3.578
4.662
4.883
3.970
3.743
3.817
3.533
5.288
4.114
3.277
-1.000
3.343
6.595
6.414
4.603
4.635
3.343
3.989
7.590
-1.000
-1.000
-1.000
6.897
3.905
5.108
5.098
6.464
-1.000
-1.000
3.735
6.726
4.217
7.039
4.656
5.452
-1.000
7.191
4.577
4.099
5.502
7.161
4.235
4.573
-1.000
5.065
-1.000
-1.000
5.274
4.684
7.844
4.438
4.074
4.227
-1.000
4.482
5.755
4.964
3.499
-1.000
6.592
4.186
-1.000
-1.000
-1.000
-1.000
-1.000
-1.000
-1.000
5.120
7.120
-1.000
4.877
4.351
3.699
4.288
6.138
5.525
5.610
5.581
-1.000
-1.000
5.182
-1.000
4.407
5.719
5.220
4.897
7.530
-1.000
3.587
-1.000
-1.000
-1.000
-1.000
-1.000
-1.000
-1.000
-1.000
-1.000
-1.000
-1.000
-1.000
-1.000
-1.000
-1.000
-1.000
-1.000
-1.000
-1.000
-1.000
-1.000
-1.000
-1.000
-1.000
-1.000
-1.000
-1.000
-1.000
-1.000
-1.000
-1.000
-1.000
-1.000
-1.000
-1.000
-1.000
-1.000
-1.000
-1.000
-1.000
-1.000
-1.000
-1.000
-1.000
-1.000
-1.000
-1.000
-1.000
-1.000
-1.000
-1.000
-1.000
-1.000
-1.000
-1.000
4.329
3.543
4.023
6.413
4.965
3.919
3.721
4.666
3.598
7.565
3.843
4.155
5.396
-1.000
-1.000
-1.000
-1.000
-1.000
-1.000
-1.000
-1.000
-1.000
-1.000
-1.000
-1.000
-1.000
-1.000
-1.000
-1.000
-1.000
-1.000
-1.000
-1.000
-1.000
-1.000
-1.000
-1.000
-1.000
-1.000
-1.000
-1.000
-1.000
-1.000
-1.000
-1.000
-1.000
-1.000
4.030
-1.000
5.650
6.445
-1.000
4.574
-1.000
6.951
-1.000
-1.000
6.655
7.403
6.645
6.991
6.548
5.687
4.720
-1.000
5.075
4.338
5.563
5.960
-1.000
-1.000
5.368
4.814
-1.000
4.526
8.028
-1.000
6.135
6.132
-1.000
4.916
4.016
-1.000
7.122
4.282
4.506
3.845
4.993
6.189
-1.000
4.167
-1.000
7.923
6.869
3.979
5.185
4.562
-1.000
4.925
5.633
5.272
-1.000
-1.000
-1.000
5.331
5.386
3.649
-1.000
4.897
6.583
7.781
-1.000
5.517
4.932
5.805
-1.000
4.738
5.146
5.914
5.156
6.344
4.324
6.246
-1.000
5.588
6.637
5.073
4.268
5.876
4.513
4.301
5.308
-1.000
6.033
5.390
6.137
5.402
5.480
4.323
-1.000
4.502
-1.000
-1.000
4.526
-1.000
7.981
7.983
4.229
-1.000
4.144
4.913
-1.000
5.778
5.470
5.696
5.413
5.345
-1.000
4.761
-1.000
5.042
5.747
4.238
5.044
5.752
8.066
4.583
6.546
4.114
7.913
4.527
7.366
6.857
-1.000
3.992
7.571
2.250
2.859
1.414
2.188
2.538
1.886
2.282
2.214
2.879
3.164
3.206
3.213
2.931
2.510
3.114
-1.000
3.313
2.050
2.920
2.849
2.680
2.285
7.718
4.700
2.324
7.400
2.319
1.929
2.338
2.605
2.467
5.573
2.373
2.500
2.365
2.908
2.508
2.643
3.057
2.576
5.396
2.851
2.271
3.884
-1.000
-1.000
2.220
5.623
3.004
6.184
2.186
2.683
5.627
3.364
3.534
-1.000
4.996
5.095
4.176
2.885
4.129
2.723
2.457
2.580
3.016
6.255
6.133
-1.000
4.550
6.292
-1.000
-1.000
4.724
3.858
2.558
3.519
2.635
7.019
3.616
4.621
-1.000
3.189
2.914
3.072
7.404
4.546
-1.000
-1.000
-1.000
-1.000
-1.000
-1.000
3.750
5.354
3.668
2.647
-1.000
2.944
3.921
3.352
3.036
7.013
-1.000
4.281
2.911
5.011
-1.000
-1.000
2.577
3.634
-1.000
2.655
7.499
-1.000
4.815
2.629
4.463
2.616
-1.000
7.977
3.998
4.714
2.980
7.449
3.261
-1.000
7.649
3.986
5.382
-1.000
2.930
6.683
3.710
3.226
3.884
4.132
-1.000
3.027
5.937
2.675
4.045
5.640
3.195
-1.000
4.499
4.577
2.910
3.296
-1.000
2.930
4.795
7.452
2.674
-1.000
5.101
2.931
3.063
3.745
4.414
-1.000
-1.000
5.563
-1.000
3.274
5.362
-1.000
6.165
2.538
1.437
2.359
2.075
-1.000
-1.000
2.241
-1.000
-1.000
1.947
1.421
2.043
1.925
-1.000
-1.000
2.557
2.420
2.225
0.952
-1.000
0.720
0.713
-1.000
-1.000
-1.000
-1.000
-1.000
2.878
1.844
3.117
-1.000
-1.000
-1.000
-1.000
1.075
-1.000
-1.000
-1.000
-1.000
-1.000
-1.000
5.014
1.583
2.827
4.446
1.709
1.736
-1.000
-1.000
-1.000
3.219
1.764
1.671
1.732
0.929
-1.000
-1.000
-1.000
-1.000
1.051
2.025
1.033
1.213
1.015
1.443
-1.000
-1.000
-1.000
-1.000
-1.000
-1.000
2.338
1.019
-1.000
-1.000
-1.000
-1.000
1.134
-1.000
-1.000
-1.000
-1.000
3.139
1.805
4.020
1.429
4.020
-1.000
1.398
2.390
1.554
3.222
1.599
1.913
2.222
3.017
4.133
1.662
1.140
1.117
1.440
-1.000
-1.000
4.287
1.386
1.265
-1.000
-1.000
-1.000
-1.000
2.167
-1.000
1.515
-1.000
-1.000
2.817
1.429
2.096
2.235
1.388
-1.000
-1.000
-1.000
-1.000
2.941
2.664
3.514
3.086
1.877
1.994
1.850
1.878
-1.000
-1.000
-1.000
-1.000
-1.000
-1.000
-1.000
-1.000
-1.000
3.048
2.549
2.910
3.075
2.558
3.725
-1.000
-1.000
-1.000
-1.000
2.998
2.139
1.495
1.974
1.935
2.146
-1.000
2.730
2.218
2.483
2.913
2.154
2.184
2.096
2.359
4.015
2.523
2.673
3.032
2.881
-1.000
-1.000
-1.000
2.913
2.121
-1.000
-1.000
-1.000
-1.000
5.413
2.601
4.119
-1.000
-1.000
-1.000
-1.000
-1.000
3.347
4.926
2.272
2.909
2.176
3.195
3.129
3.894
2.786
3.927
-1.000
-1.000
-1.000
-1.000
-1.000
-1.000
-1.000
-1.000
-1.000
-1.000
-1.000
-1.000
3.575
-1.000
3.073
5.582
-1.000
3.152
3.755
3.891
-1.000
-1.000
-1.000
-1.000
5.962
7.101
4.526
5.159
-1.000
5.505
5.715
7.823
6.256
6.431
6.040
6.741
-1.000
-1.000
4.191
5.223
-1.000
4.280
4.385
6.292
7.716
6.829
-1.000
-1.000
-1.000
-1.000
2.171
2.410
3.405
2.906
1.787
3.234
2.412
-1.000
2.317
6.520
2.095
2.524
-1.000
2.870
1.764
4.032
3.237
2.808
3.986
-1.000
-1.000
4.130
-1.000
3.180
2.213
1.612
2.813
2.273
-1.000
-1.000
5.009
2.969
1.417
3.238
3.075
2.173
4.905
5.424
-1.000
2.528
4.278
-1.000
-1.000
3.705
-1.000
-1.000
-1.000
-1.000
4.897
-1.000
4.987
6.291
5.986
2.749
-1.000
2.929
2.863
3.217
1.182
-1.000
1.333
1.375
2.097
2.106
1.966
-1.000
1.361
-1.000
2.179
-1.000
2.492
1.945
2.853
3.777
2.711
2.676
-1.000
-1.000
-1.000
-1.000
-1.000
2.309
-1.000
-1.000
4.268
2.351
-1.000
-1.000
-1.000
-1.000
-1.000
-1.000
-1.000
-1.000
-1.000
-1.000
-1.000
-1.000
3.854
-1.000
3.736
2.945
2.520
2.599
-1.000
-1.000
-1.000
-1.000
6.123
3.621
-1.000
4.210
-1.000
-1.000
-1.000
-1.000
-1.000
-1.000
-1.000
-1.000
4.860
5.906
3.848
4.080
4.298
5.968
4.556
3.156
5.997
5.622
5.662
6.710
5.185
-1.000
5.767
5.990
4.134
7.180
4.580
-1.000
4.447
4.302
8.011
5.722
5.183
4.381
-1.000
5.818
3.997
-1.000
4.381
4.395
3.707
6.819
4.090
3.938
3.879
-1.000
4.898
5.058
7.453
5.634
5.537
-1.000
7.176
-1.000
-1.000
7.024
-1.000
-1.000
7.950
5.500
7.188
-1.000
7.288
5.758
6.016
5.310
-1.000
-1.000
-1.000
-1.000
-1.000
-1.000
6.942
-1.000
7.375
6.845
6.849
-1.000
7.254
5.966
-1.000
6.427
-1.000
7.116
1.515
2.173
2.212
3.004
1.805
1.714
2.105
-1.000
3.108
-1.000
-1.000
3.380
-1.000
-1.000
-1.000
2.922
-1.000
-1.000
3.430
-1.000
-1.000
-1.000
-1.000
-1.000
3.480
3.129
3.357
3.401
3.820
3.390
-1.000
-1.000
-1.000
6.212
-1.000
-1.000
4.016
4.354
4.639
6.751
5.346
4.885
3.148
2.620
-1.000
-1.000
2.030
0.914
-1.000
-1.000
0.938
-1.000
-1.000
1.728
-1.000
-1.000
1.232
1.226
2.105
1.379
2.918
3.088
2.489
2.207
1.336
4.856
2.942
1.514
2.834
6.080
1.932
1.313
-1.000
3.413
-1.000
5.638
1.734
1.971
5.636
3.801
4.199
3.645
2.980
1.616
3.950
1.510
1.699
2.356
1.677
1.711
3.270
2.472
2.028
-1.000
3.021
4.637
2.852
2.613
1.529
1.530
1.267
-1.000
-1.000
-1.000
-1.000
-1.000
7.034
3.834
2.363
5.630
2.767
1.740
4.243
1.848
3.186
1.588
-1.000
-1.000
-1.000
-1.000
-1.000
-1.000
-1.000
1.816
2.285
2.001
1.443
1.364
1.740
1.580
1.331
1.473
1.516
1.861
-1.000
3.186
2.706
4.258
3.019
7.271
2.665
3.138
2.299
4.991
2.029
6.515
2.488
6.613
2.773
4.795
2.975
4.840
3.063
2.474
2.763
6.771
2.577
4.406
-1.000
2.680
4.311
-1.000
2.347
2.259
5.263
3.100
5.084
2.479
2.273
-1.000
3.065
2.576
3.674
3.030
4.643
-1.000
6.058
3.163
3.120
6.053
6.812
2.867
2.645
4.480
2.434
2.307
4.296
3.727
4.386
3.029
2.669
4.686
2.100
2.600
2.592
-1.000
2.697
3.089
2.898
4.376
2.478
5.402
2.743
5.970
2.457
4.335
6.243
2.369
4.697
2.599
5.057
3.114
-1.000
6.597
2.981
6.530
4.503
2.624
6.104
7.511
7.995
3.582
2.895
2.948
3.251
4.722
-1.000
4.892
2.456
4.773
2.315
3.117
2.760
2.773
2.417
2.652
3.565
6.652
4.065
3.036
7.347
-1.000
3.466
4.168
2.989
4.628
3.900
3.039
3.099
3.422
3.223
-1.000
2.908
2.888
4.502
5.626
4.470
2.849
2.732
-1.000
3.186
3.482
6.637
3.087
3.823
2.808
3.386
2.766
2.802
2.844
3.024
3.199
3.551
-1.000
-1.000
3.407
5.817
-1.000
8.010
3.378
5.126
3.497
-1.000
4.486
3.825
3.272
5.157
4.169
4.309
3.352
-1.000
3.768
5.199
4.088
3.386
2.875
3.379
3.100
3.353
-1.000
4.526
3.176
3.217
3.142
5.255
3.085
2.793
3.327
-1.000
5.463
3.710
4.089
3.922
4.493
3.941
3.761
6.153
-1.000
-1.000
6.162
3.540
2.857
2.867
2.827
6.183
4.234
4.418
3.116
3.403
1.821
-1.000
1.738
2.192
1.743
-1.000
1.313
2.609
4.082
-1.000
-1.000
-1.000
1.981
-1.000
2.506
3.213
2.668
1.159
-1.000
-1.000
-1.000
1.299
1.225
-1.000
1.650
1.591
1.894
2.497
1.459
-1.000
-1.000
1.364
-1.000
1.639
1.891
1.491
3.436
3.859
1.593
-1.000
2.242
4.345
-1.000
1.898
-1.000
3.741
4.505
3.917
3.092
2.177
4.696
-1.000
2.380
3.603
2.935
3.868
3.975
3.291
-1.000
5.859
6.441
-1.000
-1.000
4.845
-1.000
-1.000
-1.000
-1.000
1.125
-1.000
1.385
1.371
2.147
1.652
1.505
2.760
1.633
4.811
2.265
3.112
3.314
-1.000
-1.000
-1.000
-1.000
-1.000
3.882
2.856
2.421
2.884
-1.000
1.978
1.801
1.977
-1.000
2.670
-1.000
3.602
2.075
-1.000
-1.000
-1.000
2.053
4.371
-1.000
-1.000
-1.000
3.051
-1.000
2.473
3.083
-1.000
-1.000
-1.000
-1.000
3.924
-1.000
0.999
-1.000
1.017
1.332
1.702
2.010
-1.000
1.993
3.749
1.404
1.678
1.817
-1.000
-1.000
3.005
4.172
-1.000
1.880
2.034
-1.000
2.039
-1.000
-1.000
1.793
-1.000
-1.000
1.926
-1.000
3.055
3.111
2.814
4.366
4.761
3.274
6.564
4.151
3.993
2.172
-1.000
-1.000
-1.000
-1.000
4.178
3.674
-1.000
7.491
3.120
3.272
3.816
2.864
2.624
2.667
3.161
6.054
-1.000
3.641
3.182
-1.000
3.263
3.572
3.348
-1.000
-1.000
3.626
6.745
-1.000
5.964
4.433
-1.000
7.595
3.333
4.608
-1.000
3.459
-1.000
5.957
4.008
4.015
-1.000
-1.000
3.351
3.385
-1.000
4.748
-1.000
-1.000
4.006
3.580
4.964
6.321
-1.000
4.143
4.326
4.836
5.951
5.089
3.237
3.575
-1.000
-1.000
-1.000
-1.000
-1.000
3.234
3.202
-1.000
6.155
3.653
3.031
3.303
3.165
4.677
3.198
-1.000
3.523
4.707
-1.000
4.385
4.659
4.438
-1.000
-1.000
-1.000
-1.000
3.475
4.019
3.830
3.403
3.983
-1.000
-1.000
2.176
3.379
-1.000
2.799
1.115
1.191
1.429
2.239
-1.000
-1.000
1.915
-1.000
-1.000
-1.000
4.108
-1.000
2.203
2.020
3.085
3.082
2.887
-1.000
2.868
1.821
1.687
2.686
-1.000
-1.000
1.768
2.350
-1.000
-1.000
-1.000
2.387
-1.000
-1.000
-1.000
2.899
1.830
3.396
4.778
6.760
2.612
2.335
2.677
-1.000
2.417
2.079
1.877
3.893
2.593
3.520
4.628
2.187
2.667
2.520
5.958
4.297
5.113
3.738
3.569
4.807
2.940
5.400
2.817
2.933
2.066
6.565
2.696
2.037
3.876
5.007
2.427
2.734
6.180
2.059
3.696
1.716
2.278
4.266
-1.000
3.168
4.453
4.871
-1.000
-1.000
-1.000
-1.000
-1.000
-1.000
2.779
5.932
3.501
2.243
-1.000
2.281
2.617
2.506
3.695
2.612
2.557
2.992
2.269
7.963
2.730
3.657
3.292
2.658
2.795
3.025
3.540
3.129
5.304
3.694
6.969
2.338
2.375
2.117
1.988
5.031
2.975
2.883
5.168
3.735
4.951
1.978
5.268
3.480
2.054
2.656
2.458
2.646
3.228
3.332
3.229
7.879
4.346
2.729
4.310
-1.000
3.518
-1.000
2.186
6.564
4.524
-1.000
4.680
4.749
-1.000
6.038
5.588
2.322
6.196
6.092
3.839
4.353
2.557
2.524
5.193
-1.000
2.272
3.266
2.944
2.670
6.321
-1.000
-1.000
4.112
3.523
3.240
2.885
2.647
2.886
2.432
2.253
2.415
2.512
3.273
3.956
2.751
2.720
5.838
3.993
-1.000
2.752
2.509
2.504
3.478
3.032
-1.000
5.890
-1.000
3.035
2.570
3.842
2.456
2.592
2.677
7.104
2.897
4.731
3.901
3.360
2.697
-1.000
4.478
2.591
3.745
2.184
3.568
-1.000
5.362
3.768
3.026
3.430
-1.000
-1.000
-1.000
-1.000
-1.000
-1.000
3.165
2.571
-1.000
3.656
-1.000
-1.000
-1.000
-1.000
-1.000
-1.000
-1.000
-1.000
3.274
-1.000
2.806
2.735
3.081
4.793
5.910
4.362
3.303
2.501
4.605
3.687
-1.000
-1.000
6.269
3.131
2.653
4.353
3.662
2.809
3.323
3.890
2.904
2.707
3.986
2.650
4.512
2.918
5.054
4.198
3.309
4.950
6.143
3.802
2.722
2.996
3.384
3.358
3.491
3.206
3.070
3.022
3.942
-1.000
4.837
5.741
5.759
5.256
6.278
6.489
6.649
5.170
7.071
6.475
7.086
6.782
-1.000
6.753
5.754
7.716
-1.000
7.371
6.441
-1.000
6.631
6.695
7.411
6.503
7.274
5.997
6.398
-1.000
6.750
6.784
-1.000
7.035
7.071
6.201
6.786
-1.000
6.854
5.930
-1.000
7.329
6.745
-1.000
6.853
6.384
6.892
-1.000
7.029
6.646
7.310
7.795
6.237
6.726
7.722
-1.000
-1.000
1.403
-1.000
-1.000
6.857
2.956
2.892
1.876
3.488
-1.000
2.194
-1.000
-1.000
-1.000
-1.000
1.855
-1.000
-1.000
2.316
3.375
2.054
3.101
1.460
-1.000
-1.000
4.305
2.654
3.167
2.444
1.770
-1.000
-1.000
1.300
-1.000
2.645
3.320
2.094
3.461
-1.000
-1.000
-1.000
4.459
2.354
2.341
3.082
4.156
2.258
3.474
2.145
5.174
2.202
4.887
2.633
2.308
-1.000
2.157
2.130
1.911
1.265
1.613
-1.000
-1.000
3.699
2.656
3.011
4.577
4.765
4.036
1.725
2.812
1.643
-1.000
-1.000
2.538
3.825
1.469
2.541
-1.000
3.353
4.802
2.080
1.954
1.690
1.803
-1.000
-1.000
2.323
-1.000
-1.000
-1.000
-1.000
5.026
2.098
3.377
-1.000
-1.000
3.443
4.924
2.139
2.793
1.731
1.901
2.005
3.135
5.469
2.371
4.200
4.555
4.770
5.391
3.503
1.490
2.995
3.664
2.320
1.759
1.734
1.752
-1.000
2.648
-1.000
-1.000
-1.000
-1.000
4.404
-1.000
-1.000
-1.000
4.160
4.512
-1.000
5.379
7.609
6.153
6.154
4.113
-1.000
4.013
4.744
-1.000
3.761
-1.000
-1.000
4.739
3.710
-1.000
5.045
3.388
0.932
-1.000
-1.000
-1.000
1.582
-1.000
-1.000
1.205
-1.000
-1.000
-1.000
3.467
-1.000
-1.000
-1.000
-1.000
2.336
5.897
1.814
5.227
5.726
2.616
3.217
1.773
2.805
1.256
6.171
5.805
-1.000
3.464
4.803
5.739
4.485
4.019
3.122
2.994
2.793
2.086
3.777
2.767
2.683
5.108
1.965
1.483
2.028
1.417
1.527
-1.000
-1.000
-1.000
-1.000
-1.000
-1.000
4.975
2.133
5.233
2.281
4.330
2.222
1.793
2.354
3.441
-1.000
7.510
3.282
-1.000
3.204
3.616
6.089
2.539
3.603
3.436
2.571
3.777
2.698
2.282
-1.000
-1.000
3.461
-1.000
-1.000
1.686
2.134
2.163
5.110
1.718
2.411
1.948
1.521
2.368
1.801
-1.000
1.866
1.646
2.320
4.198
-1.000
-1.000
1.827
5.213
1.868
4.176
3.195
