-1.000
-1.000
-1.000
-1.000
-1.000
-1.000
-1.000
-1.000
-1.000
-1.000
-1.000
-1.000
-1.000
-1.000
-1.000
-1.000
-1.000
-1.000
-1.000
-1.000
-1.000
-1.000
-1.000
-1.000
-1.000
-1.000
-1.000
-1.000
-1.000
-1.000
-1.000
-1.000
-1.000
-1.000
-1.000
-1.000
-1.000
-1.000
-1.000
-1.000
-1.000
-1.000
-1.000
-1.000
4.089
4.043
-1.000
-1.000
-1.000
-1.000
-1.000
-1.000
-1.000
-1.000
-1.000
-1.000
-1.000
-1.000
-1.000
-1.000
-1.000
-1.000
-1.000
-1.000
-1.000
-1.000
-1.000
-1.000
-1.000
-1.000
-1.000
-1.000
-1.000
-1.000
-1.000
-1.000
-1.000
-1.000
-1.000
-1.000
4.690
-1.000
-1.000
-1.000
-1.000
-1.000
-1.000
-1.000
-1.000
-1.000
-1.000
-1.000
-1.000
-1.000
-1.000
-1.000
-1.000
-1.000
-1.000
-1.000
-1.000
-1.000
-1.000
-1.000
-1.000
-1.000
-1.000
-1.000
-1.000
-1.000
-1.000
-1.000
-1.000
-1.000
-1.000
-1.000
-1.000
-1.000
4.670
-1.000
3.952
-1.000
-1.000
-1.000
-1.000
4.734
-1.000
-1.000
-1.000
-1.000
3.215
-1.000
-1.000
-1.000
-1.000
-1.000
-1.000
-1.000
4.960
-1.000
4.196
-1.000
-1.000
-1.000
-1.000
-1.000
-1.000
-1.000
-1.000
-1.000
-1.000
-1.000
-1.000
-1.000
-1.000
-1.000
4.323
-1.000
-1.000
-1.000
-1.000
4.699
-1.000
4.016
-1.000
-1.000
-1.000
-1.000
-1.000
3.907
-1.000
3.844
5.067
-1.000
-1.000
-1.000
-1.000
-1.000
4.192
-1.000
2.964
-1.000
-1.000
-1.000
-1.000
-1.000
-1.000
-1.000
-1.000
-1.000
-1.000
-1.000
4.510
-1.000
-1.000
3.252
-1.000
-1.000
-1.000
-1.000
-1.000
5.494
3.968
-1.000
3.227
4.717
4.982
5.071
3.604
-1.000
-1.000
4.265
4.359
3.449
4.671
-1.000
3.767
5.457
4.104
3.244
-1.000
-1.000
4.510
-1.000
-1.000
-1.000
-1.000
3.044
-1.000
-1.000
-1.000
-1.000
-1.000
-1.000
-1.000
4.664
-1.000
-1.000
-1.000
-1.000
-1.000
-1.000
-1.000
-1.000
-1.000
-1.000
-1.000
4.295
5.163
-1.000
3.756
-1.000
-1.000
4.005
-1.000
-1.000
-1.000
-1.000
-1.000
-1.000
-1.000
-1.000
4.613
4.856
4.571
-1.000
5.309
-1.000
4.605
5.168
-1.000
4.840
-1.000
-1.000
-1.000
-1.000
-1.000
-1.000
-1.000
-1.000
3.942
-1.000
-1.000
-1.000
-1.000
-1.000
-1.000
-1.000
-1.000
4.344
-1.000
-1.000
-1.000
-1.000
-1.000
-1.000
-1.000
-1.000
-1.000
3.818
3.819
-1.000
3.788
4.412
5.651
-1.000
-1.000
-1.000
-1.000
-1.000
-1.000
3.868
-1.000
-1.000
-1.000
-1.000
-1.000
4.315
-1.000
-1.000
-1.000
-1.000
-1.000
-1.000
-1.000
-1.000
-1.000
-1.000
-1.000
-1.000
4.560
-1.000
-1.000
-1.000
-1.000
-1.000
-1.000
-1.000
-1.000
4.280
4.487
-1.000
3.074
-1.000
-1.000
4.089
3.089
-1.000
-1.000
4.748
-1.000
4.588
4.591
-1.000
-1.000
-1.000
-1.000
-1.000
3.739
-1.000
-1.000
-1.000
-1.000
-1.000
-1.000
-1.000
-1.000
-1.000
5.112
-1.000
-1.000
4.475
-1.000
4.412
-1.000
-1.000
3.797
-1.000
-1.000
-1.000
-1.000
-1.000
-1.000
-1.000
-1.000
-1.000
4.077
-1.000
-1.000
-1.000
-1.000
4.377
-1.000
-1.000
-1.000
-1.000
2.914
-1.000
-1.000
-1.000
-1.000
4.811
-1.000
3.921
-1.000
-1.000
-1.000
4.283
4.455
-1.000
-1.000
-1.000
-1.000
-1.000
-1.000
-1.000
-1.000
-1.000
-1.000
5.095
3.668
-1.000
-1.000
4.546
-1.000
-1.000
4.254
-1.000
-1.000
-1.000
4.332
-1.000
5.163
5.535
-1.000
-1.000
-1.000
-1.000
-1.000
-1.000
3.898
-1.000
-1.000
-1.000
-1.000
-1.000
-1.000
-1.000
-1.000
-1.000
-1.000
-1.000
-1.000
-1.000
-1.000
-1.000
-1.000
-1.000
-1.000
-1.000
-1.000
-1.000
-1.000
-1.000
-1.000
-1.000
-1.000
4.873
3.774
-1.000
-1.000
-1.000
4.811
3.829
-1.000
-1.000
-1.000
-1.000
-1.000
-1.000
-1.000
-1.000
-1.000
3.208
-1.000
-1.000
-1.000
-1.000
-1.000
-1.000
4.347
-1.000
-1.000
-1.000
-1.000
4.171
-1.000
-1.000
-1.000
-1.000
-1.000
5.083
-1.000
-1.000
-1.000
-1.000
3.595
-1.000
-1.000
-1.000
-1.000
-1.000
4.555
-1.000
-1.000
-1.000
-1.000
4.612
4.597
3.633
-1.000
-1.000
-1.000
-1.000
-1.000
-1.000
-1.000
-1.000
-1.000
-1.000
-1.000
-1.000
-1.000
-1.000
-1.000
-1.000
-1.000
-1.000
-1.000
-1.000
-1.000
-1.000
-1.000
-1.000
-1.000
-1.000
-1.000
-1.000
-1.000
-1.000
-1.000
-1.000
-1.000
-1.000
-1.000
-1.000
-1.000
-1.000
-1.000
-1.000
-1.000
-1.000
-1.000
-1.000
-1.000
-1.000
-1.000
-1.000
-1.000
-1.000
-1.000
-1.000
-1.000
-1.000
-1.000
-1.000
-1.000
-1.000
-1.000
-1.000
-1.000
-1.000
-1.000
-1.000
-1.000
-1.000
-1.000
-1.000
-1.000
-1.000
-1.000
-1.000
-1.000
-1.000
-1.000
-1.000
-1.000
-1.000
-1.000
-1.000
-1.000
-1.000
-1.000
-1.000
-1.000
-1.000
-1.000
-1.000
-1.000
-1.000
-1.000
3.903
-1.000
-1.000
-1.000
-1.000
-1.000
4.125
-1.000
-1.000
-1.000
4.834
3.006
-1.000
4.060
-1.000
-1.000
-1.000
-1.000
-1.000
-1.000
-1.000
-1.000
-1.000
4.041
-1.000
-1.000
-1.000
-1.000
-1.000
-1.000
-1.000
-1.000
-1.000
-1.000
-1.000
-1.000
-1.000
-1.000
-1.000
-1.000
-1.000
-1.000
-1.000
-1.000
-1.000
-1.000
-1.000
-1.000
5.262
-1.000
-1.000
-1.000
-1.000
-1.000
-1.000
-1.000
-1.000
-1.000
-1.000
-1.000
-1.000
-1.000
-1.000
-1.000
-1.000
-1.000
-1.000
-1.000
-1.000
-1.000
-1.000
-1.000
-1.000
-1.000
-1.000
5.702
-1.000
4.508
3.942
-1.000
-1.000
-1.000
-1.000
-1.000
-1.000
-1.000
-1.000
-1.000
-1.000
-1.000
-1.000
-1.000
-1.000
-1.000
-1.000
-1.000
-1.000
-1.000
-1.000
-1.000
-1.000
-1.000
-1.000
-1.000
-1.000
-1.000
-1.000
-1.000
-1.000
-1.000
-1.000
-1.000
-1.000
-1.000
-1.000
-1.000
-1.000
-1.000
-1.000
-1.000
-1.000
-1.000
-1.000
-1.000
-1.000
-1.000
-1.000
-1.000
-1.000
-1.000
-1.000
-1.000
-1.000
-1.000
-1.000
-1.000
-1.000
-1.000
-1.000
-1.000
-1.000
-1.000
-1.000
-1.000
-1.000
-1.000
-1.000
-1.000
-1.000
-1.000
-1.000
-1.000
-1.000
-1.000
-1.000
-1.000
-1.000
-1.000
-1.000
-1.000
-1.000
-1.000
-1.000
-1.000
-1.000
-1.000
-1.000
-1.000
-1.000
-1.000
-1.000
-1.000
-1.000
-1.000
-1.000
-1.000
-1.000
-1.000
-1.000
-1.000
-1.000
-1.000
-1.000
-1.000
-1.000
-1.000
-1.000
-1.000
-1.000
-1.000
-1.000
-1.000
-1.000
-1.000
-1.000
-1.000
-1.000
-1.000
-1.000
-1.000
-1.000
-1.000
-1.000
-1.000
-1.000
-1.000
-1.000
-1.000
-1.000
-1.000
-1.000
-1.000
-1.000
-1.000
-1.000
-1.000
-1.000
-1.000
-1.000
-1.000
-1.000
-1.000
-1.000
-1.000
-1.000
-1.000
-1.000
-1.000
-1.000
-1.000
-1.000
-1.000
-1.000
-1.000
-1.000
-1.000
-1.000
-1.000
-1.000
-1.000
-1.000
-1.000
-1.000
-1.000
-1.000
-1.000
-1.000
-1.000
-1.000
-1.000
-1.000
-1.000
-1.000
-1.000
-1.000
-1.000
-1.000
-1.000
-1.000
-1.000
-1.000
-1.000
-1.000
-1.000
-1.000
-1.000
-1.000
-1.000
-1.000
-1.000
-1.000
-1.000
-1.000
-1.000
-1.000
-1.000
-1.000
-1.000
-1.000
-1.000
-1.000
-1.000
-1.000
-1.000
-1.000
-1.000
-1.000
-1.000
-1.000
-1.000
-1.000
-1.000
-1.000
-1.000
-1.000
-1.000
-1.000
-1.000
-1.000
-1.000
-1.000
-1.000
-1.000
-1.000
-1.000
-1.000
-1.000
-1.000
-1.000
-1.000
-1.000
-1.000
-1.000
-1.000
-1.000
-1.000
-1.000
-1.000
-1.000
-1.000
-1.000
-1.000
-1.000
-1.000
-1.000
-1.000
-1.000
-1.000
-1.000
-1.000
-1.000
-1.000
-1.000
-1.000
-1.000
-1.000
-1.000
-1.000
-1.000
-1.000
-1.000
-1.000
-1.000
-1.000
-1.000
-1.000
-1.000
-1.000
-1.000
-1.000
-1.000
-1.000
-1.000
-1.000
-1.000
-1.000
-1.000
-1.000
-1.000
-1.000
-1.000
-1.000
-1.000
-1.000
-1.000
-1.000
-1.000
-1.000
-1.000
-1.000
-1.000
-1.000
-1.000
-1.000
-1.000
-1.000
-1.000
-1.000
-1.000
-1.000
-1.000
-1.000
-1.000
-1.000
-1.000
-1.000
-1.000
-1.000
-1.000
-1.000
-1.000
-1.000
-1.000
-1.000
-1.000
-1.000
-1.000
-1.000
-1.000
-1.000
-1.000
-1.000
-1.000
-1.000
-1.000
-1.000
-1.000
-1.000
-1.000
-1.000
-1.000
-1.000
-1.000
-1.000
-1.000
-1.000
-1.000
-1.000
-1.000
-1.000
-1.000
-1.000
-1.000
-1.000
-1.000
-1.000
-1.000
-1.000
-1.000
-1.000
-1.000
-1.000
4.043
-1.000
-1.000
-1.000
-1.000
-1.000
-1.000
-1.000
-1.000
-1.000
-1.000
-1.000
-1.000
-1.000
-1.000
-1.000
-1.000
-1.000
-1.000
-1.000
-1.000
-1.000
-1.000
-1.000
-1.000
-1.000
-1.000
-1.000
-1.000
-1.000
-1.000
-1.000
-1.000
-1.000
-1.000
-1.000
-1.000
-1.000
-1.000
-1.000
-1.000
-1.000
-1.000
-1.000
-1.000
-1.000
-1.000
-1.000
-1.000
-1.000
-1.000
-1.000
-1.000
-1.000
-1.000
-1.000
-1.000
-1.000
-1.000
-1.000
-1.000
-1.000
-1.000
-1.000
-1.000
-1.000
-1.000
-1.000
-1.000
-1.000
-1.000
-1.000
-1.000
-1.000
-1.000
-1.000
-1.000
-1.000
-1.000
-1.000
-1.000
-1.000
-1.000
-1.000
-1.000
-1.000
-1.000
-1.000
-1.000
-1.000
-1.000
-1.000
-1.000
-1.000
-1.000
-1.000
-1.000
-1.000
-1.000
-1.000
-1.000
-1.000
-1.000
-1.000
-1.000
-1.000
-1.000
-1.000
-1.000
-1.000
-1.000
-1.000
-1.000
-1.000
-1.000
-1.000
-1.000
-1.000
-1.000
-1.000
-1.000
4.576
-1.000
-1.000
-1.000
-1.000
-1.000
-1.000
-1.000
-1.000
-1.000
-1.000
-1.000
-1.000
-1.000
4.394
-1.000
-1.000
-1.000
-1.000
-1.000
-1.000
-1.000
-1.000
-1.000
-1.000
-1.000
-1.000
-1.000
4.838
-1.000
-1.000
4.521
5.176
-1.000
-1.000
3.897
-1.000
-1.000
-1.000
-1.000
-1.000
4.645
2.817
-1.000
4.926
-1.000
-1.000
-1.000
5.008
2.137
-1.000
-1.000
-1.000
-1.000
-1.000
-1.000
3.830
4.654
3.526
4.327
-1.000
-1.000
-1.000
-1.000
-1.000
-1.000
-1.000
-1.000
-1.000
-1.000
-1.000
4.452
-1.000
-1.000
-1.000
-1.000
-1.000
-1.000
-1.000
-1.000
-1.000
3.525
-1.000
-1.000
-1.000
5.183
-1.000
-1.000
3.257
-1.000
-1.000
-1.000
-1.000
-1.000
4.356
-1.000
-1.000
-1.000
4.431
4.673
-1.000
-1.000
4.915
4.100
-1.000
-1.000
4.704
-1.000
-1.000
-1.000
-1.000
3.939
-1.000
-1.000
-1.000
-1.000
-1.000
-1.000
-1.000
-1.000
-1.000
-1.000
-1.000
-1.000
-1.000
-1.000
-1.000
-1.000
-1.000
-1.000
-1.000
-1.000
-1.000
-1.000
-1.000
-1.000
-1.000
-1.000
-1.000
-1.000
-1.000
-1.000
-1.000
-1.000
-1.000
-1.000
-1.000
-1.000
-1.000
-1.000
-1.000
-1.000
-1.000
-1.000
-1.000
-1.000
-1.000
-1.000
-1.000
-1.000
-1.000
-1.000
-1.000
-1.000
-1.000
-1.000
-1.000
-1.000
-1.000
-1.000
-1.000
-1.000
-1.000
-1.000
-1.000
-1.000
-1.000
-1.000
-1.000
-1.000
-1.000
-1.000
-1.000
-1.000
-1.000
-1.000
-1.000
-1.000
-1.000
-1.000
-1.000
-1.000
-1.000
-1.000
-1.000
-1.000
-1.000
-1.000
-1.000
-1.000
-1.000
-1.000
-1.000
-1.000
-1.000
-1.000
-1.000
-1.000
-1.000
-1.000
-1.000
-1.000
-1.000
-1.000
-1.000
-1.000
-1.000
-1.000
-1.000
-1.000
-1.000
-1.000
-1.000
-1.000
-1.000
-1.000
-1.000
-1.000
-1.000
-1.000
-1.000
-1.000
-1.000
-1.000
-1.000
-1.000
-1.000
-1.000
-1.000
-1.000
-1.000
-1.000
-1.000
-1.000
-1.000
-1.000
-1.000
-1.000
-1.000
-1.000
-1.000
-1.000
-1.000
-1.000
-1.000
-1.000
-1.000
-1.000
-1.000
-1.000
-1.000
-1.000
-1.000
-1.000
-1.000
-1.000
-1.000
-1.000
-1.000
-1.000
-1.000
-1.000
-1.000
-1.000
-1.000
-1.000
-1.000
-1.000
-1.000
-1.000
-1.000
-1.000
-1.000
-1.000
-1.000
-1.000
-1.000
-1.000
-1.000
-1.000
-1.000
-1.000
-1.000
-1.000
-1.000
-1.000
-1.000
-1.000
-1.000
-1.000
-1.000
-1.000
-1.000
-1.000
-1.000
-1.000
-1.000
-1.000
-1.000
-1.000
-1.000
-1.000
-1.000
-1.000
-1.000
-1.000
-1.000
-1.000
-1.000
-1.000
-1.000
-1.000
-1.000
-1.000
-1.000
-1.000
-1.000
-1.000
-1.000
-1.000
-1.000
-1.000
-1.000
-1.000
-1.000
-1.000
-1.000
-1.000
5.482
3.602
-1.000
4.408
-1.000
-1.000
-1.000
-1.000
-1.000
-1.000
-1.000
-1.000
-1.000
-1.000
-1.000
-1.000
3.749
-1.000
-1.000
-1.000
-1.000
4.597
-1.000
-1.000
-1.000
3.298
-1.000
3.285
-1.000
-1.000
-1.000
-1.000
-1.000
-1.000
-1.000
4.083
3.338
-1.000
-1.000
-1.000
-1.000
-1.000
-1.000
-1.000
4.642
-1.000
3.992
3.634
-1.000
-1.000
-1.000
-1.000
-1.000
-1.000
-1.000
-1.000
-1.000
-1.000
-1.000
5.266
-1.000
-1.000
3.769
4.683
-1.000
4.091
-1.000
-1.000
-1.000
-1.000
-1.000
5.442
5.632
-1.000
-1.000
-1.000
-1.000
4.968
-1.000
-1.000
-1.000
-1.000
4.642
4.470
-1.000
-1.000
4.259
-1.000
-1.000
-1.000
5.569
4.636
4.790
3.413
-1.000
-1.000
4.243
-1.000
4.564
-1.000
-1.000
-1.000
5.500
-1.000
-1.000
-1.000
-1.000
-1.000
-1.000
-1.000
-1.000
-1.000
-1.000
-1.000
-1.000
3.897
-1.000
-1.000
-1.000
-1.000
-1.000
-1.000
5.582
-1.000
-1.000
-1.000
4.820
5.392
4.539
-1.000
4.169
-1.000
-1.000
4.019
4.470
-1.000
4.277
-1.000
-1.000
-1.000
-1.000
-1.000
-1.000
-1.000
-1.000
-1.000
-1.000
-1.000
-1.000
-1.000
4.377
4.071
-1.000
-1.000
-1.000
-1.000
3.426
-1.000
-1.000
-1.000
-1.000
-1.000
-1.000
-1.000
-1.000
-1.000
-1.000
-1.000
-1.000
4.622
-1.000
-1.000
4.135
-1.000
-1.000
-1.000
-1.000
-1.000
-1.000
4.503
-1.000
4.052
5.742
-1.000
3.120
4.499
4.120
-1.000
-1.000
-1.000
-1.000
-1.000
4.592
-1.000
-1.000
-1.000
3.151
3.435
-1.000
2.978
4.587
3.708
-1.000
-1.000
-1.000
4.058
-1.000
-1.000
-1.000
-1.000
4.281
3.951
-1.000
-1.000
-1.000
-1.000
-1.000
-1.000
-1.000
5.004
4.750
-1.000
-1.000
5.423
4.264
-1.000
-1.000
-1.000
-1.000
-1.000
4.807
-1.000
-1.000
-1.000
4.035
-1.000
-1.000
-1.000
-1.000
3.998
-1.000
4.234
-1.000
-1.000
-1.000
-1.000
-1.000
-1.000
-1.000
-1.000
4.489
4.382
-1.000
-1.000
-1.000
-1.000
-1.000
-1.000
4.637
-1.000
-1.000
3.222
-1.000
3.420
-1.000
4.227
-1.000
4.623
4.182
-1.000
-1.000
-1.000
-1.000
-1.000
-1.000
-1.000
-1.000
-1.000
-1.000
-1.000
-1.000
-1.000
-1.000
-1.000
-1.000
-1.000
-1.000
4.705
-1.000
-1.000
-1.000
-1.000
-1.000
-1.000
-1.000
3.618
-1.000
4.917
-1.000
3.919
-1.000
5.003
3.192
-1.000
4.910
-1.000
-1.000
-1.000
-1.000
5.245
-1.000
-1.000
4.723
-1.000
-1.000
3.361
3.971
5.899
-1.000
-1.000
-1.000
-1.000
3.218
-1.000
-1.000
-1.000
3.358
-1.000
-1.000
5.057
5.418
-1.000
-1.000
-1.000
-1.000
4.522
-1.000
4.072
-1.000
-1.000
-1.000
3.276
-1.000
-1.000
-1.000
-1.000
-1.000
-1.000
-1.000
-1.000
3.710
3.926
4.854
-1.000
4.679
-1.000
-1.000
3.809
-1.000
4.010
3.578
5.596
-1.000
-1.000
-1.000
-1.000
-1.000
-1.000
4.826
-1.000
-1.000
-1.000
-1.000
-1.000
-1.000
-1.000
3.417
-1.000
-1.000
-1.000
-1.000
-1.000
-1.000
4.367
3.535
-1.000
-1.000
2.918
3.400
-1.000
-1.000
-1.000
-1.000
-1.000
-1.000
-1.000
5.059
-1.000
-1.000
-1.000
-1.000
5.083
-1.000
-1.000
-1.000
-1.000
-1.000
-1.000
-1.000
4.867
-1.000
5.460
-1.000
5.241
2.765
-1.000
-1.000
-1.000
-1.000
-1.000
-1.000
-1.000
4.960
-1.000
4.539
-1.000
-1.000
-1.000
4.585
-1.000
4.834
-1.000
-1.000
3.833
-1.000
-1.000
-1.000
-1.000
-1.000
-1.000
4.242
-1.000
3.103
-1.000
-1.000
-1.000
-1.000
-1.000
3.119
-1.000
5.016
4.559
-1.000
-1.000
3.541
-1.000
4.199
-1.000
-1.000
5.417
4.341
-1.000
-1.000
-1.000
5.042
-1.000
-1.000
-1.000
-1.000
-1.000
-1.000
-1.000
4.413
-1.000
5.386
-1.000
-1.000
-1.000
-1.000
-1.000
-1.000
-1.000
-1.000
-1.000
-1.000
-1.000
-1.000
-1.000
-1.000
-1.000
3.086
4.399
-1.000
-1.000
3.385
4.632
4.325
5.980
3.383
-1.000
-1.000
-1.000
-1.000
3.791
-1.000
-1.000
-1.000
-1.000
-1.000
-1.000
-1.000
4.733
-1.000
3.853
-1.000
-1.000
-1.000
-1.000
-1.000
-1.000
-1.000
-1.000
-1.000
3.263
-1.000
-1.000
-1.000
-1.000
-1.000
-1.000
-1.000
4.535
3.700
3.778
-1.000
-1.000
-1.000
-1.000
4.192
-1.000
4.969
-1.000
3.754
4.742
4.091
-1.000
4.174
-1.000
4.168
-1.000
4.044
-1.000
-1.000
-1.000
-1.000
-1.000
4.826
4.626
-1.000
-1.000
3.864
-1.000
4.195
-1.000
3.878
-1.000
-1.000
-1.000
-1.000
-1.000
-1.000
-1.000
-1.000
4.241
-1.000
-1.000
-1.000
-1.000
-1.000
-1.000
-1.000
-1.000
-1.000
-1.000
-1.000
-1.000
-1.000
-1.000
-1.000
-1.000
-1.000
-1.000
-1.000
3.082
-1.000
3.743
3.803
-1.000
-1.000
-1.000
5.751
4.494
3.694
-1.000
4.014
4.119
4.503
-1.000
-1.000
-1.000
-1.000
4.724
4.446
-1.000
-1.000
-1.000
-1.000
-1.000
-1.000
-1.000
-1.000
-1.000
-1.000
-1.000
3.769
3.362
-1.000
-1.000
3.032
-1.000
-1.000
-1.000
-1.000
3.206
-1.000
-1.000
-1.000
-1.000
-1.000
-1.000
-1.000
-1.000
-1.000
-1.000
-1.000
-1.000
4.876
-1.000
-1.000
-1.000
-1.000
-1.000
3.373
-1.000
3.663
-1.000
3.783
3.734
-1.000
4.535
4.475
-1.000
-1.000
-1.000
-1.000
-1.000
-1.000
-1.000
4.192
-1.000
-1.000
4.772
3.614
4.060
3.401
-1.000
-1.000
-1.000
4.142
-1.000
-1.000
4.536
4.484
4.639
-1.000
-1.000
-1.000
-1.000
-1.000
-1.000
-1.000
-1.000
-1.000
-1.000
-1.000
-1.000
3.621
4.299
-1.000
-1.000
-1.000
4.764
-1.000
-1.000
-1.000
-1.000
-1.000
-1.000
-1.000
-1.000
-1.000
-1.000
4.967
-1.000
4.302
4.872
-1.000
3.654
4.765
-1.000
-1.000
-1.000
4.667
-1.000
-1.000
-1.000
4.058
-1.000
5.253
-1.000
-1.000
5.491
-1.000
-1.000
-1.000
-1.000
-1.000
3.702
-1.000
-1.000
-1.000
-1.000
2.992
-1.000
3.978
-1.000
-1.000
-1.000
-1.000
-1.000
4.024
-1.000
-1.000
-1.000
-1.000
-1.000
-1.000
3.125
-1.000
-1.000
-1.000
-1.000
2.928
4.070
-1.000
-1.000
4.684
3.085
-1.000
3.251
-1.000
-1.000
-1.000
-1.000
-1.000
-1.000
-1.000
-1.000
4.338
-1.000
-1.000
5.955
-1.000
-1.000
-1.000
4.781
-1.000
-1.000
-1.000
-1.000
-1.000
-1.000
-1.000
-1.000
4.924
-1.000
4.821
-1.000
5.565
-1.000
-1.000
-1.000
-1.000
-1.000
-1.000
-1.000
-1.000
-1.000
2.682
-1.000
-1.000
4.574
-1.000
-1.000
3.878
-1.000
-1.000
4.124
-1.000
-1.000
-1.000
-1.000
-1.000
4.445
-1.000
4.861
-1.000
-1.000
-1.000
-1.000
-1.000
-1.000
-1.000
4.377
-1.000
-1.000
-1.000
-1.000
-1.000
-1.000
4.217
2.994
3.835
4.115
3.592
-1.000
-1.000
-1.000
-1.000
-1.000
-1.000
5.048
4.331
-1.000
3.798
2.727
-1.000
4.246
-1.000
-1.000
-1.000
-1.000
-1.000
-1.000
-1.000
-1.000
3.722
3.423
-1.000
-1.000
-1.000
-1.000
-1.000
4.599
-1.000
4.516
3.610
-1.000
-1.000
-1.000
-1.000
-1.000
-1.000
-1.000
5.191
5.632
-1.000
-1.000
4.043
-1.000
5.534
3.888
3.575
4.768
-1.000
-1.000
-1.000
4.780
-1.000
-1.000
-1.000
-1.000
-1.000
-1.000
4.284
4.250
4.138
-1.000
4.354
-1.000
-1.000
-1.000
-1.000
-1.000
-1.000
-1.000
-1.000
3.443
-1.000
-1.000
-1.000
-1.000
-1.000
4.209
-1.000
4.050
-1.000
-1.000
4.901
4.887
4.057
-1.000
4.602
-1.000
-1.000
-1.000
3.865
-1.000
-1.000
-1.000
-1.000
-1.000
-1.000
-1.000
3.210
-1.000
-1.000
4.125
-1.000
-1.000
4.257
-1.000
-1.000
4.796
4.297
-1.000
-1.000
-1.000
-1.000
-1.000
-1.000
-1.000
-1.000
-1.000
-1.000
2.141
-1.000
-1.000
-1.000
-1.000
-1.000
-1.000
3.876
-1.000
3.680
4.297
-1.000
-1.000
-1.000
-1.000
5.406
6.032
-1.000
4.189
-1.000
-1.000
-1.000
4.333
-1.000
-1.000
-1.000
-1.000
-1.000
-1.000
4.673
3.964
-1.000
-1.000
-1.000
3.877
-1.000
-1.000
-1.000
4.028
-1.000
-1.000
-1.000
-1.000
3.528
-1.000
-1.000
2.802
-1.000
2.800
-1.000
-1.000
-1.000
-1.000
-1.000
3.655
-1.000
4.552
-1.000
4.476
-1.000
-1.000
-1.000
3.383
-1.000
-1.000
4.689
4.495
-1.000
4.263
4.683
-1.000
5.656
-1.000
4.301
3.860
-1.000
4.916
-1.000
-1.000
4.652
3.242
-1.000
4.738
-1.000
-1.000
-1.000
-1.000
-1.000
5.783
-1.000
-1.000
-1.000
-1.000
4.322
-1.000
4.714
-1.000
4.078
-1.000
-1.000
-1.000
-1.000
-1.000
-1.000
4.440
-1.000
4.709
-1.000
4.079
3.744
-1.000
-1.000
-1.000
-1.000
4.275
-1.000
-1.000
-1.000
4.175
-1.000
-1.000
-1.000
4.983
-1.000
-1.000
-1.000
3.802
-1.000
-1.000
-1.000
3.353
3.799
-1.000
3.663
2.836
-1.000
-1.000
4.672
4.666
-1.000
-1.000
-1.000
-1.000
4.029
4.842
4.145
-1.000
4.122
-1.000
4.442
-1.000
4.696
-1.000
-1.000
-1.000
-1.000
3.946
-1.000
-1.000
-1.000
5.736
-1.000
3.875
-1.000
5.094
-1.000
-1.000
-1.000
-1.000
-1.000
-1.000
-1.000
4.818
3.577
4.299
-1.000
-1.000
3.642
-1.000
-1.000
-1.000
-1.000
4.386
-1.000
5.043
-1.000
-1.000
-1.000
-1.000
4.556
-1.000
-1.000
-1.000
4.200
-1.000
-1.000
-1.000
-1.000
-1.000
-1.000
3.773
5.385
-1.000
-1.000
-1.000
-1.000
-1.000
-1.000
-1.000
-1.000
-1.000
-1.000
3.742
4.572
-1.000
-1.000
-1.000
-1.000
-1.000
-1.000
-1.000
4.325
-1.000
-1.000
-1.000
-1.000
-1.000
-1.000
-1.000
-1.000
-1.000
4.208
-1.000
-1.000
-1.000
-1.000
-1.000
4.065
-1.000
4.461
-1.000
-1.000
-1.000
-1.000
5.016
4.257
-1.000
-1.000
4.187
-1.000
-1.000
-1.000
-1.000
4.006
-1.000
-1.000
4.378
-1.000
-1.000
-1.000
4.340
-1.000
4.412
-1.000
4.365
-1.000
-1.000
4.211
4.351
-1.000
-1.000
2.471
-1.000
-1.000
-1.000
-1.000
-1.000
-1.000
4.095
-1.000
4.549
4.386
-1.000
3.838
-1.000
4.803
-1.000
-1.000
-1.000
-1.000
-1.000
-1.000
-1.000
-1.000
-1.000
-1.000
-1.000
-1.000
-1.000
-1.000
4.231
-1.000
-1.000
4.559
-1.000
3.911
4.968
4.873
-1.000
-1.000
-1.000
-1.000
-1.000
-1.000
-1.000
-1.000
4.530
4.316
-1.000
-1.000
-1.000
-1.000
3.031
3.702
-1.000
-1.000
-1.000
-1.000
4.012
-1.000
-1.000
3.710
-1.000
-1.000
-1.000
-1.000
4.187
3.182
2.978
-1.000
-1.000
-1.000
4.467
-1.000
-1.000
-1.000
-1.000
3.123
-1.000
-1.000
3.971
-1.000
-1.000
2.895
-1.000
3.758
4.196
-1.000
-1.000
-1.000
-1.000
-1.000
-1.000
4.537
-1.000
-1.000
-1.000
4.000
-1.000
-1.000
-1.000
-1.000
3.593
-1.000
5.025
5.314
-1.000
-1.000
-1.000
-1.000
-1.000
-1.000
-1.000
-1.000
-1.000
-1.000
-1.000
-1.000
-1.000
-1.000
-1.000
-1.000
4.359
-1.000
4.236
-1.000
-1.000
-1.000
-1.000
3.598
-1.000
-1.000
-1.000
4.712
4.278
-1.000
-1.000
-1.000
-1.000
-1.000
-1.000
-1.000
4.771
3.844
-1.000
5.124
-1.000
-1.000
4.969
6.081
-1.000
-1.000
-1.000
-1.000
-1.000
-1.000
-1.000
4.570
-1.000
-1.000
-1.000
-1.000
-1.000
4.777
-1.000
-1.000
-1.000
-1.000
-1.000
-1.000
-1.000
-1.000
-1.000
-1.000
-1.000
-1.000
-1.000
4.072
4.528
-1.000
-1.000
-1.000
-1.000
-1.000
-1.000
-1.000
-1.000
-1.000
-1.000
-1.000
-1.000
4.670
-1.000
-1.000
-1.000
-1.000
-1.000
-1.000
-1.000
-1.000
-1.000
3.537
-1.000
4.378
2.863
3.355
-1.000
-1.000
-1.000
3.372
4.024
-1.000
-1.000
4.831
5.460
-1.000
-1.000
-1.000
-1.000
4.873
-1.000
-1.000
3.802
-1.000
-1.000
-1.000
-1.000
-1.000
-1.000
-1.000
-1.000
3.514
-1.000
3.286
-1.000
-1.000
-1.000
5.013
-1.000
-1.000
-1.000
-1.000
3.814
-1.000
-1.000
-1.000
-1.000
-1.000
-1.000
-1.000
4.116
-1.000
4.845
4.350
-1.000
4.859
-1.000
-1.000
-1.000
-1.000
-1.000
-1.000
-1.000
3.543
-1.000
-1.000
-1.000
2.186
3.729
-1.000
3.528
-1.000
3.939
-1.000
-1.000
-1.000
-1.000
-1.000
4.956
-1.000
-1.000
-1.000
-1.000
-1.000
-1.000
-1.000
-1.000
-1.000
-1.000
-1.000
-1.000
-1.000
-1.000
-1.000
-1.000
-1.000
-1.000
-1.000
2.967
-1.000
-1.000
-1.000
-1.000
-1.000
-1.000
-1.000
-1.000
-1.000
-1.000
-1.000
-1.000
-1.000
-1.000
-1.000
-1.000
-1.000
-1.000
3.988
-1.000
4.823
-1.000
-1.000
4.728
-1.000
3.725
4.285
4.490
4.464
4.473
-1.000
-1.000
-1.000
3.361
-1.000
-1.000
-1.000
-1.000
-1.000
-1.000
4.141
-1.000
-1.000
-1.000
-1.000
-1.000
4.154
-1.000
5.059
-1.000
4.930
4.932
3.957
-1.000
2.802
-1.000
-1.000
3.884
-1.000
-1.000
-1.000
-1.000
-1.000
-1.000
-1.000
5.208
-1.000
3.743
4.170
3.707
-1.000
4.668
-1.000
-1.000
-1.000
-1.000
-1.000
-1.000
-1.000
-1.000
3.663
-1.000
-1.000
4.273
-1.000
-1.000
4.103
-1.000
-1.000
5.155
3.678
-1.000
4.358
-1.000
-1.000
-1.000
-1.000
-1.000
-1.000
-1.000
-1.000
-1.000
-1.000
-1.000
3.902
-1.000
-1.000
-1.000
-1.000
-1.000
-1.000
-1.000
-1.000
-1.000
-1.000
-1.000
-1.000
4.461
-1.000
-1.000
-1.000
-1.000
-1.000
-1.000
-1.000
-1.000
-1.000
-1.000
-1.000
5.603
-1.000
-1.000
3.724
-1.000
-1.000
-1.000
-1.000
-1.000
3.969
-1.000
-1.000
-1.000
-1.000
5.128
-1.000
-1.000
-1.000
-1.000
-1.000
-1.000
5.056
-1.000
3.811
-1.000
-1.000
5.999
-1.000
-1.000
-1.000
-1.000
-1.000
-1.000
-1.000
4.281
-1.000
3.090
-1.000
3.704
-1.000
-1.000
-1.000
4.122
5.400
-1.000
-1.000
4.015
-1.000
4.596
3.968
-1.000
6.037
4.234
-1.000
3.301
-1.000
5.294
-1.000
-1.000
-1.000
-1.000
3.692
-1.000
-1.000
-1.000
-1.000
-1.000
-1.000
-1.000
-1.000
-1.000
4.685
3.661
-1.000
4.055
-1.000
-1.000
-1.000
4.382
2.574
4.491
4.692
-1.000
-1.000
3.492
-1.000
-1.000
-1.000
-1.000
-1.000
-1.000
-1.000
-1.000
-1.000
3.683
4.439
3.338
-1.000
-1.000
-1.000
-1.000
-1.000
3.527
-1.000
-1.000
-1.000
-1.000
3.032
-1.000
-1.000
4.451
4.091
-1.000
-1.000
-1.000
-1.000
-1.000
-1.000
-1.000
-1.000
4.039
-1.000
-1.000
-1.000
-1.000
-1.000
3.771
-1.000
3.867
-1.000
-1.000
-1.000
-1.000
4.881
6.013
-1.000
3.464
4.169
-1.000
4.449
4.804
3.939
-1.000
-1.000
-1.000
-1.000
-1.000
4.538
3.332
4.769
5.111
-1.000
-1.000
-1.000
-1.000
-1.000
3.424
-1.000
4.612
-1.000
-1.000
-1.000
-1.000
3.753
-1.000
4.799
4.406
3.485
-1.000
4.405
-1.000
3.826
-1.000
-1.000
-1.000
3.857
4.709
-1.000
-1.000
5.597
-1.000
-1.000
-1.000
4.103
-1.000
-1.000
-1.000
-1.000
-1.000
-1.000
-1.000
5.722
-1.000
4.258
-1.000
-1.000
-1.000
4.075
5.226
4.135
-1.000
-1.000
-1.000
4.262
-1.000
-1.000
-1.000
-1.000
-1.000
-1.000
-1.000
-1.000
-1.000
2.725
3.691
-1.000
-1.000
4.421
-1.000
-1.000
-1.000
4.929
-1.000
-1.000
-1.000
4.536
-1.000
-1.000
-1.000
-1.000
-1.000
4.401
-1.000
-1.000
-1.000
-1.000
3.445
-1.000
5.851
-1.000
-1.000
-1.000
-1.000
-1.000
-1.000
-1.000
3.961
-1.000
-1.000
-1.000
-1.000
4.100
-1.000
-1.000
-1.000
-1.000
3.134
-1.000
-1.000
-1.000
-1.000
-1.000
-1.000
2.997
-1.000
-1.000
-1.000
4.697
-1.000
-1.000
3.094
4.099
-1.000
-1.000
-1.000
-1.000
-1.000
-1.000
4.129
-1.000
-1.000
-1.000
-1.000
-1.000
-1.000
-1.000
-1.000
-1.000
-1.000
-1.000
-1.000
-1.000
-1.000
3.765
-1.000
-1.000
4.543
-1.000
-1.000
-1.000
-1.000
-1.000
-1.000
-1.000
-1.000
-1.000
4.115
5.713
4.662
-1.000
-1.000
-1.000
-1.000
-1.000
-1.000
-1.000
-1.000
-1.000
-1.000
-1.000
5.226
4.478
1.958
-1.000
4.223
-1.000
-1.000
-1.000
-1.000
-1.000
-1.000
3.797
4.111
-1.000
-1.000
-1.000
4.151
-1.000
-1.000
4.909
1.843
-1.000
4.529
4.414
4.517
3.608
-1.000
4.959
-1.000
-1.000
-1.000
-1.000
-1.000
-1.000
3.564
-1.000
-1.000
-1.000
-1.000
2.466
-1.000
-1.000
-1.000
3.826
4.674
-1.000
3.870
-1.000
-1.000
-1.000
-1.000
-1.000
-1.000
3.248
-1.000
-1.000
-1.000
-1.000
-1.000
-1.000
-1.000
4.593
5.367
-1.000
-1.000
4.763
-1.000
-1.000
-1.000
4.454
4.460
-1.000
-1.000
-1.000
2.332
3.899
-1.000
-1.000
-1.000
4.600
-1.000
-1.000
-1.000
4.620
-1.000
4.213
-1.000
-1.000
-1.000
4.061
4.089
3.451
-1.000
4.442
4.916
3.316
-1.000
-1.000
-1.000
-1.000
6.097
3.492
-1.000
-1.000
-1.000
-1.000
-1.000
-1.000
4.645
3.771
-1.000
-1.000
3.702
-1.000
-1.000
-1.000
-1.000
-1.000
4.512
-1.000
-1.000
3.438
3.818
-1.000
-1.000
-1.000
-1.000
-1.000
-1.000
3.990
5.175
-1.000
-1.000
3.789
-1.000
-1.000
-1.000
3.471
-1.000
-1.000
-1.000
-1.000
-1.000
-1.000
-1.000
-1.000
-1.000
4.605
5.305
-1.000
-1.000
-1.000
4.461
-1.000
4.809
-1.000
-1.000
-1.000
-1.000
-1.000
-1.000
-1.000
-1.000
-1.000
-1.000
-1.000
-1.000
4.317
-1.000
4.103
-1.000
-1.000
-1.000
5.240
-1.000
-1.000
-1.000
-1.000
4.544
3.720
-1.000
-1.000
-1.000
-1.000
-1.000
-1.000
-1.000
-1.000
-1.000
-1.000
3.839
-1.000
-1.000
-1.000
-1.000
-1.000
-1.000
-1.000
-1.000
3.487
-1.000
-1.000
-1.000
-1.000
-1.000
-1.000
-1.000
-1.000
-1.000
-1.000
-1.000
5.301
3.390
4.736
4.383
-1.000
-1.000
-1.000
-1.000
-1.000
-1.000
-1.000
-1.000
-1.000
-1.000
4.300
-1.000
-1.000
-1.000
-1.000
-1.000
4.325
-1.000
-1.000
-1.000
-1.000
-1.000
4.272
-1.000
2.686
4.524
-1.000
-1.000
-1.000
4.962
3.872
-1.000
-1.000
-1.000
-1.000
4.789
4.498
4.552
-1.000
3.973
4.737
4.964
4.127
-1.000
3.581
-1.000
3.468
4.837
-1.000
4.450
-1.000
-1.000
4.046
-1.000
3.987
-1.000
-1.000
-1.000
-1.000
-1.000
-1.000
-1.000
4.893
4.222
-1.000
-1.000
-1.000
-1.000
-1.000
-1.000
-1.000
-1.000
3.983
-1.000
3.450
-1.000
-1.000
-1.000
3.577
-1.000
-1.000
-1.000
-1.000
-1.000
-1.000
6.074
-1.000
-1.000
3.888
-1.000
-1.000
-1.000
-1.000
3.760
-1.000
-1.000
5.181
-1.000
-1.000
4.454
-1.000
4.117
-1.000
-1.000
-1.000
3.901
-1.000
-1.000
-1.000
-1.000
-1.000
-1.000
3.227
-1.000
-1.000
-1.000
-1.000
5.068
-1.000
4.740
3.325
4.612
-1.000
-1.000
4.409
-1.000
-1.000
-1.000
-1.000
-1.000
-1.000
-1.000
-1.000
4.542
-1.000
4.517
-1.000
-1.000
-1.000
-1.000
-1.000
-1.000
-1.000
-1.000
-1.000
-1.000
-1.000
-1.000
-1.000
-1.000
4.446
-1.000
-1.000
-1.000
-1.000
-1.000
-1.000
4.830
4.133
-1.000
-1.000
-1.000
-1.000
-1.000
5.039
3.237
-1.000
-1.000
-1.000
-1.000
4.290
3.507
-1.000
4.204
-1.000
4.483
-1.000
3.869
-1.000
3.529
-1.000
-1.000
-1.000
-1.000
-1.000
3.289
-1.000
-1.000
-1.000
-1.000
4.445
4.017
-1.000
-1.000
4.224
-1.000
-1.000
5.060
3.426
-1.000
4.451
-1.000
-1.000
5.507
-1.000
-1.000
5.138
-1.000
-1.000
5.416
-1.000
-1.000
-1.000
4.304
-1.000
-1.000
-1.000
-1.000
3.865
4.572
-1.000
4.238
-1.000
-1.000
-1.000
-1.000
-1.000
-1.000
-1.000
-1.000
3.237
-1.000
4.997
-1.000
-1.000
-1.000
-1.000
-1.000
-1.000
4.094
-1.000
-1.000
-1.000
-1.000
-1.000
4.417
-1.000
-1.000
4.489
4.137
-1.000
-1.000
4.513
4.654
-1.000
-1.000
-1.000
-1.000
-1.000
-1.000
-1.000
4.448
3.956
4.317
-1.000
5.095
-1.000
3.235
-1.000
3.438
4.517
-1.000
-1.000
-1.000
-1.000
4.780
-1.000
-1.000
-1.000
-1.000
-1.000
5.490
3.528
-1.000
-1.000
-1.000
-1.000
-1.000
-1.000
-1.000
-1.000
-1.000
4.311
-1.000
-1.000
4.514
-1.000
-1.000
-1.000
-1.000
-1.000
-1.000
-1.000
5.532
4.285
-1.000
3.856
-1.000
-1.000
-1.000
-1.000
-1.000
-1.000
-1.000
3.594
-1.000
-1.000
3.550
4.385
4.319
-1.000
4.612
4.506
-1.000
-1.000
-1.000
-1.000
-1.000
-1.000
-1.000
-1.000
-1.000
-1.000
-1.000
-1.000
4.243
-1.000
-1.000
6.236
4.531
-1.000
-1.000
3.441
2.827
-1.000
-1.000
3.878
-1.000
-1.000
-1.000
-1.000
3.608
4.321
-1.000
-1.000
-1.000
-1.000
3.980
-1.000
-1.000
-1.000
4.038
4.181
-1.000
3.213
-1.000
-1.000
-1.000
3.907
-1.000
-1.000
-1.000
-1.000
-1.000
-1.000
3.983
3.703
3.211
-1.000
-1.000
-1.000
-1.000
-1.000
-1.000
-1.000
-1.000
-1.000
-1.000
4.216
3.046
-1.000
-1.000
-1.000
-1.000
5.179
-1.000
-1.000
-1.000
4.853
-1.000
-1.000
-1.000
-1.000
3.584
-1.000
-1.000
4.275
-1.000
-1.000
-1.000
-1.000
-1.000
-1.000
-1.000
-1.000
-1.000
5.092
4.398
-1.000
-1.000
4.001
-1.000
-1.000
-1.000
-1.000
-1.000
-1.000
-1.000
-1.000
-1.000
-1.000
-1.000
-1.000
5.022
3.415
-1.000
-1.000
-1.000
5.606
-1.000
2.911
-1.000
-1.000
-1.000
-1.000
5.052
-1.000
3.744
-1.000
-1.000
-1.000
-1.000
-1.000
-1.000
-1.000
-1.000
-1.000
-1.000
-1.000
-1.000
4.888
-1.000
-1.000
-1.000
-1.000
-1.000
-1.000
-1.000
-1.000
-1.000
4.333
-1.000
-1.000
4.446
-1.000
-1.000
3.458
4.617
-1.000
-1.000
-1.000
3.748
-1.000
-1.000
-1.000
3.827
-1.000
3.212
-1.000
-1.000
-1.000
-1.000
-1.000
-1.000
-1.000
5.965
4.359
4.314
-1.000
-1.000
-1.000
-1.000
-1.000
-1.000
6.103
-1.000
-1.000
4.412
-1.000
-1.000
-1.000
3.973
4.423
-1.000
3.526
-1.000
-1.000
-1.000
-1.000
-1.000
4.959
-1.000
-1.000
-1.000
3.417
-1.000
4.605
-1.000
5.108
-1.000
-1.000
-1.000
-1.000
-1.000
4.285
4.259
-1.000
-1.000
-1.000
-1.000
-1.000
-1.000
4.176
-1.000
3.858
-1.000
-1.000
-1.000
-1.000
-1.000
4.498
4.506
-1.000
6.012
-1.000
-1.000
-1.000
-1.000
-1.000
-1.000
3.386
-1.000
-1.000
-1.000
-1.000
-1.000
-1.000
-1.000
-1.000
-1.000
-1.000
-1.000
-1.000
-1.000
-1.000
-1.000
-1.000
-1.000
4.574
-1.000
4.590
-1.000
-1.000
-1.000
-1.000
4.300
-1.000
4.340
2.810
-1.000
3.910
-1.000
3.531
-1.000
-1.000
-1.000
5.737
-1.000
-1.000
4.011
-1.000
3.191
-1.000
4.205
-1.000
-1.000
-1.000
4.956
-1.000
3.605
-1.000
-1.000
-1.000
-1.000
-1.000
3.847
4.757
4.294
-1.000
-1.000
-1.000
-1.000
-1.000
-1.000
-1.000
-1.000
4.434
4.068
-1.000
-1.000
-1.000
4.831
-1.000
-1.000
3.646
4.070
4.815
-1.000
-1.000
5.421
-1.000
-1.000
-1.000
-1.000
-1.000
4.373
-1.000
-1.000
-1.000
-1.000
-1.000
-1.000
-1.000
-1.000
-1.000
-1.000
-1.000
4.127
-1.000
-1.000
3.910
-1.000
-1.000
-1.000
3.463
-1.000
-1.000
3.687
-1.000
-1.000
-1.000
-1.000
3.871
4.283
-1.000
-1.000
-1.000
4.102
4.339
-1.000
-1.000
-1.000
4.514
-1.000
-1.000
3.246
-1.000
-1.000
4.390
4.410
-1.000
3.981
-1.000
4.037
-1.000
4.571
4.278
-1.000
-1.000
-1.000
-1.000
5.487
5.030
4.666
-1.000
-1.000
-1.000
-1.000
-1.000
4.101
-1.000
3.546
3.587
-1.000
5.778
-1.000
-1.000
-1.000
4.598
-1.000
-1.000
-1.000
-1.000
-1.000
-1.000
-1.000
5.103
-1.000
-1.000
-1.000
-1.000
-1.000
-1.000
-1.000
-1.000
-1.000
-1.000
-1.000
3.635
4.398
3.949
-1.000
-1.000
-1.000
-1.000
-1.000
-1.000
4.008
4.605
-1.000
4.547
4.928
-1.000
-1.000
3.843
2.768
-1.000
3.332
-1.000
-1.000
4.170
-1.000
-1.000
-1.000
-1.000
5.154
4.954
-1.000
-1.000
-1.000
-1.000
-1.000
-1.000
-1.000
-1.000
-1.000
-1.000
-1.000
-1.000
3.532
-1.000
2.473
-1.000
-1.000
4.337
5.268
-1.000
-1.000
5.444
-1.000
-1.000
3.613
-1.000
-1.000
-1.000
-1.000
3.494
3.486
-1.000
-1.000
5.153
-1.000
-1.000
-1.000
-1.000
-1.000
-1.000
-1.000
-1.000
-1.000
3.876
4.311
-1.000
4.317
-1.000
4.229
-1.000
-1.000
-1.000
-1.000
-1.000
-1.000
-1.000
-1.000
4.282
-1.000
-1.000
-1.000
-1.000
-1.000
-1.000
4.372
-1.000
-1.000
-1.000
4.042
-1.000
-1.000
-1.000
4.379
-1.000
-1.000
3.978
-1.000
-1.000
-1.000
-1.000
-1.000
3.618
-1.000
-1.000
-1.000
5.956
5.109
-1.000
-1.000
-1.000
-1.000
4.864
-1.000
-1.000
3.775
-1.000
-1.000
-1.000
-1.000
-1.000
3.925
-1.000
-1.000
4.537
-1.000
4.274
-1.000
-1.000
4.610
-1.000
-1.000
3.878
-1.000
2.986
-1.000
4.607
-1.000
-1.000
-1.000
-1.000
4.470
-1.000
-1.000
4.198
-1.000
-1.000
-1.000
-1.000
-1.000
-1.000
-1.000
3.977
-1.000
3.555
-1.000
3.344
-1.000
-1.000
3.987
4.841
3.802
-1.000
5.342
3.660
5.257
-1.000
-1.000
-1.000
-1.000
3.152
-1.000
4.802
-1.000
-1.000
-1.000
-1.000
-1.000
2.603
5.344
-1.000
6.147
5.722
-1.000
-1.000
-1.000
-1.000
-1.000
4.544
-1.000
-1.000
-1.000
-1.000
4.621
4.880
-1.000
-1.000
3.371
-1.000
-1.000
-1.000
-1.000
-1.000
-1.000
-1.000
-1.000
-1.000
-1.000
-1.000
-1.000
-1.000
-1.000
-1.000
-1.000
4.933
-1.000
3.258
4.963
-1.000
-1.000
-1.000
3.673
-1.000
-1.000
-1.000
-1.000
-1.000
-1.000
-1.000
-1.000
-1.000
-1.000
-1.000
3.783
3.166
3.946
4.580
-1.000
-1.000
-1.000
4.378
-1.000
3.897
-1.000
4.891
4.967
4.702
-1.000
-1.000
-1.000
-1.000
-1.000
-1.000
4.467
-1.000
-1.000
3.411
-1.000
-1.000
-1.000
-1.000
-1.000
-1.000
-1.000
-1.000
4.300
4.053
3.741
4.775
-1.000
-1.000
-1.000
-1.000
4.172
-1.000
-1.000
-1.000
-1.000
-1.000
-1.000
4.196
-1.000
-1.000
-1.000
5.134
-1.000
-1.000
-1.000
5.618
4.756
-1.000
-1.000
4.364
-1.000
-1.000
3.894
-1.000
-1.000
-1.000
-1.000
3.835
-1.000
-1.000
-1.000
-1.000
-1.000
6.269
-1.000
-1.000
-1.000
-1.000
-1.000
5.012
3.561
-1.000
3.252
-1.000
4.511
3.555
3.054
-1.000
-1.000
-1.000
-1.000
-1.000
-1.000
4.186
-1.000
-1.000
-1.000
-1.000
-1.000
-1.000
3.198
-1.000
4.433
-1.000
-1.000
-1.000
4.366
-1.000
4.899
-1.000
-1.000
-1.000
-1.000
-1.000
3.839
4.129
-1.000
3.361
-1.000
2.909
-1.000
-1.000
-1.000
-1.000
-1.000
3.929
-1.000
4.840
-1.000
-1.000
3.333
-1.000
4.615
-1.000
5.171
4.796
4.768
-1.000
-1.000
5.837
4.393
-1.000
-1.000
-1.000
4.057
-1.000
-1.000
3.351
4.738
3.200
-1.000
-1.000
-1.000
3.536
-1.000
-1.000
5.286
-1.000
3.901
-1.000
-1.000
4.144
3.973
3.113
-1.000
3.428
-1.000
-1.000
-1.000
-1.000
4.456
4.242
-1.000
-1.000
-1.000
-1.000
3.129
3.895
3.615
4.331
4.668
3.025
-1.000
-1.000
3.784
4.740
-1.000
4.294
-1.000
-1.000
-1.000
-1.000
-1.000
-1.000
3.445
5.031
-1.000
-1.000
-1.000
-1.000
-1.000
4.072
-1.000
-1.000
-1.000
-1.000
-1.000
-1.000
-1.000
-1.000
-1.000
4.417
-1.000
3.786
-1.000
-1.000
-1.000
-1.000
-1.000
-1.000
5.058
-1.000
-1.000
3.797
-1.000
5.483
4.152
-1.000
-1.000
3.762
-1.000
4.129
-1.000
-1.000
-1.000
-1.000
4.072
-1.000
-1.000
-1.000
-1.000
-1.000
-1.000
4.344
4.687
4.160
-1.000
-1.000
3.856
-1.000
3.798
4.598
-1.000
2.898
-1.000
-1.000
-1.000
4.198
-1.000
-1.000
-1.000
-1.000
4.361
-1.000
-1.000
-1.000
-1.000
4.500
-1.000
-1.000
-1.000
-1.000
-1.000
-1.000
-1.000
3.042
3.038
-1.000
-1.000
-1.000
5.222
4.381
-1.000
4.501
4.299
-1.000
-1.000
-1.000
-1.000
-1.000
4.498
3.647
-1.000
-1.000
-1.000
-1.000
5.695
-1.000
4.526
-1.000
3.964
-1.000
-1.000
-1.000
-1.000
3.744
-1.000
4.205
-1.000
-1.000
-1.000
-1.000
-1.000
3.235
-1.000
-1.000
-1.000
3.859
-1.000
4.777
-1.000
-1.000
-1.000
-1.000
4.476
3.964
-1.000
-1.000
4.441
-1.000
4.281
-1.000
4.038
4.969
-1.000
-1.000
-1.000
3.651
-1.000
-1.000
-1.000
-1.000
-1.000
-1.000
-1.000
-1.000
-1.000
-1.000
-1.000
4.581
-1.000
-1.000
-1.000
5.715
5.638
4.537
-1.000
-1.000
-1.000
4.014
-1.000
4.453
-1.000
-1.000
-1.000
-1.000
4.082
-1.000
-1.000
-1.000
-1.000
-1.000
-1.000
-1.000
-1.000
-1.000
3.270
-1.000
3.139
-1.000
4.173
4.310
-1.000
-1.000
-1.000
-1.000
-1.000
-1.000
-1.000
-1.000
3.494
3.709
-1.000
-1.000
-1.000
-1.000
-1.000
-1.000
-1.000
-1.000
-1.000
4.412
-1.000
-1.000
5.194
4.977
4.170
-1.000
-1.000
-1.000
-1.000
-1.000
3.563
-1.000
3.663
4.499
-1.000
-1.000
-1.000
3.511
-1.000
4.700
-1.000
-1.000
-1.000
-1.000
4.171
-1.000
-1.000
-1.000
3.788
4.826
4.670
-1.000
-1.000
-1.000
-1.000
-1.000
4.401
3.949
4.739
3.775
-1.000
-1.000
-1.000
3.733
4.836
6.147
4.838
3.624
-1.000
-1.000
-1.000
-1.000
-1.000
-1.000
-1.000
-1.000
4.148
-1.000
4.298
-1.000
4.233
-1.000
4.258
-1.000
5.179
-1.000
-1.000
3.727
-1.000
-1.000
-1.000
-1.000
-1.000
-1.000
-1.000
-1.000
5.246
3.520
-1.000
-1.000
3.972
4.082
-1.000
3.868
-1.000
-1.000
3.869
2.712
-1.000
4.375
-1.000
-1.000
-1.000
-1.000
-1.000
-1.000
-1.000
5.131
5.468
3.945
-1.000
-1.000
3.227
-1.000
-1.000
-1.000
-1.000
-1.000
3.748
4.604
4.529
3.641
-1.000
-1.000
-1.000
-1.000
-1.000
-1.000
2.959
4.179
3.977
4.745
-1.000
4.700
-1.000
-1.000
-1.000
-1.000
-1.000
-1.000
-1.000
-1.000
4.732
-1.000
-1.000
-1.000
-1.000
-1.000
-1.000
-1.000
4.223
-1.000
-1.000
-1.000
4.954
-1.000
-1.000
4.248
-1.000
-1.000
-1.000
3.890
-1.000
-1.000
-1.000
-1.000
-1.000
-1.000
4.331
-1.000
-1.000
-1.000
3.975
5.600
4.362
-1.000
-1.000
-1.000
-1.000
-1.000
-1.000
-1.000
5.094
-1.000
-1.000
-1.000
-1.000
-1.000
-1.000
4.704
-1.000
4.160
-1.000
-1.000
-1.000
-1.000
-1.000
-1.000
-1.000
4.763
3.400
-1.000
3.539
3.625
-1.000
-1.000
-1.000
3.852
-1.000
4.456
-1.000
3.994
-1.000
-1.000
-1.000
-1.000
-1.000
-1.000
3.624
-1.000
-1.000
3.483
5.468
3.226
3.800
-1.000
4.938
3.946
-1.000
-1.000
-1.000
-1.000
-1.000
-1.000
-1.000
3.573
5.091
-1.000
-1.000
-1.000
3.566
-1.000
-1.000
-1.000
5.327
-1.000
-1.000
4.217
-1.000
-1.000
4.544
4.333
5.826
-1.000
-1.000
-1.000
3.013
-1.000
3.834
-1.000
-1.000
4.767
-1.000
-1.000
-1.000
5.570
5.806
-1.000
-1.000
5.273
4.827
-1.000
-1.000
-1.000
-1.000
4.240
-1.000
3.031
-1.000
-1.000
3.200
-1.000
-1.000
-1.000
-1.000
-1.000
-1.000
-1.000
-1.000
-1.000
3.907
-1.000
-1.000
4.384
-1.000
-1.000
-1.000
4.840
-1.000
-1.000
4.394
-1.000
4.406
-1.000
4.229
-1.000
4.239
-1.000
5.926
4.838
-1.000
3.303
-1.000
-1.000
3.055
4.795
-1.000
-1.000
-1.000
-1.000
-1.000
-1.000
-1.000
-1.000
-1.000
-1.000
-1.000
5.356
-1.000
-1.000
-1.000
-1.000
-1.000
-1.000
-1.000
-1.000
-1.000
-1.000
3.496
-1.000
-1.000
3.458
-1.000
4.423
-1.000
4.417
-1.000
4.014
4.420
-1.000
-1.000
-1.000
-1.000
-1.000
4.801
-1.000
-1.000
5.643
-1.000
-1.000
5.598
-1.000
-1.000
-1.000
-1.000
3.518
-1.000
-1.000
-1.000
-1.000
3.551
3.863
-1.000
4.389
-1.000
4.248
-1.000
-1.000
3.679
-1.000
5.257
-1.000
4.207
4.557
1.917
-1.000
-1.000
3.724
-1.000
4.139
-1.000
3.504
5.577
-1.000
-1.000
-1.000
-1.000
-1.000
-1.000
2.742
-1.000
-1.000
5.132
-1.000
4.276
-1.000
-1.000
-1.000
4.261
-1.000
-1.000
-1.000
3.563
-1.000
3.965
5.128
4.385
-1.000
-1.000
4.389
3.261
-1.000
-1.000
3.232
-1.000
3.730
-1.000
4.289
6.220
-1.000
-1.000
-1.000
-1.000
-1.000
4.325
4.964
-1.000
5.157
4.302
-1.000
-1.000
4.147
-1.000
-1.000
3.040
-1.000
-1.000
3.360
-1.000
-1.000
-1.000
-1.000
-1.000
-1.000
4.517
4.503
4.198
3.254
-1.000
3.858
4.681
3.067
-1.000
-1.000
-1.000
-1.000
-1.000
-1.000
-1.000
-1.000
4.532
-1.000
3.366
4.240
-1.000
-1.000
-1.000
-1.000
-1.000
3.863
-1.000
-1.000
-1.000
-1.000
-1.000
5.077
-1.000
3.208
4.909
-1.000
-1.000
-1.000
-1.000
2.870
-1.000
-1.000
-1.000
-1.000
-1.000
-1.000
-1.000
5.111
3.006
-1.000
4.430
-1.000
3.324
-1.000
-1.000
4.870
-1.000
3.795
3.719
-1.000
-1.000
3.629
-1.000
-1.000
-1.000
4.258
-1.000
-1.000
-1.000
3.065
-1.000
-1.000
4.143
-1.000
-1.000
-1.000
-1.000
-1.000
-1.000
3.746
-1.000
-1.000
5.267
-1.000
4.207
-1.000
5.552
-1.000
-1.000
5.217
3.227
5.260
-1.000
3.064
-1.000
4.086
4.250
3.628
-1.000
-1.000
-1.000
4.275
-1.000
3.109
-1.000
-1.000
4.209
-1.000
-1.000
-1.000
-1.000
-1.000
3.180
-1.000
-1.000
-1.000
-1.000
-1.000
-1.000
-1.000
-1.000
-1.000
-1.000
-1.000
4.055
3.439
-1.000
-1.000
-1.000
2.982
-1.000
4.782
-1.000
-1.000
3.889
-1.000
-1.000
3.928
-1.000
-1.000
-1.000
3.809
-1.000
-1.000
-1.000
4.032
3.894
-1.000
-1.000
4.538
-1.000
-1.000
-1.000
-1.000
4.282
3.974
-1.000
4.071
-1.000
4.268
-1.000
-1.000
-1.000
3.761
3.902
-1.000
-1.000
4.998
-1.000
-1.000
-1.000
-1.000
-1.000
3.715
-1.000
-1.000
3.504
-1.000
4.816
-1.000
4.263
-1.000
-1.000
-1.000
4.674
3.741
-1.000
4.006
5.143
4.651
-1.000
-1.000
-1.000
-1.000
-1.000
3.890
-1.000
-1.000
-1.000
4.623
-1.000
-1.000
-1.000
3.061
-1.000
-1.000
-1.000
-1.000
5.144
-1.000
-1.000
4.527
-1.000
-1.000
-1.000
-1.000
3.772
-1.000
-1.000
3.052
-1.000
4.296
-1.000
-1.000
-1.000
5.004
4.448
3.914
2.337
-1.000
-1.000
-1.000
-1.000
4.626
4.357
-1.000
-1.000
-1.000
-1.000
-1.000
4.055
-1.000
4.250
4.366
-1.000
-1.000
-1.000
4.618
2.919
-1.000
4.415
-1.000
-1.000
4.533
-1.000
-1.000
-1.000
-1.000
-1.000
-1.000
-1.000
-1.000
-1.000
3.414
4.875
-1.000
5.107
-1.000
4.426
3.007
-1.000
-1.000
-1.000
-1.000
-1.000
-1.000
-1.000
-1.000
5.516
-1.000
-1.000
-1.000
-1.000
-1.000
3.259
-1.000
4.463
-1.000
-1.000
-1.000
-1.000
-1.000
4.763
-1.000
-1.000
4.150
-1.000
3.918
4.686
4.531
-1.000
4.216
-1.000
-1.000
-1.000
-1.000
3.834
-1.000
-1.000
3.701
-1.000
3.265
4.296
-1.000
-1.000
-1.000
3.688
-1.000
-1.000
-1.000
-1.000
-1.000
3.717
-1.000
-1.000
-1.000
-1.000
4.453
-1.000
-1.000
-1.000
5.652
3.757
-1.000
-1.000
-1.000
5.148
-1.000
4.480
3.849
-1.000
-1.000
3.885
-1.000
-1.000
4.718
-1.000
-1.000
-1.000
-1.000
-1.000
3.351
-1.000
-1.000
-1.000
-1.000
-1.000
2.962
-1.000
-1.000
-1.000
4.076
-1.000
-1.000
3.214
4.326
3.377
-1.000
-1.000
-1.000
-1.000
-1.000
-1.000
4.655
-1.000
4.792
3.971
4.368
-1.000
-1.000
5.230
-1.000
-1.000
-1.000
3.612
2.630
-1.000
3.956
4.870
4.384
-1.000
-1.000
4.349
4.855
-1.000
3.900
-1.000
4.653
-1.000
4.298
-1.000
-1.000
-1.000
4.899
-1.000
4.169
-1.000
-1.000
4.096
-1.000
-1.000
-1.000
3.856
-1.000
5.153
-1.000
5.237
-1.000
5.037
4.136
3.961
4.655
-1.000
3.589
-1.000
-1.000
-1.000
-1.000
-1.000
-1.000
-1.000
-1.000
-1.000
2.947
2.662
-1.000
-1.000
4.640
2.875
4.288
-1.000
5.289
-1.000
3.850
-1.000
-1.000
-1.000
-1.000
4.799
-1.000
-1.000
-1.000
-1.000
-1.000
-1.000
-1.000
-1.000
3.762
5.059
-1.000
3.878
3.768
-1.000
-1.000
-1.000
3.444
4.012
4.668
-1.000
3.975
-1.000
6.051
-1.000
4.924
-1.000
-1.000
3.598
-1.000
-1.000
-1.000
-1.000
-1.000
-1.000
-1.000
-1.000
-1.000
5.724
-1.000
-1.000
-1.000
-1.000
4.079
4.535
-1.000
-1.000
-1.000
-1.000
3.986
3.768
4.162
-1.000
3.708
-1.000
-1.000
-1.000
3.820
5.268
-1.000
-1.000
-1.000
-1.000
-1.000
-1.000
-1.000
-1.000
-1.000
3.738
-1.000
-1.000
-1.000
-1.000
-1.000
-1.000
4.847
-1.000
-1.000
4.756
-1.000
-1.000
-1.000
3.974
-1.000
-1.000
5.275
3.993
-1.000
3.973
-1.000
-1.000
-1.000
4.283
4.078
-1.000
4.998
-1.000
4.392
-1.000
-1.000
4.133
-1.000
4.098
-1.000
-1.000
-1.000
-1.000
-1.000
-1.000
3.265
-1.000
-1.000
-1.000
3.979
-1.000
-1.000
5.508
5.891
3.990
-1.000
-1.000
-1.000
-1.000
4.753
4.336
3.175
3.560
4.214
-1.000
-1.000
-1.000
-1.000
-1.000
-1.000
3.667
-1.000
-1.000
4.715
5.073
-1.000
-1.000
-1.000
-1.000
-1.000
-1.000
3.452
4.235
4.579
-1.000
-1.000
-1.000
4.123
5.084
-1.000
3.808
-1.000
5.171
6.169
3.484
-1.000
5.409
-1.000
4.748
4.698
-1.000
-1.000
3.490
-1.000
-1.000
3.547
4.273
4.660
-1.000
-1.000
-1.000
-1.000
-1.000
2.491
3.456
-1.000
-1.000
-1.000
-1.000
3.403
3.193
4.647
2.302
-1.000
5.340
-1.000
-1.000
-1.000
3.520
-1.000
-1.000
5.729
4.436
-1.000
-1.000
-1.000
-1.000
-1.000
-1.000
4.291
4.356
-1.000
-1.000
3.346
4.772
4.697
4.891
-1.000
-1.000
3.662
-1.000
3.712
-1.000
3.960
3.870
4.314
3.932
-1.000
-1.000
-1.000
3.931
-1.000
-1.000
-1.000
3.462
-1.000
-1.000
3.632
4.387
3.212
3.407
-1.000
3.578
4.662
4.482
-1.000
-1.000
5.051
-1.000
3.566
-1.000
4.121
-1.000
-1.000
-1.000
4.752
-1.000
-1.000
-1.000
4.679
3.617
-1.000
4.009
-1.000
4.875
-1.000
-1.000
3.472
3.837
4.196
-1.000
4.498
-1.000
-1.000
-1.000
4.184
-1.000
-1.000
-1.000
3.730
-1.000
1.924
3.824
3.408
-1.000
-1.000
-1.000
-1.000
4.475
4.294
-1.000
-1.000
-1.000
-1.000
-1.000
-1.000
4.103
-1.000
4.433
-1.000
-1.000
-1.000
-1.000
-1.000
4.712
-1.000
4.306
-1.000
-1.000
-1.000
3.784
-1.000
4.364
3.195
4.351
-1.000
-1.000
-1.000
-1.000
-1.000
-1.000
-1.000
-1.000
4.357
-1.000
4.159
-1.000
-1.000
4.616
-1.000
-1.000
4.457
4.300
3.036
-1.000
2.974
-1.000
-1.000
5.388
3.801
4.612
-1.000
-1.000
-1.000
-1.000
-1.000
-1.000
3.972
-1.000
-1.000
4.990
4.351
4.477
-1.000
-1.000
3.291
-1.000
-1.000
2.904
-1.000
-1.000
5.067
3.985
-1.000
-1.000
4.337
3.110
4.811
-1.000
4.442
-1.000
-1.000
3.685
-1.000
-1.000
-1.000
2.344
-1.000
3.467
4.276
-1.000
4.565
4.005
3.559
-1.000
4.076
-1.000
3.850
-1.000
-1.000
-1.000
-1.000
-1.000
-1.000
-1.000
4.433
4.504
4.825
-1.000
-1.000
3.329
3.852
4.481
4.464
-1.000
4.180
-1.000
4.273
-1.000
-1.000
-1.000
5.565
4.561
-1.000
-1.000
3.807
-1.000
2.993
3.888
4.820
-1.000
5.166
-1.000
6.036
2.931
4.170
-1.000
3.604
4.036
3.933
-1.000
-1.000
-1.000
-1.000
-1.000
-1.000
4.864
3.768
-1.000
4.974
2.481
-1.000
-1.000
4.398
4.001
4.121
-1.000
-1.000
-1.000
4.314
-1.000
3.730
-1.000
-1.000
-1.000
-1.000
4.052
4.182
-1.000
5.186
-1.000
-1.000
-1.000
-1.000
4.127
-1.000
-1.000
3.733
5.363
-1.000
-1.000
4.589
4.117
3.360
-1.000
3.875
3.299
4.039
-1.000
-1.000
-1.000
3.701
-1.000
4.018
3.065
-1.000
-1.000
-1.000
3.553
-1.000
-1.000
4.607
-1.000
-1.000
-1.000
-1.000
5.409
5.232
-1.000
3.118
-1.000
4.421
-1.000
-1.000
-1.000
3.164
4.095
-1.000
-1.000
-1.000
-1.000
-1.000
2.876
3.025
4.106
5.159
-1.000
4.051
4.322
5.089
4.467
4.433
3.393
3.423
-1.000
-1.000
4.729
3.485
-1.000
5.112
4.012
-1.000
-1.000
3.450
3.603
4.337
3.926
3.761
-1.000
4.400
-1.000
-1.000
3.480
3.921
-1.000
5.196
4.251
-1.000
-1.000
-1.000
3.985
3.986
-1.000
3.534
-1.000
4.135
-1.000
4.078
-1.000
-1.000
-1.000
-1.000
3.555
4.101
4.237
-1.000
-1.000
3.600
-1.000
4.769
3.442
-1.000
4.229
3.296
-1.000
-1.000
-1.000
-1.000
-1.000
-1.000
-1.000
-1.000
-1.000
-1.000
-1.000
-1.000
5.472
-1.000
-1.000
-1.000
-1.000
-1.000
-1.000
4.168
-1.000
-1.000
-1.000
-1.000
-1.000
5.646
4.540
-1.000
3.820
3.939
-1.000
-1.000
3.427
-1.000
3.945
-1.000
-1.000
-1.000
4.503
-1.000
-1.000
4.565
3.443
3.567
3.453
-1.000
-1.000
-1.000
4.057
4.677
-1.000
2.770
3.280
-1.000
-1.000
-1.000
4.668
4.472
3.516
5.159
-1.000
4.682
-1.000
4.745
-1.000
-1.000
-1.000
2.648
-1.000
-1.000
4.004
5.444
-1.000
-1.000
-1.000
5.029
4.191
-1.000
4.014
5.930
4.723
-1.000
3.032
3.673
3.423
4.222
-1.000
4.001
3.014
4.818
-1.000
3.390
5.048
-1.000
-1.000
3.651
5.536
5.388
4.024
3.438
4.753
3.890
3.093
4.747
-1.000
4.356
-1.000
4.328
-1.000
-1.000
-1.000
-1.000
3.593
-1.000
5.193
-1.000
-1.000
3.831
3.860
5.386
3.664
3.776
2.884
4.286
4.016
4.486
3.460
-1.000
4.417
-1.000
4.087
-1.000
-1.000
4.026
4.892
-1.000
-1.000
-1.000
3.836
-1.000
4.980
4.067
-1.000
3.993
-1.000
3.429
2.916
3.166
3.769
-1.000
3.871
-1.000
3.692
3.673
-1.000
-1.000
-1.000
-1.000
-1.000
5.105
3.764
-1.000
-1.000
-1.000
3.799
4.228
4.829
-1.000
4.160
-1.000
-1.000
3.637
-1.000
-1.000
3.795
3.953
3.642
-1.000
3.229
3.678
3.467
3.537
5.573
-1.000
-1.000
-1.000
-1.000
-1.000
-1.000
-1.000
4.060
-1.000
3.750
-1.000
4.113
3.170
2.619
3.669
-1.000
3.773
3.628
3.497
4.464
3.251
3.828
-1.000
3.924
-1.000
2.517
3.294
3.954
4.243
4.575
-1.000
-1.000
4.822
3.412
-1.000
5.638
5.792
4.946
4.206
2.433
3.855
4.188
3.373
3.795
3.829
4.034
-1.000
-1.000
4.437
-1.000
-1.000
-1.000
-1.000
-1.000
4.585
4.465
-1.000
3.373
4.213
4.342
-1.000
-1.000
-1.000
-1.000
4.185
-1.000
3.774
-1.000
-1.000
-1.000
-1.000
3.324
4.909
-1.000
3.118
-1.000
3.729
3.715
-1.000
4.343
5.726
4.028
3.155
4.110
-1.000
3.754
4.617
-1.000
-1.000
3.648
-1.000
3.387
4.392
-1.000
-1.000
-1.000
-1.000
-1.000
-1.000
-1.000
-1.000
2.909
4.512
-1.000
-1.000
-1.000
3.799
4.341
3.526
4.065
4.663
-1.000
4.391
-1.000
-1.000
3.875
4.070
-1.000
3.656
-1.000
3.987
3.957
4.259
-1.000
4.634
-1.000
-1.000
3.491
-1.000
-1.000
4.735
-1.000
4.500
-1.000
-1.000
-1.000
-1.000
2.984
3.817
4.359
-1.000
4.444
4.076
-1.000
3.112
-1.000
-1.000
-1.000
4.006
3.353
3.721
4.371
4.422
3.906
4.141
4.958
4.504
3.444
-1.000
4.500
-1.000
4.088
4.450
3.724
3.380
4.274
3.961
4.362
-1.000
-1.000
3.411
-1.000
2.756
-1.000
-1.000
-1.000
3.657
-1.000
-1.000
2.031
-1.000
4.096
4.319
-1.000
-1.000
-1.000
4.671
4.428
4.042
-1.000
4.401
3.976
-1.000
-1.000
-1.000
-1.000
-1.000
-1.000
-1.000
3.518
2.348
3.529
4.254
4.063
-1.000
4.268
5.342
3.493
-1.000
-1.000
-1.000
-1.000
-1.000
3.509
-1.000
-1.000
-1.000
3.566
3.941
-1.000
-1.000
4.591
3.597
2.941
3.981
3.474
4.887
4.611
3.312
5.964
3.780
-1.000
3.372
4.079
3.763
3.413
-1.000
3.851
4.951
3.785
-1.000
-1.000
3.561
-1.000
5.632
3.521
3.721
2.058
-1.000
4.497
4.279
3.073
-1.000
2.959
3.645
3.867
3.291
3.312
3.626
3.736
3.802
-1.000
4.334
3.771
4.334
5.228
-1.000
-1.000
4.451
-1.000
-1.000
4.409
-1.000
4.412
3.690
4.276
4.556
3.729
-1.000
3.898
2.920
-1.000
3.770
4.294
3.444
3.390
3.914
-1.000
4.657
4.155
3.931
-1.000
-1.000
3.611
4.368
-1.000
5.062
4.745
-1.000
-1.000
3.256
3.751
4.177
-1.000
-1.000
4.422
4.009
-1.000
3.976
3.166
-1.000
3.917
4.482
4.581
3.192
-1.000
4.143
3.841
3.575
4.326
3.150
4.384
4.771
3.426
4.038
3.111
3.984
4.388
3.993
-1.000
-1.000
4.459
3.758
3.710
4.003
4.264
3.300
-1.000
2.331
3.611
3.051
3.745
-1.000
3.186
3.512
4.511
4.194
3.116
5.183
-1.000
-1.000
3.786
3.252
3.672
3.536
3.706
5.386
3.500
3.954
-1.000
3.738
4.947
3.527
1.934
3.637
5.246
-1.000
3.654
-1.000
5.462
3.801
3.669
3.917
-1.000
5.182
-1.000
4.597
3.949
3.804
3.830
3.246
4.898
-1.000
3.790
-1.000
4.103
-1.000
-1.000
4.844
-1.000
3.125
2.565
2.930
3.772
4.058
4.062
3.783
3.482
3.297
4.875
-1.000
3.528
3.609
3.752
-1.000
4.072
4.272
3.687
3.781
-1.000
-1.000
3.596
5.038
3.002
4.560
4.439
4.654
4.515
3.285
2.393
-1.000
-1.000
4.828
-1.000
2.599
4.314
-1.000
4.360
3.530
-1.000
3.226
3.801
-1.000
3.848
3.895
4.003
-1.000
3.663
3.052
-1.000
4.025
-1.000
4.280
-1.000
3.575
3.850
3.274
3.528
4.820
3.312
4.217
5.136
-1.000
4.162
3.865
3.381
3.280
4.114
-1.000
3.457
-1.000
3.451
4.454
-1.000
5.645
4.051
3.576
3.801
3.940
3.320
4.296
4.900
4.616
3.618
3.882
3.782
3.998
4.794
4.972
3.097
3.382
3.777
6.297
-1.000
3.978
3.804
3.578
-1.000
3.262
-1.000
3.499
4.493
3.388
4.498
2.811
5.040
-1.000
3.339
3.974
2.693
3.703
-1.000
3.125
4.055
4.302
4.247
2.928
2.379
4.296
4.226
-1.000
3.474
4.714
-1.000
3.628
3.782
-1.000
3.524
3.422
3.684
3.285
3.991
3.901
-1.000
4.368
4.654
3.975
3.080
3.058
2.931
4.213
3.150
4.618
3.569
4.116
5.532
4.188
3.081
4.667
3.480
4.290
3.728
4.278
3.256
2.732
3.370
3.970
2.900
4.232
3.623
3.955
4.339
-1.000
3.595
3.563
3.737
3.906
-1.000
3.587
5.492
3.512
4.365
4.140
3.589
3.844
3.498
4.133
2.625
3.549
-1.000
3.624
3.299
3.595
3.735
3.055
4.296
3.926
3.611
4.720
5.053
4.471
4.018
4.542
-1.000
-1.000
4.463
-1.000
-1.000
3.988
3.981
3.316
3.455
3.429
2.484
-1.000
-1.000
3.773
4.711
4.206
3.775
3.120
3.632
5.055
3.493
-1.000
4.158
3.357
4.386
-1.000
3.863
4.094
-1.000
3.342
3.639
3.603
-1.000
3.997
3.464
3.281
3.190
-1.000
3.296
3.365
4.065
3.762
4.077
3.900
4.278
3.821
-1.000
-1.000
3.485
3.058
4.204
-1.000
4.009
4.245
3.954
4.175
-1.000
4.303
5.136
4.499
5.037
3.486
3.743
-1.000
4.313
4.383
3.017
4.966
3.450
3.361
-1.000
3.354
3.765
3.377
-1.000
-1.000
3.579
4.322
5.579
3.206
3.291
3.659
3.690
4.292
-1.000
-1.000
4.523
4.202
4.070
4.258
-1.000
4.765
-1.000
3.647
3.809
-1.000
3.614
4.887
3.682
4.017
2.654
-1.000
-1.000
3.716
4.848
3.670
4.017
4.075
3.482
3.913
5.360
3.348
4.028
-1.000
3.304
4.174
3.282
3.797
-1.000
-1.000
3.252
3.306
4.325
3.157
3.567
2.392
-1.000
4.364
4.154
3.448
3.454
3.161
3.470
5.249
-1.000
3.699
5.063
3.846
5.962
3.708
3.985
3.425
3.992
3.742
3.942
2.344
3.523
3.258
3.512
3.955
3.578
4.114
-1.000
3.321
3.465
-1.000
4.142
-1.000
3.419
-1.000
-1.000
4.306
3.920
-1.000
3.474
4.722
5.753
3.714
3.807
4.443
3.113
3.456
3.920
3.223
3.251
4.794
3.849
3.435
4.307
-1.000
3.400
3.621
4.014
-1.000
4.188
3.083
3.425
3.572
4.523
3.414
-1.000
4.510
4.286
5.126
4.490
4.518
3.683
3.749
4.785
3.734
4.264
-1.000
4.037
-1.000
4.630
3.926
3.605
-1.000
-1.000
3.815
3.907
3.696
4.159
-1.000
3.699
3.436
3.729
-1.000
3.859
-1.000
3.537
-1.000
3.752
3.185
4.023
5.496
4.561
-1.000
3.618
3.604
4.072
3.422
2.995
4.217
4.689
3.007
-1.000
3.558
3.243
-1.000
-1.000
3.435
4.355
4.283
3.701
4.029
4.240
4.203
3.417
-1.000
-1.000
3.409
3.630
3.669
2.936
2.983
4.921
3.650
-1.000
3.658
3.782
3.644
2.983
3.311
3.155
4.184
3.703
4.927
-1.000
3.868
3.565
3.453
3.638
4.678
-1.000
-1.000
-1.000
3.535
3.393
4.175
-1.000
3.773
4.767
3.331
-1.000
4.687
-1.000
3.875
4.785
3.641
4.412
4.070
-1.000
4.827
5.887
3.782
-1.000
3.636
3.390
2.880
-1.000
4.262
-1.000
4.209
3.729
3.488
4.860
4.663
-1.000
2.677
4.109
3.474
-1.000
2.899
3.153
3.264
5.282
-1.000
-1.000
5.056
-1.000
3.610
3.928
4.997
-1.000
4.294
3.376
4.135
3.338
2.330
-1.000
4.317
4.920
2.715
4.256
5.129
3.209
-1.000
3.245
3.827
4.187
-1.000
3.231
3.673
3.401
3.675
5.196
-1.000
4.843
4.270
3.580
3.897
3.685
-1.000
3.461
-1.000
3.748
3.538
4.671
4.397
4.419
4.623
4.065
5.056
3.938
-1.000
-1.000
3.530
-1.000
3.494
3.274
3.898
4.459
3.768
4.445
4.550
-1.000
3.439
4.861
-1.000
3.892
2.757
3.590
3.423
4.707
3.895
3.790
5.061
3.864
-1.000
3.737
6.113
3.565
5.085
-1.000
4.212
3.487
3.460
5.210
-1.000
3.596
3.688
-1.000
4.160
4.367
-1.000
3.698
4.685
4.155
4.374
3.299
3.815
3.481
3.683
3.099
5.157
4.543
5.683
4.531
3.388
3.621
3.700
4.000
4.005
-1.000
3.717
-1.000
3.529
3.918
-1.000
3.770
4.582
3.263
3.609
3.683
3.695
-1.000
4.832
3.627
2.673
3.811
-1.000
3.950
3.163
4.169
3.713
5.092
3.403
3.410
3.572
3.320
-1.000
3.213
4.066
4.882
-1.000
-1.000
-1.000
3.726
-1.000
3.566
3.674
3.249
3.107
3.212
4.002
4.250
4.116
3.277
-1.000
5.487
-1.000
3.306
4.025
5.024
3.699
3.905
4.400
3.387
-1.000
3.093
-1.000
3.542
3.364
3.850
3.357
4.536
-1.000
3.588
4.508
3.111
3.653
3.718
3.892
3.712
4.258
4.544
2.712
4.245
3.563
2.917
4.756
2.560
4.536
4.176
4.683
4.372
3.653
3.076
4.005
-1.000
4.844
4.123
3.669
3.789
4.676
2.928
4.004
3.897
3.090
3.438
3.383
3.674
3.139
4.854
-1.000
3.566
4.133
4.317
4.687
3.514
3.643
5.538
3.683
3.861
3.479
4.328
-1.000
-1.000
3.307
4.313
-1.000
-1.000
4.251
4.024
-1.000
3.566
4.017
3.953
-1.000
5.770
-1.000
-1.000
3.795
3.743
3.957
4.258
3.293
4.884
4.145
-1.000
3.724
-1.000
2.942
4.163
-1.000
3.761
4.358
4.410
4.188
3.628
3.944
3.325
2.930
3.742
3.968
3.138
3.532
3.606
4.973
-1.000
4.205
5.206
-1.000
3.824
3.485
3.724
4.181
3.538
4.157
3.101
-1.000
-1.000
4.060
3.449
4.549
4.903
3.321
4.349
3.697
3.261
-1.000
-1.000
3.592
-1.000
4.563
-1.000
3.154
-1.000
4.050
4.787
4.717
3.633
3.652
2.801
2.534
3.827
3.220
3.731
2.963
4.538
5.059
-1.000
3.777
-1.000
2.304
4.427
-1.000
3.698
-1.000
-1.000
4.247
3.209
4.070
4.410
4.749
-1.000
3.893
3.422
-1.000
3.476
3.862
3.545
5.871
4.420
4.631
3.589
1.957
4.162
3.324
4.966
3.966
3.809
3.518
3.543
4.560
3.777
4.508
3.499
-1.000
5.694
2.717
2.446
3.754
3.506
5.599
4.027
3.594
4.446
3.300
-1.000
-1.000
4.989
3.951
4.479
4.097
4.153
2.947
3.226
3.980
3.844
-1.000
4.097
3.890
4.109
-1.000
-1.000
4.135
3.315
-1.000
3.415
3.874
3.490
6.359
3.946
-1.000
4.070
3.249
3.829
4.102
3.800
4.065
3.944
4.635
-1.000
3.531
-1.000
3.906
3.288
3.565
3.550
3.771
3.363
6.108
-1.000
3.933
4.737
3.889
4.840
3.431
3.580
3.911
3.875
3.806
3.378
3.813
4.559
-1.000
4.021
3.271
3.332
3.838
3.634
3.584
3.389
3.618
3.668
4.090
4.318
4.501
3.723
3.291
3.815
4.025
4.358
2.749
-1.000
3.582
2.614
2.734
3.213
4.818
3.283
3.418
4.190
3.753
4.556
3.850
4.406
4.282
3.768
4.152
3.083
5.795
3.900
4.733
3.564
3.939
4.783
-1.000
4.447
3.392
2.627
3.207
3.986
3.774
3.248
4.254
4.214
-1.000
3.235
3.593
3.534
3.893
4.000
4.051
-1.000
-1.000
4.058
3.201
3.414
4.076
3.932
4.375
3.609
4.857
4.603
3.264
3.935
3.632
-1.000
-1.000
4.963
-1.000
3.652
3.608
4.223
3.485
3.286
3.388
3.763
1.156
-1.000
4.000
3.369
4.767
3.509
4.196
-1.000
4.349
4.144
2.028
3.692
-1.000
4.132
3.443
3.757
3.447
-1.000
4.788
3.400
4.002
4.127
3.208
-1.000
2.914
3.492
4.039
-1.000
4.391
4.036
3.909
3.535
4.626
3.525
3.951
-1.000
4.724
3.372
3.614
4.694
4.285
3.948
-1.000
4.657
5.131
3.407
4.015
-1.000
3.382
-1.000
3.521
4.468
5.459
3.176
3.497
2.434
4.023
3.050
-1.000
4.207
3.867
3.258
4.274
2.217
3.678
4.254
4.188
3.260
3.564
3.313
3.070
3.038
5.108
4.415
3.374
4.089
-1.000
3.815
-1.000
-1.000
4.430
3.384
-1.000
4.394
3.304
5.686
4.576
4.330
-1.000
4.058
-1.000
3.465
6.122
3.371
-1.000
4.465
3.948
5.720
3.793
3.660
5.029
-1.000
4.355
4.206
3.172
-1.000
3.653
-1.000
4.275
-1.000
3.443
3.543
5.939
3.391
3.568
-1.000
4.077
2.783
4.296
4.034
4.078
5.237
4.130
3.481
3.585
3.403
4.057
3.522
3.351
4.284
3.541
4.124
4.323
3.515
4.105
3.669
4.501
3.232
4.227
3.933
4.395
3.521
3.685
3.793
-1.000
4.337
3.474
4.056
3.403
3.643
-1.000
-1.000
3.629
3.474
4.447
3.574
4.031
3.739
4.787
3.301
4.592
3.643
3.368
3.643
-1.000
4.102
3.248
-1.000
3.310
3.861
3.554
-1.000
4.425
2.874
4.104
-1.000
3.768
4.232
4.560
3.565
5.918
5.676
-1.000
2.552
-1.000
3.582
3.088
3.677
-1.000
4.286
3.213
-1.000
2.931
4.555
3.523
3.673
4.516
3.957
3.903
3.878
2.581
4.031
-1.000
2.703
3.542
4.531
4.175
3.370
3.682
4.037
4.603
5.772
4.140
4.129
-1.000
3.855
3.493
3.775
3.906
4.036
4.841
4.552
3.078
4.131
3.771
-1.000
-1.000
3.150
3.411
3.862
3.625
3.634
3.839
3.724
3.739
4.258
4.449
-1.000
4.801
4.078
4.856
3.734
2.433
3.560
3.672
3.339
1.835
5.087
5.032
4.768
3.100
3.819
3.873
-1.000
3.105
3.884
4.243
4.759
4.748
-1.000
3.219
-1.000
3.848
3.450
3.594
5.544
3.221
3.545
2.737
4.875
4.687
4.389
-1.000
2.777
3.796
4.522
5.250
3.720
4.085
3.827
-1.000
4.615
3.321
4.526
3.459
4.476
3.796
3.324
4.297
3.885
-1.000
3.758
-1.000
4.690
4.232
3.610
3.893
3.937
3.304
3.812
-1.000
-1.000
-1.000
3.119
3.513
-1.000
3.392
3.464
4.258
4.044
4.606
3.657
4.459
4.346
3.571
-1.000
3.391
4.016
4.308
3.491
3.847
3.287
4.349
-1.000
4.669
4.521
3.787
3.602
4.638
4.485
-1.000
4.615
3.854
3.359
2.999
3.137
3.275
3.006
3.540
3.985
3.919
4.364
4.029
-1.000
3.434
3.202
4.882
-1.000
4.411
2.889
4.620
3.969
-1.000
3.511
4.571
-1.000
3.389
3.397
3.224
3.510
5.214
4.651
-1.000
3.580
3.957
3.383
-1.000
3.937
3.692
4.041
3.888
4.707
2.867
3.506
3.203
4.553
3.966
3.724
4.329
-1.000
3.357
3.840
4.241
-1.000
3.732
4.789
-1.000
4.983
-1.000
4.094
-1.000
3.574
3.338
3.516
3.611
3.267
4.865
3.556
3.546
3.680
3.208
3.825
3.090
-1.000
3.029
-1.000
3.967
3.937
3.920
4.557
3.658
-1.000
3.844
3.660
3.777
3.307
4.101
3.916
3.908
3.339
5.145
5.366
3.435
3.889
4.384
3.634
3.068
3.724
-1.000
3.811
4.195
3.705
4.523
3.552
3.757
4.712
5.058
2.661
-1.000
4.169
3.417
3.404
3.266
4.784
-1.000
-1.000
-1.000
3.703
3.167
-1.000
4.330
5.099
2.897
-1.000
3.888
4.824
3.713
4.366
3.658
3.567
3.251
4.408
-1.000
4.235
4.799
4.647
3.453
3.207
3.350
3.288
3.151
4.549
3.597
3.220
4.122
-1.000
3.799
3.554
3.661
-1.000
3.668
2.360
5.106
3.509
4.270
-1.000
-1.000
4.032
3.389
-1.000
3.681
4.202
5.285
2.436
4.881
-1.000
4.312
4.689
3.673
5.237
4.271
-1.000
3.219
4.292
-1.000
4.258
6.307
4.835
-1.000
5.436
-1.000
3.922
3.234
3.811
-1.000
-1.000
4.737
4.005
3.834
3.349
4.007
3.248
3.635
3.169
4.097
3.303
-1.000
-1.000
3.826
4.385
-1.000
3.679
3.428
-1.000
3.758
3.346
3.737
4.177
4.130
3.863
4.124
3.633
-1.000
3.606
3.463
3.445
4.258
3.904
3.485
4.677
-1.000
4.619
3.166
3.745
3.830
3.272
4.931
-1.000
3.855
3.275
-1.000
3.532
3.442
3.748
3.816
-1.000
3.687
3.910
3.266
-1.000
3.574
4.608
5.714
-1.000
4.954
3.463
3.953
4.506
3.468
3.410
4.350
3.730
3.647
3.617
4.199
4.304
4.101
3.571
4.411
4.079
-1.000
-1.000
3.028
4.007
3.727
5.472
4.088
4.974
-1.000
3.541
4.338
4.006
4.025
3.906
4.301
3.466
3.547
3.840
3.965
2.841
3.493
4.798
4.488
3.179
4.097
-1.000
4.005
3.979
4.692
4.434
3.536
4.215
3.589
4.543
3.125
3.508
3.839
4.457
4.494
4.262
3.416
2.252
5.016
3.583
3.453
3.615
3.973
4.273
4.438
4.148
-1.000
4.432
4.455
3.690
4.516
-1.000
3.594
3.219
-1.000
3.596
3.635
-1.000
4.545
3.403
4.279
4.034
4.091
3.534
3.534
3.711
3.820
4.857
3.705
4.936
3.933
3.445
-1.000
4.968
-1.000
3.531
5.443
3.749
3.694
-1.000
-1.000
3.634
6.016
3.475
3.793
-1.000
4.084
4.288
4.821
4.046
4.194
4.061
3.383
3.281
-1.000
4.412
4.360
4.640
4.172
3.754
4.289
4.010
3.887
3.816
4.177
4.128
3.961
3.677
4.153
3.277
4.368
4.330
4.328
4.038
3.341
3.645
4.448
-1.000
-1.000
3.604
4.512
4.761
3.830
5.371
3.894
4.177
4.153
3.147
5.232
3.898
4.587
2.763
-1.000
3.848
3.573
3.666
4.580
2.847
-1.000
4.269
3.416
4.344
3.608
4.592
3.803
3.845
5.052
3.691
-1.000
-1.000
3.430
-1.000
4.191
3.218
2.875
4.373
3.575
3.864
3.495
5.559
3.791
-1.000
3.911
3.266
4.136
5.683
3.044
2.947
3.735
3.605
3.754
5.465
3.773
3.794
3.491
3.603
2.911
-1.000
6.069
5.989
4.952
-1.000
3.302
3.514
3.512
1.512
3.672
-1.000
3.334
4.048
3.561
3.952
3.337
3.210
-1.000
3.134
3.966
4.170
2.781
4.335
-1.000
4.764
3.350
4.762
4.507
3.602
3.850
3.828
3.802
4.444
4.034
4.088
4.209
4.319
5.170
5.017
3.575
5.082
3.608
4.764
-1.000
3.622
4.148
3.231
3.821
3.692
3.356
4.289
4.539
4.026
3.740
5.735
3.502
-1.000
-1.000
3.673
-1.000
3.645
3.634
3.863
3.939
4.077
4.249
3.226
4.050
3.333
2.202
-1.000
3.632
3.434
5.134
4.001
3.047
3.456
3.739
1.919
2.567
3.873
3.043
4.309
3.551
-1.000
3.822
3.442
3.897
3.940
3.643
3.972
3.807
4.334
3.690
3.799
-1.000
3.759
3.188
4.156
3.312
4.275
3.673
3.714
4.275
3.126
3.987
3.315
3.458
3.107
3.766
-1.000
-1.000
3.172
2.985
3.765
2.513
-1.000
3.604
4.098
3.654
3.831
3.445
4.957
3.931
4.175
3.831
3.878
3.683
3.377
4.814
4.618
3.953
2.952
3.696
4.557
3.270
3.222
3.386
3.551
4.118
3.783
4.321
3.688
4.257
3.668
4.503
3.952
3.227
-1.000
3.849
4.702
3.760
4.460
4.812
3.533
5.350
3.437
3.330
4.513
5.434
4.004
3.397
3.521
3.505
4.307
3.164
4.863
-1.000
4.147
4.014
4.065
3.579
4.083
-1.000
3.703
3.515
4.380
3.447
4.071
-1.000
-1.000
3.479
4.489
3.306
-1.000
-1.000
2.113
5.469
-1.000
2.702
-1.000
3.622
3.736
-1.000
4.533
4.121
3.594
3.910
-1.000
4.468
5.788
4.021
-1.000
3.466
3.478
3.530
4.177
4.653
-1.000
3.137
3.493
4.176
3.691
4.372
3.687
3.669
3.581
4.801
4.055
3.322
3.399
4.858
3.654
3.306
2.741
4.861
2.903
3.593
3.763
3.127
3.688
-1.000
-1.000
3.647
3.444
3.211
3.818
4.041
2.771
3.791
4.214
3.768
2.879
3.355
3.709
2.706
3.356
2.509
4.731
-1.000
3.725
4.755
3.655
3.562
3.942
5.600
4.765
-1.000
3.362
3.744
3.176
-1.000
3.966
-1.000
3.144
3.048
3.465
4.899
3.772
4.196
3.896
3.431
-1.000
3.778
4.103
4.738
4.416
3.855
3.268
3.781
6.147
3.950
3.938
3.912
4.056
4.364
3.218
4.464
3.944
3.305
3.695
3.792
3.243
3.820
3.436
3.950
5.418
3.131
3.702
4.087
3.233
4.017
3.884
-1.000
3.433
4.733
4.003
3.722
3.086
3.398
4.191
-1.000
3.749
4.373
4.589
4.238
3.546
4.483
3.343
3.931
3.213
4.511
3.685
4.517
3.571
4.411
3.811
3.515
4.520
3.739
3.758
3.852
5.179
3.477
3.216
3.721
3.876
-1.000
4.900
3.874
4.833
3.659
3.491
3.675
3.470
4.858
4.058
3.595
-1.000
3.605
3.593
3.832
3.882
3.818
3.882
3.486
4.742
3.507
4.112
3.999
4.284
4.520
3.168
2.923
4.754
3.263
3.736
4.316
3.277
3.709
3.715
3.802
3.919
3.616
-1.000
3.465
3.458
4.717
3.497
3.563
3.740
3.859
2.714
-1.000
3.843
3.209
3.646
4.231
3.910
3.086
3.380
4.050
4.435
3.922
4.141
-1.000
3.184
4.725
3.377
3.785
4.392
5.147
3.781
4.022
4.683
3.426
3.510
3.729
3.700
2.459
3.616
3.572
3.626
3.503
3.243
3.496
3.305
3.733
4.098
4.585
3.868
3.661
5.344
4.122
-1.000
3.535
-1.000
3.845
-1.000
3.415
3.129
3.938
4.494
4.374
4.277
3.957
4.273
3.294
3.763
2.918
4.898
3.582
2.822
3.685
4.146
4.380
5.146
4.799
4.262
3.686
2.964
2.976
4.396
3.542
3.689
3.541
3.210
3.665
5.174
4.647
4.902
4.327
3.890
4.515
3.589
4.522
-1.000
3.849
3.742
3.784
4.411
4.395
3.867
5.065
3.870
3.326
3.150
3.465
4.268
3.822
4.473
3.494
4.308
3.150
3.299
4.579
3.650
3.449
3.333
4.220
3.935
4.607
3.694
4.251
3.600
3.340
3.194
3.768
2.278
3.516
3.653
-1.000
3.951
3.321
3.826
3.635
3.133
4.585
3.485
3.328
4.003
4.145
3.922
-1.000
3.527
3.108
4.684
4.035
3.861
4.429
3.890
4.830
5.159
4.088
3.759
5.397
3.673
4.257
4.121
4.026
4.559
3.727
4.076
3.711
-1.000
3.391
3.774
3.530
3.105
4.461
4.014
-1.000
3.234
3.835
3.503
-1.000
3.515
-1.000
3.959
4.816
3.046
-1.000
-1.000
3.281
3.274
4.013
3.700
3.047
3.690
3.856
4.007
3.970
4.011
3.571
3.641
3.136
3.956
-1.000
3.367
-1.000
4.854
3.150
3.320
4.073
3.933
4.455
3.865
3.848
3.743
3.311
4.143
4.016
4.678
4.796
-1.000
3.406
3.685
3.728
3.924
-1.000
3.449
4.407
-1.000
-1.000
-1.000
2.886
-1.000
3.522
3.737
3.386
3.739
3.997
3.779
-1.000
3.748
3.650
4.360
-1.000
3.146
3.357
4.176
-1.000
3.506
3.528
4.372
2.271
3.767
3.743
4.244
3.628
3.439
4.343
3.298
-1.000
3.344
3.952
3.496
3.458
3.777
4.779
3.676
3.666
-1.000
3.500
3.261
-1.000
4.172
3.698
4.116
3.424
4.116
-1.000
4.124
4.106
4.801
3.857
3.752
3.675
3.991
3.759
3.498
-1.000
4.409
4.068
3.337
-1.000
3.448
4.536
-1.000
4.208
4.872
3.372
3.036
1.553
3.637
4.753
3.963
4.270
-1.000
3.329
4.285
3.424
-1.000
3.490
4.151
4.564
4.485
-1.000
4.285
4.582
4.313
3.863
3.457
4.021
4.351
3.937
4.219
3.862
3.587
3.948
2.202
4.110
3.257
-1.000
3.587
3.898
4.052
3.515
4.046
3.749
4.041
3.584
4.303
3.775
-1.000
6.062
3.947
3.892
4.020
4.316
4.120
-1.000
4.062
3.939
4.025
4.325
3.627
5.195
3.209
3.637
3.534
-1.000
3.295
3.199
3.452
-1.000
4.382
3.572
4.399
4.011
4.113
3.920
4.536
3.425
3.570
4.040
4.565
3.683
4.398
3.521
3.420
3.923
4.692
3.729
3.472
3.849
4.139
4.200
3.960
3.383
6.121
3.458
3.601
4.429
4.340
3.944
3.461
3.974
-1.000
4.172
4.602
3.915
4.226
3.804
3.953
3.711
4.708
3.520
4.345
2.879
4.029
3.685
4.431
3.498
4.119
3.318
3.519
3.812
3.850
4.176
3.814
-1.000
3.229
-1.000
3.734
3.860
4.371
3.781
4.135
3.479
3.892
4.387
4.154
5.025
4.036
3.456
-1.000
3.391
3.635
4.701
3.966
3.725
5.337
4.239
4.512
3.669
3.813
3.395
4.049
3.838
-1.000
-1.000
-1.000
-1.000
-1.000
-1.000
-1.000
-1.000
-1.000
-1.000
-1.000
-1.000
-1.000
-1.000
-1.000
-1.000
-1.000
-1.000
-1.000
-1.000
3.717
-1.000
-1.000
-1.000
-1.000
-1.000
-1.000
-1.000
-1.000
-1.000
-1.000
-1.000
-1.000
4.120
-1.000
-1.000
-1.000
-1.000
-1.000
-1.000
-1.000
-1.000
4.030
-1.000
-1.000
-1.000
-1.000
-1.000
-1.000
-1.000
4.398
-1.000
-1.000
-1.000
-1.000
4.049
4.045
-1.000
-1.000
-1.000
4.449
-1.000
-1.000
-1.000
4.437
3.487
-1.000
-1.000
3.950
-1.000
-1.000
-1.000
-1.000
-1.000
4.012
3.897
-1.000
-1.000
-1.000
-1.000
-1.000
-1.000
-1.000
-1.000
-1.000
4.321
-1.000
-1.000
-1.000
-1.000
4.337
-1.000
-1.000
-1.000
-1.000
-1.000
4.197
3.677
-1.000
-1.000
3.357
-1.000
-1.000
4.698
-1.000
-1.000
-1.000
-1.000
-1.000
-1.000
-1.000
-1.000
-1.000
-1.000
-1.000
-1.000
-1.000
-1.000
-1.000
-1.000
-1.000
-1.000
-1.000
-1.000
-1.000
-1.000
-1.000
-1.000
-1.000
-1.000
-1.000
-1.000
-1.000
-1.000
-1.000
-1.000
-1.000
-1.000
-1.000
-1.000
-1.000
-1.000
-1.000
-1.000
-1.000
-1.000
-1.000
-1.000
-1.000
-1.000
-1.000
-1.000
-1.000
-1.000
-1.000
-1.000
-1.000
-1.000
-1.000
-1.000
-1.000
-1.000
-1.000
-1.000
-1.000
-1.000
-1.000
-1.000
-1.000
-1.000
-1.000
-1.000
-1.000
-1.000
-1.000
-1.000
-1.000
-1.000
-1.000
-1.000
-1.000
-1.000
-1.000
-1.000
-1.000
-1.000
-1.000
-1.000
-1.000
-1.000
-1.000
-1.000
-1.000
-1.000
-1.000
-1.000
-1.000
-1.000
-1.000
-1.000
-1.000
-1.000
-1.000
-1.000
-1.000
-1.000
-1.000
-1.000
-1.000
-1.000
-1.000
-1.000
-1.000
-1.000
-1.000
-1.000
-1.000
-1.000
-1.000
-1.000
-1.000
-1.000
-1.000
-1.000
-1.000
-1.000
-1.000
-1.000
-1.000
-1.000
-1.000
-1.000
-1.000
-1.000
-1.000
-1.000
-1.000
-1.000
-1.000
-1.000
-1.000
-1.000
-1.000
-1.000
-1.000
-1.000
-1.000
-1.000
-1.000
-1.000
-1.000
-1.000
-1.000
-1.000
-1.000
-1.000
-1.000
-1.000
3.994
-1.000
-1.000
-1.000
3.302
-1.000
-1.000
-1.000
4.537
4.352
-1.000
-1.000
-1.000
-1.000
-1.000
3.652
-1.000
-1.000
-1.000
-1.000
-1.000
-1.000
-1.000
-1.000
-1.000
-1.000
-1.000
-1.000
-1.000
-1.000
-1.000
-1.000
-1.000
-1.000
-1.000
-1.000
-1.000
-1.000
-1.000
-1.000
-1.000
-1.000
-1.000
-1.000
-1.000
-1.000
-1.000
-1.000
-1.000
-1.000
-1.000
-1.000
-1.000
-1.000
-1.000
-1.000
-1.000
-1.000
-1.000
-1.000
-1.000
-1.000
-1.000
-1.000
-1.000
-1.000
-1.000
-1.000
-1.000
-1.000
-1.000
-1.000
-1.000
-1.000
-1.000
-1.000
-1.000
-1.000
-1.000
-1.000
-1.000
4.575
-1.000
-1.000
-1.000
-1.000
-1.000
-1.000
-1.000
-1.000
4.030
-1.000
-1.000
-1.000
-1.000
-1.000
-1.000
-1.000
-1.000
-1.000
-1.000
-1.000
-1.000
-1.000
-1.000
-1.000
-1.000
-1.000
-1.000
-1.000
-1.000
4.314
-1.000
-1.000
-1.000
-1.000
-1.000
-1.000
-1.000
3.798
-1.000
-1.000
-1.000
-1.000
3.752
-1.000
-1.000
-1.000
-1.000
-1.000
-1.000
4.438
3.714
-1.000
-1.000
-1.000
-1.000
-1.000
4.632
-1.000
-1.000
-1.000
-1.000
-1.000
-1.000
3.825
-1.000
-1.000
-1.000
-1.000
-1.000
-1.000
-1.000
-1.000
-1.000
-1.000
-1.000
4.337
-1.000
-1.000
-1.000
-1.000
-1.000
-1.000
-1.000
-1.000
-1.000
4.127
-1.000
-1.000
-1.000
-1.000
-1.000
-1.000
-1.000
-1.000
-1.000
-1.000
-1.000
-1.000
-1.000
-1.000
-1.000
4.276
-1.000
-1.000
-1.000
-1.000
4.612
-1.000
-1.000
-1.000
-1.000
-1.000
-1.000
-1.000
-1.000
-1.000
-1.000
-1.000
-1.000
-1.000
-1.000
-1.000
-1.000
-1.000
-1.000
-1.000
-1.000
-1.000
-1.000
-1.000
-1.000
-1.000
-1.000
-1.000
-1.000
-1.000
-1.000
-1.000
-1.000
-1.000
-1.000
-1.000
-1.000
-1.000
-1.000
-1.000
-1.000
-1.000
-1.000
-1.000
-1.000
-1.000
-1.000
-1.000
-1.000
-1.000
-1.000
-1.000
-1.000
-1.000
-1.000
-1.000
-1.000
-1.000
-1.000
-1.000
-1.000
-1.000
-1.000
-1.000
-1.000
-1.000
-1.000
-1.000
-1.000
-1.000
-1.000
-1.000
-1.000
-1.000
-1.000
-1.000
-1.000
-1.000
4.768
-1.000
-1.000
-1.000
-1.000
-1.000
-1.000
-1.000
-1.000
-1.000
-1.000
-1.000
-1.000
-1.000
4.230
5.146
-1.000
-1.000
-1.000
-1.000
4.179
-1.000
4.662
-1.000
-1.000
3.418
-1.000
-1.000
-1.000
-1.000
-1.000
-1.000
-1.000
-1.000
-1.000
-1.000
-1.000
-1.000
-1.000
-1.000
-1.000
-1.000
-1.000
5.096
5.424
-1.000
-1.000
-1.000
-1.000
-1.000
-1.000
-1.000
-1.000
-1.000
-1.000
-1.000
-1.000
-1.000
-1.000
-1.000
-1.000
4.144
3.994
-1.000
3.950
-1.000
-1.000
-1.000
-1.000
4.556
-1.000
-1.000
-1.000
-1.000
-1.000
-1.000
-1.000
-1.000
-1.000
-1.000
-1.000
-1.000
-1.000
-1.000
-1.000
-1.000
-1.000
-1.000
4.173
-1.000
-1.000
5.136
-1.000
-1.000
-1.000
-1.000
-1.000
4.916
-1.000
-1.000
4.837
-1.000
-1.000
-1.000
-1.000
-1.000
-1.000
4.663
3.820
4.930
-1.000
-1.000
-1.000
-1.000
-1.000
-1.000
-1.000
-1.000
-1.000
-1.000
-1.000
-1.000
-1.000
-1.000
-1.000
-1.000
-1.000
-1.000
-1.000
-1.000
-1.000
-1.000
-1.000
-1.000
5.076
5.030
-1.000
-1.000
4.158
-1.000
4.816
-1.000
-1.000
-1.000
-1.000
-1.000
-1.000
5.352
-1.000
-1.000
-1.000
-1.000
-1.000
5.173
-1.000
-1.000
-1.000
-1.000
-1.000
-1.000
-1.000
-1.000
4.926
-1.000
-1.000
-1.000
-1.000
-1.000
-1.000
-1.000
-1.000
-1.000
-1.000
2.560
-1.000
-1.000
4.439
4.743
-1.000
-1.000
4.632
-1.000
-1.000
-1.000
-1.000
-1.000
-1.000
-1.000
-1.000
-1.000
-1.000
-1.000
-1.000
-1.000
5.227
-1.000
-1.000
-1.000
-1.000
4.877
-1.000
-1.000
-1.000
-1.000
-1.000
-1.000
-1.000
-1.000
-1.000
-1.000
-1.000
-1.000
-1.000
-1.000
-1.000
-1.000
-1.000
-1.000
-1.000
-1.000
-1.000
-1.000
-1.000
-1.000
-1.000
4.604
4.193
-1.000
4.818
4.747
-1.000
-1.000
-1.000
4.102
3.775
-1.000
-1.000
4.174
4.756
-1.000
-1.000
-1.000
-1.000
-1.000
-1.000
-1.000
4.071
-1.000
4.141
-1.000
-1.000
-1.000
-1.000
5.107
4.238
-1.000
-1.000
4.013
-1.000
-1.000
-1.000
-1.000
-1.000
-1.000
-1.000
3.157
-1.000
-1.000
-1.000
4.646
-1.000
-1.000
-1.000
4.793
-1.000
-1.000
-1.000
-1.000
-1.000
-1.000
-1.000
-1.000
-1.000
-1.000
5.395
-1.000
-1.000
-1.000
4.737
-1.000
-1.000
-1.000
-1.000
-1.000
-1.000
-1.000
-1.000
-1.000
-1.000
-1.000
-1.000
-1.000
-1.000
-1.000
-1.000
-1.000
-1.000
-1.000
-1.000
-1.000
4.639
-1.000
-1.000
-1.000
-1.000
-1.000
-1.000
-1.000
-1.000
4.094
-1.000
-1.000
-1.000
-1.000
-1.000
-1.000
-1.000
-1.000
-1.000
-1.000
-1.000
-1.000
-1.000
-1.000
-1.000
-1.000
-1.000
-1.000
4.558
-1.000
-1.000
-1.000
-1.000
-1.000
-1.000
-1.000
4.359
-1.000
3.281
-1.000
-1.000
-1.000
-1.000
-1.000
-1.000
-1.000
-1.000
-1.000
-1.000
4.855
-1.000
-1.000
-1.000
-1.000
-1.000
-1.000
-1.000
-1.000
-1.000
-1.000
-1.000
-1.000
-1.000
-1.000
5.384
4.255
-1.000
-1.000
3.494
-1.000
-1.000
-1.000
4.925
-1.000
-1.000
-1.000
-1.000
-1.000
-1.000
-1.000
3.669
-1.000
-1.000
-1.000
3.814
-1.000
-1.000
-1.000
-1.000
4.312
-1.000
4.914
4.554
-1.000
-1.000
-1.000
-1.000
5.096
-1.000
-1.000
-1.000
-1.000
5.341
-1.000
-1.000
4.408
-1.000
-1.000
-1.000
-1.000
-1.000
-1.000
-1.000
-1.000
-1.000
4.750
-1.000
4.460
4.600
-1.000
-1.000
4.990
-1.000
-1.000
-1.000
-1.000
-1.000
-1.000
-1.000
-1.000
-1.000
4.391
-1.000
-1.000
-1.000
-1.000
-1.000
5.141
-1.000
5.490
-1.000
-1.000
4.428
-1.000
-1.000
-1.000
-1.000
-1.000
-1.000
-1.000
3.259
-1.000
4.659
-1.000
-1.000
-1.000
-1.000
4.720
3.515
-1.000
-1.000
-1.000
5.192
-1.000
-1.000
-1.000
-1.000
-1.000
-1.000
-1.000
-1.000
5.106
-1.000
-1.000
2.925
3.092
-1.000
-1.000
3.280
-1.000
-1.000
2.363
-1.000
-1.000
-1.000
-1.000
-1.000
4.564
-1.000
-1.000
-1.000
-1.000
-1.000
-1.000
-1.000
-1.000
-1.000
-1.000
-1.000
-1.000
-1.000
-1.000
-1.000
-1.000
-1.000
-1.000
-1.000
4.214
4.407
-1.000
-1.000
-1.000
3.321
-1.000
4.252
-1.000
-1.000
-1.000
-1.000
-1.000
-1.000
-1.000
-1.000
-1.000
-1.000
-1.000
-1.000
-1.000
-1.000
-1.000
-1.000
-1.000
-1.000
-1.000
-1.000
-1.000
-1.000
-1.000
-1.000
-1.000
-1.000
-1.000
-1.000
-1.000
-1.000
-1.000
-1.000
-1.000
-1.000
-1.000
-1.000
-1.000
-1.000
-1.000
3.182
-1.000
-1.000
-1.000
-1.000
-1.000
-1.000
-1.000
-1.000
-1.000
-1.000
-1.000
-1.000
-1.000
-1.000
-1.000
-1.000
-1.000
-1.000
-1.000
-1.000
-1.000
-1.000
-1.000
-1.000
-1.000
-1.000
3.599
-1.000
-1.000
-1.000
-1.000
-1.000
-1.000
-1.000
-1.000
3.754
-1.000
-1.000
-1.000
-1.000
-1.000
-1.000
-1.000
-1.000
-1.000
-1.000
-1.000
-1.000
-1.000
-1.000
-1.000
-1.000
-1.000
-1.000
-1.000
-1.000
-1.000
-1.000
-1.000
-1.000
-1.000
-1.000
-1.000
-1.000
-1.000
-1.000
-1.000
-1.000
-1.000
-1.000
-1.000
-1.000
-1.000
-1.000
-1.000
-1.000
-1.000
-1.000
-1.000
-1.000
-1.000
-1.000
-1.000
-1.000
-1.000
-1.000
-1.000
-1.000
-1.000
-1.000
-1.000
-1.000
3.761
-1.000
-1.000
-1.000
-1.000
-1.000
-1.000
-1.000
-1.000
-1.000
-1.000
-1.000
-1.000
-1.000
-1.000
-1.000
-1.000
-1.000
-1.000
-1.000
-1.000
-1.000
-1.000
-1.000
-1.000
-1.000
-1.000
-1.000
-1.000
-1.000
-1.000
-1.000
-1.000
-1.000
-1.000
-1.000
-1.000
-1.000
-1.000
-1.000
-1.000
-1.000
3.851
-1.000
-1.000
-1.000
-1.000
-1.000
-1.000
-1.000
-1.000
-1.000
-1.000
-1.000
-1.000
-1.000
-1.000
-1.000
-1.000
-1.000
-1.000
-1.000
-1.000
-1.000
-1.000
-1.000
-1.000
-1.000
-1.000
-1.000
-1.000
-1.000
-1.000
-1.000
-1.000
-1.000
-1.000
-1.000
-1.000
-1.000
-1.000
-1.000
-1.000
-1.000
-1.000
-1.000
-1.000
4.407
-1.000
-1.000
-1.000
-1.000
-1.000
-1.000
-1.000
3.351
-1.000
-1.000
-1.000
-1.000
-1.000
-1.000
-1.000
-1.000
-1.000
-1.000
-1.000
-1.000
-1.000
-1.000
-1.000
-1.000
-1.000
-1.000
-1.000
-1.000
-1.000
-1.000
-1.000
-1.000
-1.000
-1.000
4.234
-1.000
-1.000
-1.000
-1.000
-1.000
-1.000
-1.000
-1.000
-1.000
-1.000
-1.000
4.721
-1.000
-1.000
-1.000
-1.000
-1.000
-1.000
-1.000
-1.000
-1.000
-1.000
-1.000
-1.000
-1.000
-1.000
4.319
-1.000
-1.000
-1.000
-1.000
3.825
-1.000
-1.000
-1.000
-1.000
-1.000
4.524
-1.000
-1.000
-1.000
-1.000
-1.000
-1.000
-1.000
-1.000
-1.000
3.376
-1.000
-1.000
-1.000
4.302
-1.000
-1.000
-1.000
-1.000
-1.000
-1.000
4.139
-1.000
-1.000
-1.000
-1.000
4.910
4.459
-1.000
-1.000
-1.000
3.413
-1.000
-1.000
-1.000
-1.000
4.548
-1.000
-1.000
-1.000
4.803
-1.000
-1.000
-1.000
-1.000
-1.000
-1.000
-1.000
3.271
4.421
4.888
-1.000
-1.000
-1.000
-1.000
-1.000
3.420
-1.000
4.424
-1.000
-1.000
-1.000
-1.000
-1.000
-1.000
3.241
3.508
-1.000
4.615
-1.000
-1.000
-1.000
-1.000
-1.000
-1.000
-1.000
-1.000
-1.000
5.252
-1.000
4.424
-1.000
-1.000
3.274
-1.000
-1.000
-1.000
-1.000
-1.000
-1.000
-1.000
-1.000
3.455
-1.000
-1.000
-1.000
3.632
5.066
4.351
-1.000
-1.000
-1.000
-1.000
-1.000
-1.000
4.502
4.166
-1.000
4.151
5.030
3.399
-1.000
3.359
4.794
-1.000
-1.000
4.183
-1.000
-1.000
-1.000
-1.000
-1.000
-1.000
2.978
4.020
-1.000
-1.000
-1.000
-1.000
-1.000
-1.000
-1.000
-1.000
-1.000
-1.000
-1.000
-1.000
-1.000
-1.000
-1.000
-1.000
-1.000
-1.000
-1.000
-1.000
-1.000
-1.000
-1.000
-1.000
-1.000
-1.000
-1.000
-1.000
-1.000
-1.000
-1.000
-1.000
-1.000
-1.000
-1.000
-1.000
-1.000
-1.000
-1.000
-1.000
-1.000
-1.000
-1.000
-1.000
-1.000
-1.000
-1.000
-1.000
-1.000
-1.000
-1.000
-1.000
-1.000
-1.000
-1.000
-1.000
-1.000
-1.000
-1.000
-1.000
-1.000
-1.000
-1.000
-1.000
-1.000
-1.000
-1.000
-1.000
-1.000
-1.000
-1.000
-1.000
-1.000
-1.000
-1.000
-1.000
-1.000
-1.000
-1.000
-1.000
-1.000
-1.000
-1.000
-1.000
-1.000
-1.000
-1.000
3.920
-1.000
-1.000
-1.000
-1.000
-1.000
-1.000
-1.000
3.871
-1.000
-1.000
-1.000
-1.000
-1.000
-1.000
-1.000
3.680
-1.000
-1.000
-1.000
-1.000
-1.000
-1.000
-1.000
-1.000
-1.000
-1.000
-1.000
-1.000
-1.000
-1.000
-1.000
-1.000
3.428
-1.000
-1.000
3.276
-1.000
-1.000
-1.000
4.620
3.935
-1.000
-1.000
-1.000
-1.000
3.842
-1.000
-1.000
-1.000
-1.000
-1.000
-1.000
-1.000
-1.000
-1.000
-1.000
-1.000
-1.000
3.783
-1.000
-1.000
-1.000
-1.000
-1.000
3.651
-1.000
-1.000
-1.000
-1.000
-1.000
-1.000
-1.000
-1.000
-1.000
-1.000
-1.000
-1.000
-1.000
-1.000
-1.000
-1.000
-1.000
-1.000
-1.000
-1.000
-1.000
-1.000
-1.000
-1.000
-1.000
-1.000
-1.000
-1.000
-1.000
-1.000
-1.000
-1.000
-1.000
-1.000
-1.000
-1.000
-1.000
-1.000
-1.000
-1.000
-1.000
-1.000
-1.000
-1.000
-1.000
3.457
-1.000
-1.000
-1.000
-1.000
-1.000
-1.000
-1.000
-1.000
-1.000
-1.000
-1.000
-1.000
3.413
-1.000
-1.000
-1.000
-1.000
-1.000
-1.000
-1.000
-1.000
-1.000
-1.000
4.192
-1.000
-1.000
-1.000
-1.000
3.606
-1.000
-1.000
3.504
-1.000
-1.000
-1.000
-1.000
-1.000
4.128
-1.000
-1.000
-1.000
-1.000
-1.000
3.801
-1.000
-1.000
-1.000
-1.000
-1.000
-1.000
-1.000
-1.000
-1.000
-1.000
-1.000
-1.000
-1.000
-1.000
-1.000
-1.000
-1.000
-1.000
4.179
-1.000
-1.000
-1.000
4.256
4.036
-1.000
-1.000
-1.000
-1.000
-1.000
-1.000
-1.000
-1.000
-1.000
-1.000
-1.000
-1.000
-1.000
-1.000
-1.000
-1.000
-1.000
-1.000
4.010
-1.000
-1.000
-1.000
-1.000
-1.000
4.417
-1.000
-1.000
-1.000
-1.000
-1.000
2.970
-1.000
4.301
4.099
4.224
-1.000
-1.000
-1.000
-1.000
4.688
-1.000
-1.000
-1.000
-1.000
-1.000
-1.000
-1.000
-1.000
-1.000
-1.000
-1.000
4.362
-1.000
-1.000
-1.000
-1.000
4.521
-1.000
-1.000
-1.000
4.333
-1.000
-1.000
-1.000
-1.000
-1.000
4.359
-1.000
3.805
-1.000
3.367
-1.000
-1.000
-1.000
-1.000
-1.000
-1.000
-1.000
-1.000
-1.000
-1.000
-1.000
-1.000
-1.000
-1.000
-1.000
-1.000
-1.000
-1.000
-1.000
-1.000
-1.000
-1.000
-1.000
-1.000
-1.000
-1.000
-1.000
-1.000
-1.000
-1.000
-1.000
-1.000
-1.000
-1.000
-1.000
-1.000
-1.000
-1.000
-1.000
-1.000
-1.000
3.597
-1.000
-1.000
-1.000
4.121
-1.000
-1.000
-1.000
-1.000
-1.000
-1.000
3.964
-1.000
-1.000
-1.000
-1.000
3.952
-1.000
-1.000
3.791
-1.000
4.312
-1.000
-1.000
-1.000
-1.000
-1.000
-1.000
3.842
-1.000
-1.000
-1.000
-1.000
-1.000
-1.000
-1.000
-1.000
-1.000
-1.000
-1.000
-1.000
-1.000
-1.000
-1.000
-1.000
-1.000
-1.000
-1.000
-1.000
-1.000
-1.000
-1.000
-1.000
-1.000
-1.000
-1.000
-1.000
-1.000
-1.000
-1.000
-1.000
-1.000
-1.000
-1.000
-1.000
-1.000
-1.000
-1.000
-1.000
-1.000
-1.000
-1.000
-1.000
-1.000
-1.000
-1.000
-1.000
-1.000
-1.000
-1.000
-1.000
-1.000
-1.000
-1.000
-1.000
-1.000
-1.000
-1.000
-1.000
-1.000
-1.000
-1.000
-1.000
-1.000
-1.000
-1.000
-1.000
-1.000
-1.000
-1.000
-1.000
-1.000
-1.000
-1.000
-1.000
-1.000
-1.000
-1.000
-1.000
-1.000
-1.000
-1.000
-1.000
-1.000
-1.000
-1.000
-1.000
-1.000
-1.000
-1.000
-1.000
-1.000
-1.000
-1.000
-1.000
-1.000
-1.000
-1.000
-1.000
-1.000
-1.000
-1.000
-1.000
-1.000
-1.000
-1.000
-1.000
-1.000
-1.000
-1.000
-1.000
-1.000
-1.000
-1.000
-1.000
3.958
-1.000
-1.000
-1.000
4.740
-1.000
-1.000
-1.000
-1.000
-1.000
-1.000
-1.000
-1.000
-1.000
-1.000
-1.000
-1.000
-1.000
-1.000
-1.000
3.920
-1.000
-1.000
-1.000
3.319
-1.000
-1.000
-1.000
-1.000
-1.000
4.371
-1.000
-1.000
-1.000
-1.000
-1.000
-1.000
-1.000
4.117
-1.000
-1.000
-1.000
-1.000
-1.000
4.103
-1.000
4.115
-1.000
3.835
-1.000
-1.000
3.640
-1.000
-1.000
-1.000
-1.000
-1.000
-1.000
-1.000
-1.000
-1.000
-1.000
-1.000
-1.000
-1.000
-1.000
4.667
-1.000
-1.000
-1.000
-1.000
-1.000
-1.000
-1.000
-1.000
-1.000
-1.000
-1.000
-1.000
4.972
-1.000
-1.000
-1.000
-1.000
3.715
-1.000
4.842
-1.000
-1.000
-1.000
-1.000
-1.000
-1.000
-1.000
4.229
-1.000
-1.000
-1.000
-1.000
-1.000
4.418
-1.000
-1.000
-1.000
-1.000
-1.000
-1.000
-1.000
-1.000
4.382
3.976
-1.000
-1.000
-1.000
-1.000
-1.000
-1.000
-1.000
4.626
-1.000
-1.000
2.689
-1.000
3.971
4.223
-1.000
-1.000
-1.000
-1.000
-1.000
-1.000
3.645
3.970
3.934
4.831
4.522
-1.000
-1.000
-1.000
-1.000
-1.000
-1.000
-1.000
-1.000
-1.000
-1.000
4.190
4.215
-1.000
-1.000
-1.000
-1.000
-1.000
3.006
-1.000
4.564
-1.000
-1.000
-1.000
-1.000
-1.000
-1.000
-1.000
-1.000
-1.000
3.983
-1.000
-1.000
4.684
-1.000
-1.000
-1.000
-1.000
-1.000
-1.000
-1.000
-1.000
-1.000
5.133
2.453
-1.000
-1.000
-1.000
-1.000
-1.000
-1.000
5.065
-1.000
3.564
4.405
-1.000
-1.000
-1.000
4.800
-1.000
-1.000
-1.000
-1.000
-1.000
-1.000
-1.000
-1.000
-1.000
4.708
-1.000
-1.000
3.960
-1.000
-1.000
-1.000
3.582
-1.000
-1.000
-1.000
-1.000
-1.000
4.804
3.735
-1.000
-1.000
-1.000
-1.000
-1.000
-1.000
-1.000
3.959
-1.000
-1.000
-1.000
-1.000
-1.000
4.817
-1.000
4.052
-1.000
-1.000
4.082
-1.000
-1.000
-1.000
-1.000
-1.000
4.764
4.570
-1.000
-1.000
-1.000
-1.000
-1.000
-1.000
-1.000
-1.000
-1.000
4.727
4.396
-1.000
-1.000
-1.000
4.291
4.825
-1.000
-1.000
-1.000
-1.000
-1.000
4.411
-1.000
-1.000
-1.000
-1.000
3.918
-1.000
-1.000
-1.000
-1.000
5.175
-1.000
-1.000
-1.000
-1.000
-1.000
-1.000
-1.000
-1.000
-1.000
-1.000
-1.000
-1.000
-1.000
4.700
-1.000
-1.000
-1.000
-1.000
-1.000
-1.000
-1.000
-1.000
4.784
-1.000
-1.000
3.525
-1.000
-1.000
-1.000
-1.000
-1.000
-1.000
-1.000
-1.000
-1.000
-1.000
-1.000
-1.000
-1.000
-1.000
-1.000
-1.000
-1.000
-1.000
-1.000
4.981
-1.000
-1.000
-1.000
-1.000
-1.000
-1.000
-1.000
-1.000
-1.000
-1.000
-1.000
-1.000
-1.000
-1.000
-1.000
-1.000
-1.000
-1.000
-1.000
4.494
-1.000
-1.000
-1.000
5.170
-1.000
-1.000
-1.000
-1.000
-1.000
3.151
-1.000
-1.000
-1.000
-1.000
-1.000
-1.000
-1.000
-1.000
4.150
-1.000
-1.000
3.007
4.344
3.145
-1.000
-1.000
-1.000
-1.000
-1.000
-1.000
-1.000
-1.000
-1.000
-1.000
-1.000
-1.000
3.971
-1.000
4.918
5.335
4.016
-1.000
-1.000
-1.000
4.603
3.492
4.006
-1.000
-1.000
3.349
-1.000
-1.000
-1.000
-1.000
-1.000
4.200
-1.000
2.923
-1.000
-1.000
-1.000
4.404
3.208
-1.000
-1.000
-1.000
-1.000
-1.000
-1.000
-1.000
4.123
-1.000
3.856
-1.000
-1.000
-1.000
-1.000
-1.000
-1.000
-1.000
-1.000
-1.000
-1.000
-1.000
4.412
-1.000
3.451
2.951
-1.000
-1.000
-1.000
-1.000
3.912
4.493
4.711
4.469
3.800
-1.000
-1.000
-1.000
3.334
4.239
5.242
-1.000
3.354
-1.000
3.866
-1.000
-1.000
4.608
3.640
-1.000
-1.000
-1.000
3.464
-1.000
-1.000
3.979
-1.000
4.080
4.163
-1.000
-1.000
4.081
-1.000
-1.000
-1.000
4.281
-1.000
-1.000
-1.000
-1.000
-1.000
3.676
-1.000
-1.000
-1.000
-1.000
-1.000
-1.000
-1.000
4.804
-1.000
3.927
4.373
-1.000
-1.000
-1.000
-1.000
2.619
-1.000
-1.000
-1.000
5.035
4.322
-1.000
4.217
-1.000
-1.000
-1.000
-1.000
3.557
4.758
-1.000
-1.000
-1.000
-1.000
-1.000
-1.000
-1.000
-1.000
-1.000
-1.000
-1.000
-1.000
-1.000
-1.000
-1.000
-1.000
-1.000
-1.000
-1.000
-1.000
-1.000
-1.000
-1.000
-1.000
-1.000
-1.000
-1.000
-1.000
-1.000
-1.000
-1.000
-1.000
-1.000
-1.000
-1.000
-1.000
-1.000
-1.000
-1.000
-1.000
-1.000
-1.000
-1.000
-1.000
-1.000
-1.000
-1.000
-1.000
-1.000
-1.000
-1.000
-1.000
-1.000
-1.000
-1.000
-1.000
-1.000
-1.000
-1.000
3.623
-1.000
-1.000
-1.000
-1.000
-1.000
3.947
-1.000
-1.000
-1.000
-1.000
-1.000
-1.000
-1.000
-1.000
-1.000
-1.000
-1.000
-1.000
-1.000
-1.000
-1.000
-1.000
-1.000
-1.000
-1.000
-1.000
-1.000
-1.000
-1.000
-1.000
-1.000
-1.000
-1.000
-1.000
-1.000
-1.000
-1.000
-1.000
-1.000
-1.000
-1.000
-1.000
5.510
-1.000
3.910
-1.000
3.755
4.269
-1.000
4.176
3.499
4.479
4.147
3.421
3.812
3.707
3.510
3.594
-1.000
-1.000
4.489
-1.000
-1.000
-1.000
-1.000
5.484
4.293
-1.000
-1.000
4.600
-1.000
3.997
4.087
3.165
2.946
4.510
-1.000
-1.000
4.602
3.641
-1.000
-1.000
-1.000
-1.000
3.391
3.988
-1.000
4.482
3.941
3.548
-1.000
-1.000
-1.000
4.260
-1.000
-1.000
-1.000
4.036
4.997
5.572
-1.000
-1.000
-1.000
4.949
-1.000
3.233
3.846
5.087
-1.000
-1.000
-1.000
4.611
-1.000
-1.000
-1.000
-1.000
3.517
-1.000
2.905
4.156
-1.000
3.640
-1.000
-1.000
-1.000
-1.000
-1.000
-1.000
4.291
2.347
-1.000
3.061
-1.000
-1.000
-1.000
4.327
-1.000
5.127
4.887
-1.000
4.707
4.043
3.944
-1.000
3.816
-1.000
-1.000
4.974
-1.000
-1.000
-1.000
-1.000
-1.000
4.267
-1.000
5.232
-1.000
-1.000
-1.000
-1.000
-1.000
4.186
-1.000
3.722
-1.000
3.975
-1.000
3.862
3.562
5.001
-1.000
4.076
-1.000
-1.000
-1.000
-1.000
-1.000
-1.000
-1.000
-1.000
-1.000
-1.000
-1.000
-1.000
-1.000
-1.000
-1.000
-1.000
-1.000
-1.000
-1.000
-1.000
-1.000
-1.000
3.751
-1.000
-1.000
3.967
-1.000
-1.000
-1.000
-1.000
-1.000
-1.000
-1.000
-1.000
-1.000
-1.000
-1.000
-1.000
-1.000
-1.000
-1.000
-1.000
-1.000
-1.000
-1.000
-1.000
-1.000
-1.000
-1.000
3.208
-1.000
-1.000
-1.000
-1.000
-1.000
4.566
-1.000
-1.000
-1.000
-1.000
-1.000
-1.000
-1.000
-1.000
-1.000
3.279
2.921
4.586
-1.000
3.411
4.565
4.386
-1.000
-1.000
-1.000
-1.000
-1.000
3.832
-1.000
-1.000
4.411
-1.000
-1.000
-1.000
3.842
-1.000
-1.000
-1.000
-1.000
-1.000
-1.000
4.333
-1.000
-1.000
-1.000
-1.000
4.453
-1.000
-1.000
-1.000
-1.000
3.803
4.341
-1.000
-1.000
-1.000
4.738
3.995
-1.000
-1.000
4.571
-1.000
3.794
4.560
-1.000
-1.000
-1.000
-1.000
4.514
4.202
-1.000
-1.000
-1.000
3.903
-1.000
4.303
4.093
-1.000
-1.000
4.299
-1.000
3.578
-1.000
-1.000
-1.000
-1.000
4.553
-1.000
-1.000
-1.000
-1.000
-1.000
-1.000
4.784
-1.000
-1.000
-1.000
-1.000
4.483
-1.000
-1.000
3.983
-1.000
4.267
-1.000
-1.000
-1.000
-1.000
-1.000
4.965
4.557
-1.000
4.888
-1.000
-1.000
4.296
3.410
-1.000
-1.000
-1.000
-1.000
-1.000
-1.000
-1.000
-1.000
-1.000
-1.000
-1.000
-1.000
-1.000
-1.000
-1.000
-1.000
-1.000
-1.000
-1.000
-1.000
-1.000
-1.000
-1.000
-1.000
-1.000
-1.000
-1.000
-1.000
-1.000
-1.000
-1.000
-1.000
-1.000
-1.000
-1.000
-1.000
-1.000
-1.000
-1.000
-1.000
-1.000
-1.000
-1.000
-1.000
-1.000
-1.000
-1.000
-1.000
-1.000
-1.000
-1.000
-1.000
-1.000
-1.000
-1.000
-1.000
-1.000
-1.000
-1.000
-1.000
-1.000
-1.000
-1.000
-1.000
-1.000
-1.000
-1.000
-1.000
-1.000
-1.000
-1.000
-1.000
-1.000
-1.000
-1.000
-1.000
-1.000
-1.000
-1.000
-1.000
-1.000
-1.000
-1.000
-1.000
-1.000
-1.000
-1.000
-1.000
-1.000
-1.000
-1.000
-1.000
-1.000
-1.000
-1.000
-1.000
-1.000
-1.000
-1.000
-1.000
-1.000
-1.000
-1.000
-1.000
-1.000
-1.000
-1.000
-1.000
-1.000
-1.000
-1.000
-1.000
-1.000
-1.000
-1.000
-1.000
-1.000
-1.000
-1.000
-1.000
-1.000
-1.000
-1.000
-1.000
-1.000
-1.000
-1.000
-1.000
-1.000
-1.000
-1.000
-1.000
-1.000
-1.000
-1.000
-1.000
-1.000
-1.000
-1.000
-1.000
-1.000
-1.000
-1.000
-1.000
-1.000
-1.000
-1.000
-1.000
-1.000
-1.000
-1.000
-1.000
-1.000
-1.000
-1.000
-1.000
-1.000
-1.000
-1.000
-1.000
-1.000
-1.000
-1.000
-1.000
-1.000
-1.000
-1.000
-1.000
-1.000
-1.000
-1.000
-1.000
-1.000
-1.000
-1.000
-1.000
-1.000
-1.000
-1.000
-1.000
-1.000
-1.000
-1.000
-1.000
-1.000
-1.000
-1.000
-1.000
-1.000
-1.000
-1.000
-1.000
-1.000
-1.000
-1.000
-1.000
-1.000
-1.000
-1.000
-1.000
-1.000
-1.000
-1.000
-1.000
-1.000
-1.000
-1.000
-1.000
-1.000
-1.000
-1.000
-1.000
-1.000
-1.000
-1.000
-1.000
-1.000
-1.000
-1.000
-1.000
-1.000
-1.000
-1.000
3.970
-1.000
-1.000
4.760
-1.000
-1.000
3.874
3.214
3.469
2.614
3.510
4.153
4.051
-1.000
-1.000
4.468
-1.000
-1.000
2.883
3.841
3.531
-1.000
-1.000
-1.000
-1.000
-1.000
-1.000
-1.000
-1.000
-1.000
-1.000
-1.000
-1.000
-1.000
3.551
-1.000
-1.000
-1.000
-1.000
-1.000
-1.000
-1.000
-1.000
-1.000
-1.000
-1.000
-1.000
-1.000
-1.000
-1.000
-1.000
-1.000
-1.000
-1.000
-1.000
-1.000
-1.000
-1.000
-1.000
-1.000
-1.000
-1.000
-1.000
-1.000
-1.000
-1.000
-1.000
-1.000
-1.000
-1.000
-1.000
-1.000
-1.000
-1.000
-1.000
-1.000
3.315
-1.000
-1.000
-1.000
-1.000
-1.000
-1.000
-1.000
-1.000
-1.000
-1.000
-1.000
-1.000
-1.000
-1.000
-1.000
-1.000
-1.000
-1.000
-1.000
-1.000
-1.000
-1.000
-1.000
-1.000
-1.000
-1.000
-1.000
-1.000
-1.000
-1.000
-1.000
-1.000
-1.000
-1.000
-1.000
-1.000
-1.000
-1.000
-1.000
-1.000
-1.000
-1.000
-1.000
-1.000
-1.000
-1.000
-1.000
-1.000
-1.000
-1.000
-1.000
-1.000
-1.000
-1.000
-1.000
-1.000
3.342
-1.000
-1.000
-1.000
-1.000
-1.000
-1.000
-1.000
-1.000
-1.000
-1.000
-1.000
-1.000
-1.000
-1.000
-1.000
-1.000
-1.000
-1.000
-1.000
-1.000
-1.000
-1.000
3.805
-1.000
4.489
-1.000
-1.000
-1.000
4.032
-1.000
4.160
-1.000
-1.000
4.101
-1.000
-1.000
-1.000
4.161
-1.000
-1.000
4.577
-1.000
-1.000
-1.000
3.711
-1.000
-1.000
-1.000
4.264
-1.000
-1.000
3.990
-1.000
-1.000
4.296
3.505
3.957
4.634
3.492
3.908
4.104
3.727
-1.000
3.517
4.608
3.947
-1.000
2.372
-1.000
4.220
4.474
4.166
4.293
4.748
3.936
3.547
4.033
3.793
3.423
3.704
4.434
3.767
-1.000
4.571
3.557
4.381
3.932
-1.000
-1.000
-1.000
-1.000
-1.000
-1.000
-1.000
-1.000
-1.000
-1.000
-1.000
-1.000
-1.000
-1.000
-1.000
-1.000
-1.000
-1.000
-1.000
-1.000
-1.000
-1.000
-1.000
-1.000
-1.000
-1.000
-1.000
-1.000
-1.000
-1.000
-1.000
-1.000
-1.000
3.300
-1.000
-1.000
-1.000
-1.000
-1.000
3.774
-1.000
-1.000
-1.000
-1.000
-1.000
-1.000
-1.000
-1.000
-1.000
-1.000
-1.000
-1.000
-1.000
-1.000
-1.000
-1.000
-1.000
-1.000
-1.000
-1.000
-1.000
-1.000
-1.000
-1.000
-1.000
-1.000
-1.000
-1.000
-1.000
2.870
-1.000
-1.000
-1.000
-1.000
-1.000
-1.000
-1.000
-1.000
-1.000
-1.000
-1.000
-1.000
-1.000
-1.000
-1.000
-1.000
-1.000
-1.000
-1.000
-1.000
-1.000
-1.000
-1.000
4.384
-1.000
-1.000
-1.000
-1.000
-1.000
-1.000
-1.000
-1.000
-1.000
-1.000
-1.000
4.329
3.891
-1.000
-1.000
-1.000
-1.000
-1.000
-1.000
-1.000
-1.000
-1.000
-1.000
-1.000
-1.000
-1.000
-1.000
-1.000
-1.000
-1.000
-1.000
-1.000
-1.000
-1.000
-1.000
-1.000
-1.000
-1.000
-1.000
-1.000
4.438
-1.000
-1.000
-1.000
-1.000
3.720
-1.000
-1.000
-1.000
-1.000
-1.000
3.243
-1.000
3.714
-1.000
-1.000
-1.000
-1.000
-1.000
-1.000
-1.000
3.861
-1.000
-1.000
4.674
-1.000
-1.000
4.471
-1.000
-1.000
-1.000
-1.000
-1.000
-1.000
-1.000
5.068
-1.000
-1.000
-1.000
-1.000
-1.000
4.627
2.980
-1.000
-1.000
3.005
3.667
-1.000
-1.000
-1.000
-1.000
-1.000
-1.000
-1.000
-1.000
-1.000
-1.000
-1.000
-1.000
-1.000
-1.000
4.537
-1.000
-1.000
-1.000
-1.000
-1.000
-1.000
-1.000
-1.000
-1.000
-1.000
3.447
-1.000
-1.000
-1.000
-1.000
-1.000
4.407
3.730
-1.000
3.510
-1.000
-1.000
3.312
3.956
4.249
-1.000
-1.000
-1.000
-1.000
-1.000
4.854
-1.000
-1.000
-1.000
-1.000
-1.000
-1.000
-1.000
-1.000
-1.000
-1.000
3.899
-1.000
-1.000
4.168
4.374
-1.000
-1.000
-1.000
-1.000
-1.000
-1.000
-1.000
-1.000
-1.000
4.490
-1.000
-1.000
-1.000
-1.000
-1.000
-1.000
-1.000
4.690
-1.000
-1.000
3.931
-1.000
-1.000
-1.000
-1.000
-1.000
-1.000
-1.000
-1.000
-1.000
-1.000
5.183
4.177
-1.000
-1.000
5.091
4.140
-1.000
-1.000
-1.000
4.615
-1.000
-1.000
-1.000
-1.000
-1.000
-1.000
-1.000
4.323
-1.000
-1.000
-1.000
-1.000
-1.000
-1.000
-1.000
-1.000
4.295
-1.000
-1.000
-1.000
-1.000
-1.000
-1.000
-1.000
-1.000
4.598
-1.000
-1.000
-1.000
-1.000
-1.000
-1.000
-1.000
3.072
4.839
4.446
3.536
-1.000
-1.000
-1.000
-1.000
3.471
-1.000
-1.000
-1.000
-1.000
-1.000
-1.000
-1.000
-1.000
-1.000
-1.000
-1.000
-1.000
-1.000
-1.000
-1.000
-1.000
-1.000
-1.000
-1.000
-1.000
-1.000
-1.000
-1.000
-1.000
-1.000
-1.000
-1.000
-1.000
-1.000
-1.000
-1.000
-1.000
-1.000
-1.000
-1.000
-1.000
-1.000
-1.000
-1.000
-1.000
-1.000
-1.000
-1.000
-1.000
-1.000
-1.000
-1.000
-1.000
-1.000
-1.000
-1.000
-1.000
-1.000
-1.000
-1.000
4.541
-1.000
-1.000
-1.000
-1.000
-1.000
-1.000
-1.000
-1.000
3.596
-1.000
-1.000
-1.000
-1.000
-1.000
-1.000
-1.000
-1.000
-1.000
-1.000
-1.000
-1.000
-1.000
-1.000
-1.000
-1.000
-1.000
-1.000
-1.000
-1.000
-1.000
-1.000
-1.000
-1.000
-1.000
-1.000
-1.000
-1.000
-1.000
-1.000
-1.000
-1.000
-1.000
-1.000
-1.000
-1.000
-1.000
-1.000
-1.000
-1.000
-1.000
-1.000
-1.000
-1.000
-1.000
4.696
-1.000
-1.000
-1.000
-1.000
-1.000
-1.000
-1.000
-1.000
-1.000
-1.000
-1.000
-1.000
-1.000
-1.000
-1.000
-1.000
-1.000
-1.000
-1.000
-1.000
-1.000
-1.000
-1.000
-1.000
-1.000
-1.000
-1.000
-1.000
-1.000
-1.000
-1.000
-1.000
-1.000
-1.000
-1.000
-1.000
-1.000
-1.000
-1.000
-1.000
-1.000
-1.000
-1.000
-1.000
3.505
-1.000
-1.000
-1.000
-1.000
-1.000
-1.000
-1.000
-1.000
-1.000
4.553
3.550
-1.000
-1.000
-1.000
-1.000
-1.000
-1.000
-1.000
2.685
4.064
-1.000
-1.000
3.927
-1.000
-1.000
-1.000
4.370
3.984
-1.000
3.603
4.357
-1.000
-1.000
4.362
3.475
-1.000
-1.000
-1.000
-1.000
4.619
-1.000
-1.000
-1.000
4.230
4.448
-1.000
-1.000
4.304
-1.000
3.867
4.408
-1.000
-1.000
-1.000
3.189
4.117
-1.000
-1.000
-1.000
-1.000
-1.000
-1.000
-1.000
-1.000
-1.000
-1.000
-1.000
4.447
-1.000
-1.000
4.244
3.472
-1.000
-1.000
-1.000
-1.000
-1.000
-1.000
4.542
-1.000
-1.000
4.056
-1.000
-1.000
-1.000
-1.000
-1.000
-1.000
4.537
-1.000
-1.000
-1.000
-1.000
-1.000
4.057
3.784
-1.000
-1.000
-1.000
-1.000
-1.000
-1.000
-1.000
-1.000
-1.000
-1.000
-1.000
-1.000
-1.000
-1.000
-1.000
-1.000
-1.000
-1.000
-1.000
-1.000
-1.000
-1.000
-1.000
-1.000
-1.000
-1.000
-1.000
-1.000
-1.000
-1.000
-1.000
-1.000
-1.000
-1.000
-1.000
-1.000
-1.000
-1.000
-1.000
-1.000
-1.000
3.917
-1.000
-1.000
-1.000
-1.000
-1.000
-1.000
-1.000
-1.000
-1.000
-1.000
-1.000
-1.000
-1.000
-1.000
-1.000
-1.000
-1.000
-1.000
-1.000
-1.000
-1.000
-1.000
-1.000
-1.000
-1.000
3.442
-1.000
-1.000
-1.000
-1.000
-1.000
-1.000
3.462
-1.000
-1.000
-1.000
-1.000
-1.000
4.138
-1.000
-1.000
-1.000
-1.000
-1.000
-1.000
-1.000
-1.000
4.383
-1.000
-1.000
-1.000
-1.000
4.254
-1.000
-1.000
-1.000
-1.000
-1.000
-1.000
-1.000
-1.000
4.366
-1.000
-1.000
-1.000
-1.000
-1.000
-1.000
-1.000
-1.000
-1.000
-1.000
3.958
-1.000
-1.000
-1.000
-1.000
-1.000
-1.000
-1.000
-1.000
-1.000
-1.000
-1.000
-1.000
-1.000
-1.000
-1.000
-1.000
-1.000
-1.000
-1.000
-1.000
4.104
-1.000
-1.000
-1.000
4.897
-1.000
4.643
-1.000
3.505
-1.000
4.366
-1.000
-1.000
4.325
2.905
-1.000
-1.000
3.457
3.450
-1.000
-1.000
-1.000
-1.000
-1.000
4.688
-1.000
-1.000
-1.000
-1.000
3.681
4.132
5.098
-1.000
-1.000
-1.000
-1.000
-1.000
-1.000
-1.000
-1.000
-1.000
-1.000
-1.000
-1.000
-1.000
-1.000
-1.000
-1.000
4.397
-1.000
-1.000
-1.000
-1.000
-1.000
4.764
-1.000
4.606
-1.000
-1.000
-1.000
-1.000
-1.000
-1.000
4.170
-1.000
-1.000
-1.000
-1.000
-1.000
4.477
-1.000
-1.000
-1.000
-1.000
-1.000
4.429
-1.000
-1.000
-1.000
-1.000
-1.000
-1.000
-1.000
-1.000
-1.000
-1.000
-1.000
-1.000
4.817
-1.000
-1.000
-1.000
-1.000
-1.000
-1.000
-1.000
-1.000
-1.000
-1.000
4.634
-1.000
-1.000
-1.000
-1.000
-1.000
-1.000
-1.000
-1.000
-1.000
-1.000
5.090
4.736
3.480
-1.000
-1.000
-1.000
-1.000
-1.000
-1.000
-1.000
-1.000
-1.000
-1.000
-1.000
-1.000
-1.000
-1.000
-1.000
-1.000
-1.000
3.474
-1.000
-1.000
-1.000
-1.000
-1.000
-1.000
-1.000
-1.000
-1.000
-1.000
4.974
-1.000
-1.000
-1.000
-1.000
3.173
3.337
3.548
-1.000
3.855
3.520
3.677
3.595
4.497
3.627
-1.000
3.994
5.298
4.105
3.472
4.626
3.709
3.760
3.928
3.662
3.789
-1.000
3.554
4.540
3.560
3.667
4.917
3.585
3.673
3.152
3.709
4.620
3.888
-1.000
5.239
3.914
3.691
4.984
3.892
3.443
3.658
4.758
3.631
3.383
3.972
3.957
3.470
3.398
3.872
4.792
-1.000
-1.000
-1.000
-1.000
3.512
-1.000
-1.000
-1.000
-1.000
-1.000
-1.000
-1.000
-1.000
-1.000
-1.000
-1.000
-1.000
-1.000
-1.000
-1.000
-1.000
-1.000
-1.000
-1.000
-1.000
-1.000
-1.000
-1.000
-1.000
-1.000
-1.000
-1.000
-1.000
-1.000
-1.000
-1.000
-1.000
-1.000
-1.000
-1.000
-1.000
-1.000
-1.000
-1.000
-1.000
-1.000
-1.000
-1.000
-1.000
-1.000
-1.000
-1.000
-1.000
-1.000
-1.000
-1.000
-1.000
-1.000
-1.000
-1.000
-1.000
-1.000
-1.000
-1.000
-1.000
-1.000
-1.000
-1.000
-1.000
-1.000
-1.000
-1.000
-1.000
-1.000
-1.000
-1.000
-1.000
-1.000
-1.000
-1.000
-1.000
-1.000
-1.000
-1.000
-1.000
-1.000
-1.000
-1.000
-1.000
-1.000
-1.000
-1.000
-1.000
-1.000
-1.000
-1.000
-1.000
-1.000
-1.000
-1.000
-1.000
-1.000
-1.000
-1.000
-1.000
-1.000
-1.000
-1.000
-1.000
-1.000
-1.000
-1.000
-1.000
-1.000
-1.000
-1.000
-1.000
-1.000
-1.000
-1.000
-1.000
-1.000
-1.000
-1.000
-1.000
-1.000
-1.000
-1.000
-1.000
-1.000
-1.000
-1.000
3.884
3.219
3.360
-1.000
4.101
-1.000
-1.000
-1.000
-1.000
4.093
4.138
-1.000
-1.000
3.887
-1.000
-1.000
-1.000
-1.000
-1.000
-1.000
-1.000
-1.000
-1.000
-1.000
-1.000
-1.000
-1.000
-1.000
-1.000
-1.000
-1.000
-1.000
-1.000
-1.000
-1.000
-1.000
-1.000
-1.000
-1.000
-1.000
-1.000
-1.000
3.333
-1.000
4.130
-1.000
-1.000
-1.000
-1.000
-1.000
-1.000
-1.000
-1.000
-1.000
-1.000
-1.000
-1.000
-1.000
-1.000
-1.000
-1.000
-1.000
-1.000
4.606
-1.000
-1.000
-1.000
-1.000
-1.000
-1.000
-1.000
-1.000
-1.000
-1.000
-1.000
-1.000
-1.000
-1.000
-1.000
4.148
-1.000
-1.000
-1.000
-1.000
3.147
-1.000
-1.000
-1.000
-1.000
-1.000
-1.000
-1.000
-1.000
-1.000
-1.000
-1.000
-1.000
-1.000
-1.000
-1.000
-1.000
-1.000
-1.000
-1.000
-1.000
-1.000
-1.000
-1.000
-1.000
-1.000
-1.000
-1.000
-1.000
-1.000
-1.000
-1.000
-1.000
-1.000
-1.000
