-1.000
-1.000
-1.000
-1.000
-1.000
-1.000
-1.000
-1.000
-1.000
-1.000
-1.000
-1.000
-1.000
-1.000
-1.000
-1.000
-1.000
-1.000
-1.000
-1.000
-1.000
-1.000
-1.000
-1.000
-1.000
-1.000
-1.000
-1.000
-1.000
-1.000
-1.000
-1.000
-1.000
-1.000
-1.000
-1.000
-1.000
-1.000
-1.000
-1.000
-1.000
-1.000
-1.000
-1.000
3.546
3.519
-1.000
-1.000
-1.000
-1.000
-1.000
-1.000
-1.000
-1.000
-1.000
-1.000
-1.000
-1.000
-1.000
-1.000
-1.000
-1.000
-1.000
-1.000
-1.000
-1.000
-1.000
-1.000
-1.000
-1.000
-1.000
-1.000
-1.000
-1.000
-1.000
-1.000
-1.000
-1.000
-1.000
-1.000
4.589
-1.000
-1.000
-1.000
-1.000
-1.000
-1.000
-1.000
-1.000
-1.000
-1.000
-1.000
-1.000
-1.000
-1.000
-1.000
-1.000
-1.000
-1.000
-1.000
-1.000
-1.000
-1.000
-1.000
-1.000
-1.000
-1.000
-1.000
-1.000
-1.000
-1.000
-1.000
-1.000
-1.000
-1.000
-1.000
-1.000
-1.000
4.560
-1.000
-1.000
-1.000
-1.000
-1.000
-1.000
4.692
-1.000
-1.000
-1.000
-1.000
-1.000
-1.000
-1.000
-1.000
-1.000
-1.000
-1.000
-1.000
4.839
-1.000
3.951
-1.000
-1.000
-1.000
-1.000
-1.000
-1.000
-1.000
-1.000
-1.000
-1.000
-1.000
-1.000
-1.000
-1.000
-1.000
3.735
-1.000
-1.000
-1.000
-1.000
4.642
-1.000
-1.000
-1.000
-1.000
-1.000
-1.000
-1.000
3.545
-1.000
-1.000
5.048
-1.000
-1.000
-1.000
-1.000
-1.000
3.941
-1.000
-1.000
-1.000
-1.000
-1.000
-1.000
-1.000
-1.000
-1.000
-1.000
-1.000
-1.000
-1.000
4.390
-1.000
-1.000
-1.000
-1.000
-1.000
-1.000
-1.000
-1.000
5.481
3.751
-1.000
-1.000
4.663
4.947
5.037
-1.000
-1.000
-1.000
4.169
4.199
3.449
4.606
-1.000
-1.000
5.446
3.637
-1.000
-1.000
-1.000
4.336
-1.000
-1.000
-1.000
-1.000
-1.000
-1.000
-1.000
-1.000
-1.000
-1.000
-1.000
-1.000
4.498
-1.000
-1.000
-1.000
-1.000
-1.000
-1.000
-1.000
-1.000
-1.000
-1.000
-1.000
4.049
5.150
-1.000
-1.000
-1.000
-1.000
-1.000
-1.000
-1.000
-1.000
-1.000
-1.000
-1.000
-1.000
-1.000
4.554
4.797
4.353
-1.000
5.271
-1.000
4.503
5.138
-1.000
4.745
-1.000
-1.000
-1.000
-1.000
-1.000
-1.000
-1.000
-1.000
-1.000
-1.000
-1.000
-1.000
-1.000
-1.000
-1.000
-1.000
-1.000
4.263
-1.000
-1.000
-1.000
-1.000
-1.000
-1.000
-1.000
-1.000
-1.000
-1.000
-1.000
-1.000
-1.000
4.304
5.640
-1.000
-1.000
-1.000
-1.000
-1.000
-1.000
-1.000
-1.000
-1.000
-1.000
-1.000
-1.000
4.198
-1.000
-1.000
-1.000
-1.000
-1.000
-1.000
-1.000
-1.000
-1.000
-1.000
-1.000
-1.000
4.453
-1.000
-1.000
-1.000
-1.000
-1.000
-1.000
-1.000
-1.000
4.150
4.399
-1.000
-1.000
-1.000
-1.000
3.866
-1.000
-1.000
-1.000
4.669
-1.000
4.535
4.540
-1.000
-1.000
-1.000
-1.000
-1.000
-1.000
-1.000
-1.000
-1.000
-1.000
-1.000
-1.000
-1.000
-1.000
-1.000
5.066
-1.000
-1.000
4.354
-1.000
4.246
-1.000
-1.000
-1.000
-1.000
-1.000
-1.000
-1.000
-1.000
-1.000
-1.000
-1.000
-1.000
3.061
-1.000
-1.000
-1.000
-1.000
4.269
-1.000
-1.000
-1.000
-1.000
-1.000
-1.000
-1.000
-1.000
-1.000
4.759
-1.000
-1.000
-1.000
-1.000
-1.000
4.053
4.348
-1.000
-1.000
-1.000
-1.000
-1.000
-1.000
-1.000
-1.000
-1.000
-1.000
5.078
-1.000
-1.000
-1.000
4.464
-1.000
-1.000
4.071
-1.000
-1.000
-1.000
4.167
-1.000
5.122
5.519
-1.000
-1.000
-1.000
-1.000
-1.000
-1.000
-1.000
-1.000
-1.000
-1.000
-1.000
-1.000
-1.000
-1.000
-1.000
-1.000
-1.000
-1.000
-1.000
-1.000
-1.000
-1.000
-1.000
-1.000
-1.000
-1.000
-1.000
-1.000
-1.000
-1.000
-1.000
-1.000
-1.000
4.825
-1.000
-1.000
-1.000
-1.000
4.714
-1.000
-1.000
-1.000
-1.000
-1.000
-1.000
-1.000
-1.000
-1.000
-1.000
-1.000
-1.000
-1.000
-1.000
-1.000
-1.000
-1.000
4.141
-1.000
-1.000
-1.000
-1.000
3.644
-1.000
-1.000
-1.000
-1.000
-1.000
5.041
-1.000
-1.000
-1.000
-1.000
-1.000
-1.000
-1.000
-1.000
-1.000
-1.000
4.469
-1.000
-1.000
-1.000
-1.000
4.532
4.504
-1.000
-1.000
-1.000
-1.000
-1.000
-1.000
-1.000
-1.000
-1.000
-1.000
-1.000
-1.000
-1.000
-1.000
-1.000
-1.000
-1.000
-1.000
-1.000
-1.000
-1.000
-1.000
-1.000
-1.000
-1.000
-1.000
-1.000
-1.000
-1.000
-1.000
-1.000
-1.000
-1.000
-1.000
-1.000
-1.000
-1.000
-1.000
-1.000
-1.000
-1.000
-1.000
-1.000
-1.000
-1.000
-1.000
-1.000
-1.000
-1.000
-1.000
-1.000
-1.000
-1.000
-1.000
-1.000
-1.000
-1.000
-1.000
-1.000
-1.000
-1.000
-1.000
-1.000
-1.000
-1.000
-1.000
-1.000
-1.000
-1.000
-1.000
-1.000
-1.000
-1.000
-1.000
-1.000
-1.000
-1.000
-1.000
-1.000
-1.000
-1.000
-1.000
-1.000
-1.000
-1.000
-1.000
-1.000
-1.000
-1.000
-1.000
-1.000
-1.000
-1.000
-1.000
-1.000
-1.000
-1.000
-1.000
3.894
-1.000
-1.000
-1.000
4.761
-1.000
-1.000
3.555
-1.000
-1.000
-1.000
-1.000
-1.000
-1.000
-1.000
-1.000
-1.000
3.696
-1.000
-1.000
-1.000
-1.000
-1.000
-1.000
-1.000
-1.000
-1.000
-1.000
-1.000
-1.000
-1.000
-1.000
-1.000
-1.000
-1.000
-1.000
-1.000
-1.000
-1.000
-1.000
-1.000
-1.000
5.246
-1.000
-1.000
-1.000
-1.000
-1.000
-1.000
-1.000
-1.000
-1.000
-1.000
-1.000
-1.000
-1.000
-1.000
-1.000
-1.000
-1.000
-1.000
-1.000
-1.000
-1.000
-1.000
-1.000
-1.000
-1.000
-1.000
5.692
-1.000
4.427
2.945
-1.000
-1.000
-1.000
-1.000
-1.000
-1.000
-1.000
-1.000
-1.000
-1.000
-1.000
-1.000
-1.000
-1.000
-1.000
-1.000
-1.000
-1.000
-1.000
-1.000
-1.000
-1.000
-1.000
-1.000
-1.000
-1.000
-1.000
-1.000
-1.000
-1.000
-1.000
-1.000
-1.000
-1.000
-1.000
-1.000
-1.000
-1.000
-1.000
-1.000
-1.000
-1.000
-1.000
-1.000
-1.000
-1.000
-1.000
-1.000
-1.000
-1.000
-1.000
-1.000
-1.000
-1.000
-1.000
-1.000
-1.000
-1.000
-1.000
-1.000
-1.000
-1.000
-1.000
-1.000
-1.000
-1.000
-1.000
-1.000
-1.000
-1.000
-1.000
-1.000
-1.000
-1.000
-1.000
-1.000
-1.000
-1.000
-1.000
-1.000
-1.000
-1.000
-1.000
-1.000
-1.000
-1.000
-1.000
-1.000
-1.000
-1.000
-1.000
-1.000
-1.000
-1.000
-1.000
-1.000
-1.000
-1.000
-1.000
-1.000
-1.000
-1.000
-1.000
-1.000
-1.000
-1.000
-1.000
-1.000
-1.000
-1.000
-1.000
-1.000
-1.000
-1.000
-1.000
-1.000
-1.000
-1.000
-1.000
-1.000
-1.000
-1.000
-1.000
-1.000
-1.000
-1.000
-1.000
-1.000
-1.000
-1.000
-1.000
-1.000
-1.000
-1.000
-1.000
-1.000
-1.000
-1.000
-1.000
-1.000
-1.000
-1.000
-1.000
-1.000
-1.000
-1.000
-1.000
-1.000
-1.000
-1.000
-1.000
-1.000
-1.000
-1.000
-1.000
-1.000
-1.000
-1.000
-1.000
-1.000
-1.000
-1.000
-1.000
-1.000
-1.000
-1.000
-1.000
-1.000
-1.000
-1.000
-1.000
-1.000
-1.000
-1.000
-1.000
-1.000
-1.000
-1.000
-1.000
-1.000
-1.000
-1.000
-1.000
-1.000
-1.000
-1.000
-1.000
-1.000
-1.000
-1.000
-1.000
-1.000
-1.000
-1.000
-1.000
-1.000
-1.000
-1.000
-1.000
-1.000
-1.000
-1.000
-1.000
-1.000
-1.000
-1.000
-1.000
-1.000
-1.000
-1.000
-1.000
-1.000
-1.000
-1.000
-1.000
-1.000
-1.000
-1.000
-1.000
-1.000
-1.000
-1.000
-1.000
-1.000
-1.000
-1.000
-1.000
-1.000
-1.000
-1.000
-1.000
-1.000
-1.000
-1.000
-1.000
-1.000
-1.000
-1.000
-1.000
-1.000
-1.000
-1.000
-1.000
-1.000
-1.000
-1.000
-1.000
-1.000
-1.000
-1.000
-1.000
-1.000
-1.000
-1.000
-1.000
-1.000
-1.000
-1.000
-1.000
-1.000
-1.000
-1.000
-1.000
-1.000
-1.000
-1.000
-1.000
-1.000
-1.000
-1.000
-1.000
-1.000
-1.000
-1.000
-1.000
-1.000
-1.000
-1.000
-1.000
-1.000
-1.000
-1.000
-1.000
-1.000
-1.000
-1.000
-1.000
-1.000
-1.000
-1.000
-1.000
-1.000
-1.000
-1.000
-1.000
-1.000
-1.000
-1.000
-1.000
-1.000
-1.000
-1.000
-1.000
-1.000
-1.000
-1.000
-1.000
-1.000
-1.000
-1.000
-1.000
-1.000
-1.000
-1.000
-1.000
-1.000
-1.000
-1.000
-1.000
-1.000
-1.000
-1.000
-1.000
-1.000
-1.000
-1.000
-1.000
-1.000
-1.000
-1.000
-1.000
-1.000
-1.000
-1.000
-1.000
-1.000
-1.000
-1.000
-1.000
-1.000
-1.000
-1.000
-1.000
-1.000
-1.000
-1.000
-1.000
-1.000
-1.000
-1.000
-1.000
-1.000
-1.000
3.793
-1.000
-1.000
-1.000
-1.000
-1.000
-1.000
-1.000
-1.000
-1.000
-1.000
-1.000
-1.000
-1.000
-1.000
-1.000
-1.000
-1.000
-1.000
-1.000
-1.000
-1.000
-1.000
-1.000
-1.000
-1.000
-1.000
-1.000
-1.000
-1.000
-1.000
-1.000
-1.000
-1.000
-1.000
-1.000
-1.000
-1.000
-1.000
-1.000
-1.000
-1.000
-1.000
-1.000
-1.000
-1.000
-1.000
-1.000
-1.000
-1.000
-1.000
-1.000
-1.000
-1.000
-1.000
-1.000
-1.000
-1.000
-1.000
-1.000
-1.000
-1.000
-1.000
-1.000
-1.000
-1.000
-1.000
-1.000
-1.000
-1.000
-1.000
-1.000
-1.000
-1.000
-1.000
-1.000
-1.000
-1.000
-1.000
-1.000
-1.000
-1.000
-1.000
-1.000
-1.000
-1.000
-1.000
-1.000
-1.000
-1.000
-1.000
-1.000
-1.000
-1.000
-1.000
-1.000
-1.000
-1.000
-1.000
-1.000
-1.000
-1.000
-1.000
-1.000
-1.000
-1.000
-1.000
-1.000
-1.000
-1.000
-1.000
-1.000
-1.000
-1.000
-1.000
-1.000
-1.000
-1.000
-1.000
-1.000
-1.000
4.501
-1.000
-1.000
-1.000
-1.000
-1.000
-1.000
-1.000
-1.000
-1.000
-1.000
-1.000
-1.000
-1.000
4.193
-1.000
-1.000
-1.000
-1.000
-1.000
-1.000
-1.000
-1.000
-1.000
-1.000
-1.000
-1.000
-1.000
4.809
-1.000
-1.000
4.394
5.134
-1.000
-1.000
-1.000
-1.000
-1.000
-1.000
-1.000
-1.000
4.585
-1.000
-1.000
4.877
-1.000
-1.000
-1.000
4.961
-1.000
-1.000
-1.000
-1.000
-1.000
-1.000
-1.000
2.840
4.604
3.086
-1.000
-1.000
-1.000
-1.000
-1.000
-1.000
-1.000
-1.000
-1.000
-1.000
-1.000
-1.000
4.188
-1.000
-1.000
-1.000
-1.000
-1.000
-1.000
-1.000
-1.000
-1.000
-1.000
-1.000
-1.000
-1.000
5.151
-1.000
-1.000
-1.000
-1.000
-1.000
-1.000
-1.000
-1.000
4.201
-1.000
-1.000
-1.000
4.338
4.579
-1.000
-1.000
4.862
3.912
-1.000
-1.000
4.573
-1.000
-1.000
-1.000
-1.000
2.216
-1.000
-1.000
-1.000
-1.000
-1.000
-1.000
-1.000
-1.000
-1.000
-1.000
-1.000
-1.000
-1.000
-1.000
-1.000
-1.000
-1.000
-1.000
-1.000
-1.000
-1.000
-1.000
-1.000
-1.000
-1.000
-1.000
-1.000
-1.000
-1.000
-1.000
-1.000
-1.000
-1.000
-1.000
-1.000
-1.000
-1.000
-1.000
-1.000
-1.000
-1.000
-1.000
-1.000
-1.000
-1.000
-1.000
-1.000
-1.000
-1.000
-1.000
-1.000
-1.000
-1.000
-1.000
-1.000
-1.000
-1.000
-1.000
-1.000
-1.000
-1.000
-1.000
-1.000
-1.000
-1.000
-1.000
-1.000
-1.000
-1.000
-1.000
-1.000
-1.000
-1.000
-1.000
-1.000
-1.000
-1.000
-1.000
-1.000
-1.000
-1.000
-1.000
-1.000
-1.000
-1.000
-1.000
-1.000
-1.000
-1.000
-1.000
-1.000
-1.000
-1.000
-1.000
-1.000
-1.000
-1.000
-1.000
-1.000
-1.000
-1.000
-1.000
-1.000
-1.000
-1.000
-1.000
-1.000
-1.000
-1.000
-1.000
-1.000
-1.000
-1.000
-1.000
-1.000
-1.000
-1.000
-1.000
-1.000
-1.000
-1.000
-1.000
-1.000
-1.000
-1.000
-1.000
-1.000
-1.000
-1.000
-1.000
-1.000
-1.000
-1.000
-1.000
-1.000
-1.000
-1.000
-1.000
-1.000
-1.000
-1.000
-1.000
-1.000
-1.000
-1.000
-1.000
-1.000
-1.000
-1.000
-1.000
-1.000
-1.000
-1.000
-1.000
-1.000
-1.000
-1.000
-1.000
-1.000
-1.000
-1.000
-1.000
-1.000
-1.000
-1.000
-1.000
-1.000
-1.000
-1.000
-1.000
-1.000
-1.000
-1.000
-1.000
-1.000
-1.000
-1.000
-1.000
-1.000
-1.000
-1.000
-1.000
-1.000
-1.000
-1.000
-1.000
-1.000
-1.000
-1.000
-1.000
-1.000
-1.000
-1.000
-1.000
-1.000
-1.000
-1.000
-1.000
-1.000
-1.000
-1.000
-1.000
-1.000
-1.000
-1.000
-1.000
-1.000
-1.000
-1.000
-1.000
-1.000
-1.000
-1.000
-1.000
-1.000
-1.000
-1.000
-1.000
-1.000
-1.000
-1.000
-1.000
-1.000
-1.000
-1.000
-1.000
5.463
-1.000
-1.000
4.314
-1.000
-1.000
-1.000
-1.000
-1.000
-1.000
-1.000
-1.000
-1.000
-1.000
-1.000
-1.000
-1.000
-1.000
-1.000
-1.000
-1.000
4.567
-1.000
-1.000
-1.000
-1.000
-1.000
-1.000
-1.000
-1.000
-1.000
-1.000
-1.000
-1.000
-1.000
3.925
-1.000
-1.000
-1.000
-1.000
-1.000
-1.000
-1.000
-1.000
4.609
-1.000
3.847
2.745
-1.000
-1.000
-1.000
-1.000
-1.000
-1.000
-1.000
-1.000
-1.000
-1.000
-1.000
5.250
-1.000
-1.000
-1.000
4.658
-1.000
3.909
-1.000
-1.000
-1.000
-1.000
-1.000
5.426
5.628
-1.000
-1.000
-1.000
-1.000
4.698
-1.000
-1.000
-1.000
-1.000
4.558
4.213
-1.000
-1.000
4.164
-1.000
-1.000
-1.000
5.554
4.605
4.745
-1.000
-1.000
-1.000
4.109
-1.000
4.506
-1.000
-1.000
-1.000
5.490
-1.000
-1.000
-1.000
-1.000
-1.000
-1.000
-1.000
-1.000
-1.000
-1.000
-1.000
-1.000
-1.000
-1.000
-1.000
-1.000
-1.000
-1.000
-1.000
5.571
-1.000
-1.000
-1.000
4.775
5.359
4.448
-1.000
3.598
-1.000
-1.000
-1.000
4.365
-1.000
4.115
-1.000
-1.000
-1.000
-1.000
-1.000
-1.000
-1.000
-1.000
-1.000
-1.000
-1.000
-1.000
-1.000
4.224
3.748
-1.000
-1.000
-1.000
-1.000
-1.000
-1.000
-1.000
-1.000
-1.000
-1.000
-1.000
-1.000
-1.000
-1.000
-1.000
-1.000
-1.000
4.569
-1.000
-1.000
-1.000
-1.000
-1.000
-1.000
-1.000
-1.000
-1.000
4.312
-1.000
3.872
5.733
-1.000
-1.000
4.420
3.806
-1.000
-1.000
-1.000
-1.000
-1.000
4.532
-1.000
-1.000
-1.000
-1.000
-1.000
-1.000
-1.000
4.526
-1.000
-1.000
-1.000
-1.000
3.410
-1.000
-1.000
-1.000
-1.000
4.090
3.802
-1.000
-1.000
-1.000
-1.000
-1.000
-1.000
-1.000
4.978
4.697
-1.000
-1.000
5.404
4.078
-1.000
-1.000
-1.000
-1.000
-1.000
4.754
-1.000
-1.000
-1.000
3.788
-1.000
-1.000
-1.000
-1.000
3.234
-1.000
3.934
-1.000
-1.000
-1.000
-1.000
-1.000
-1.000
-1.000
-1.000
4.400
4.217
-1.000
-1.000
-1.000
-1.000
-1.000
-1.000
4.539
-1.000
-1.000
-1.000
-1.000
-1.000
-1.000
4.037
-1.000
4.571
3.938
-1.000
-1.000
-1.000
-1.000
-1.000
-1.000
-1.000
-1.000
-1.000
-1.000
-1.000
-1.000
-1.000
-1.000
-1.000
-1.000
-1.000
-1.000
4.619
-1.000
-1.000
-1.000
-1.000
-1.000
-1.000
-1.000
-1.000
-1.000
4.880
-1.000
3.694
-1.000
4.945
-1.000
-1.000
4.883
-1.000
-1.000
-1.000
-1.000
5.226
-1.000
-1.000
4.651
-1.000
-1.000
-1.000
3.885
5.888
-1.000
-1.000
-1.000
-1.000
-1.000
-1.000
-1.000
-1.000
-1.000
-1.000
-1.000
5.005
5.407
-1.000
-1.000
-1.000
-1.000
4.344
-1.000
3.896
-1.000
-1.000
-1.000
-1.000
-1.000
-1.000
-1.000
-1.000
-1.000
-1.000
-1.000
-1.000
-1.000
3.332
4.819
-1.000
4.630
-1.000
-1.000
-1.000
-1.000
-1.000
3.054
5.586
-1.000
-1.000
-1.000
-1.000
-1.000
-1.000
4.791
-1.000
-1.000
-1.000
-1.000
-1.000
-1.000
-1.000
-1.000
-1.000
-1.000
-1.000
-1.000
-1.000
-1.000
4.266
-1.000
-1.000
-1.000
-1.000
-1.000
-1.000
-1.000
-1.000
-1.000
-1.000
-1.000
-1.000
5.033
-1.000
-1.000
-1.000
-1.000
5.052
-1.000
-1.000
-1.000
-1.000
-1.000
-1.000
-1.000
4.814
-1.000
5.448
-1.000
5.210
-1.000
-1.000
-1.000
-1.000
-1.000
-1.000
-1.000
-1.000
4.896
-1.000
4.446
-1.000
-1.000
-1.000
4.570
-1.000
4.806
-1.000
-1.000
-1.000
-1.000
-1.000
-1.000
-1.000
-1.000
-1.000
4.034
-1.000
-1.000
-1.000
-1.000
-1.000
-1.000
-1.000
-1.000
-1.000
4.977
4.491
-1.000
-1.000
-1.000
-1.000
3.998
-1.000
-1.000
5.388
4.191
-1.000
-1.000
-1.000
5.019
-1.000
-1.000
-1.000
-1.000
-1.000
-1.000
-1.000
4.319
-1.000
5.374
-1.000
-1.000
-1.000
-1.000
-1.000
-1.000
-1.000
-1.000
-1.000
-1.000
-1.000
-1.000
-1.000
-1.000
-1.000
-1.000
4.317
-1.000
-1.000
-1.000
4.514
4.188
5.972
-1.000
-1.000
-1.000
-1.000
-1.000
-1.000
-1.000
-1.000
-1.000
-1.000
-1.000
-1.000
-1.000
4.689
-1.000
-1.000
-1.000
-1.000
-1.000
-1.000
-1.000
-1.000
-1.000
-1.000
-1.000
-1.000
-1.000
-1.000
-1.000
-1.000
-1.000
-1.000
-1.000
4.467
-1.000
3.300
-1.000
-1.000
-1.000
-1.000
4.032
-1.000
4.923
-1.000
-1.000
4.665
3.572
-1.000
4.056
-1.000
3.991
-1.000
3.475
-1.000
-1.000
-1.000
-1.000
-1.000
4.755
4.540
-1.000
-1.000
-1.000
-1.000
3.860
-1.000
3.417
-1.000
-1.000
-1.000
-1.000
-1.000
-1.000
-1.000
-1.000
3.557
-1.000
-1.000
-1.000
-1.000
-1.000
-1.000
-1.000
-1.000
-1.000
-1.000
-1.000
-1.000
-1.000
-1.000
-1.000
-1.000
-1.000
-1.000
-1.000
-1.000
-1.000
-1.000
-1.000
-1.000
-1.000
-1.000
5.742
4.420
-1.000
-1.000
-1.000
3.697
4.349
-1.000
-1.000
-1.000
-1.000
4.638
4.327
-1.000
-1.000
-1.000
-1.000
-1.000
-1.000
-1.000
-1.000
-1.000
-1.000
-1.000
-1.000
-1.000
-1.000
-1.000
-1.000
-1.000
-1.000
-1.000
-1.000
-1.000
-1.000
-1.000
-1.000
-1.000
-1.000
-1.000
-1.000
-1.000
-1.000
-1.000
-1.000
-1.000
4.804
-1.000
-1.000
-1.000
-1.000
-1.000
-1.000
-1.000
3.248
-1.000
2.662
3.265
-1.000
4.481
4.307
-1.000
-1.000
-1.000
-1.000
-1.000
-1.000
-1.000
4.030
-1.000
-1.000
4.697
-1.000
3.598
-1.000
-1.000
-1.000
-1.000
3.640
-1.000
-1.000
4.343
4.433
4.579
-1.000
-1.000
-1.000
-1.000
-1.000
-1.000
-1.000
-1.000
-1.000
-1.000
-1.000
-1.000
-1.000
4.199
-1.000
-1.000
-1.000
4.699
-1.000
-1.000
-1.000
-1.000
-1.000
-1.000
-1.000
-1.000
-1.000
-1.000
4.924
-1.000
4.252
4.852
-1.000
-1.000
4.709
-1.000
-1.000
-1.000
4.572
-1.000
-1.000
-1.000
-1.000
-1.000
5.222
-1.000
-1.000
5.481
-1.000
-1.000
-1.000
-1.000
-1.000
2.700
-1.000
-1.000
-1.000
-1.000
-1.000
-1.000
-1.000
-1.000
-1.000
-1.000
-1.000
-1.000
-1.000
-1.000
-1.000
-1.000
-1.000
-1.000
-1.000
-1.000
-1.000
-1.000
-1.000
-1.000
-1.000
-1.000
-1.000
-1.000
4.644
-1.000
-1.000
-1.000
-1.000
-1.000
-1.000
-1.000
-1.000
-1.000
-1.000
-1.000
4.056
-1.000
-1.000
5.948
-1.000
-1.000
-1.000
4.626
-1.000
-1.000
-1.000
-1.000
-1.000
-1.000
-1.000
-1.000
4.870
-1.000
4.753
-1.000
5.556
-1.000
-1.000
-1.000
-1.000
-1.000
-1.000
-1.000
-1.000
-1.000
-1.000
-1.000
-1.000
4.478
-1.000
-1.000
-1.000
-1.000
-1.000
-1.000
-1.000
-1.000
-1.000
-1.000
-1.000
4.342
-1.000
4.821
-1.000
-1.000
-1.000
-1.000
-1.000
-1.000
-1.000
4.185
-1.000
-1.000
-1.000
-1.000
-1.000
-1.000
3.919
-1.000
-1.000
3.843
-1.000
-1.000
-1.000
-1.000
-1.000
-1.000
-1.000
5.011
4.130
-1.000
-1.000
-1.000
-1.000
3.803
-1.000
-1.000
-1.000
-1.000
-1.000
-1.000
-1.000
-1.000
-1.000
-1.000
-1.000
-1.000
-1.000
-1.000
-1.000
4.412
-1.000
4.398
-1.000
-1.000
-1.000
-1.000
-1.000
-1.000
-1.000
-1.000
5.154
5.621
-1.000
-1.000
-1.000
-1.000
5.518
-1.000
-1.000
4.726
-1.000
-1.000
-1.000
4.605
-1.000
-1.000
-1.000
-1.000
-1.000
-1.000
4.195
3.925
-1.000
-1.000
4.095
-1.000
-1.000
-1.000
-1.000
-1.000
-1.000
-1.000
-1.000
-1.000
-1.000
-1.000
-1.000
-1.000
-1.000
4.111
-1.000
-1.000
-1.000
-1.000
4.874
4.856
3.940
-1.000
4.563
-1.000
-1.000
-1.000
-1.000
-1.000
-1.000
-1.000
-1.000
-1.000
-1.000
-1.000
-1.000
-1.000
-1.000
3.820
-1.000
-1.000
3.260
-1.000
-1.000
4.671
4.045
-1.000
-1.000
-1.000
-1.000
-1.000
-1.000
-1.000
-1.000
-1.000
-1.000
-1.000
-1.000
-1.000
-1.000
-1.000
-1.000
-1.000
-1.000
-1.000
-1.000
4.146
-1.000
-1.000
-1.000
-1.000
5.390
6.023
-1.000
-1.000
-1.000
-1.000
-1.000
4.028
-1.000
-1.000
-1.000
-1.000
-1.000
-1.000
4.593
-1.000
-1.000
-1.000
-1.000
3.519
-1.000
-1.000
-1.000
-1.000
-1.000
-1.000
-1.000
-1.000
-1.000
-1.000
-1.000
-1.000
-1.000
-1.000
-1.000
-1.000
-1.000
-1.000
-1.000
-1.000
-1.000
4.380
-1.000
4.372
-1.000
-1.000
-1.000
-1.000
-1.000
-1.000
4.619
4.209
-1.000
-1.000
4.512
-1.000
5.644
-1.000
-1.000
-1.000
-1.000
4.882
-1.000
-1.000
4.520
-1.000
-1.000
4.531
-1.000
-1.000
-1.000
-1.000
-1.000
5.775
-1.000
-1.000
-1.000
-1.000
3.731
-1.000
4.657
-1.000
3.833
-1.000
-1.000
-1.000
-1.000
-1.000
-1.000
4.319
-1.000
4.614
-1.000
3.542
-1.000
-1.000
-1.000
-1.000
-1.000
4.189
-1.000
-1.000
-1.000
3.955
-1.000
-1.000
-1.000
4.921
-1.000
-1.000
-1.000
-1.000
-1.000
-1.000
-1.000
-1.000
-1.000
-1.000
3.319
-1.000
-1.000
-1.000
4.575
4.631
-1.000
-1.000
-1.000
-1.000
-1.000
4.822
3.882
-1.000
-1.000
-1.000
4.289
-1.000
4.569
-1.000
-1.000
-1.000
-1.000
-1.000
-1.000
-1.000
-1.000
5.725
-1.000
-1.000
-1.000
5.069
-1.000
-1.000
-1.000
-1.000
-1.000
-1.000
-1.000
4.712
-1.000
3.979
-1.000
-1.000
-1.000
-1.000
-1.000
-1.000
-1.000
4.273
-1.000
4.996
-1.000
-1.000
-1.000
-1.000
4.429
-1.000
-1.000
-1.000
-1.000
-1.000
-1.000
-1.000
-1.000
-1.000
-1.000
-1.000
5.369
-1.000
-1.000
-1.000
-1.000
-1.000
-1.000
-1.000
-1.000
-1.000
-1.000
-1.000
4.394
-1.000
-1.000
-1.000
-1.000
-1.000
-1.000
-1.000
4.036
-1.000
-1.000
-1.000
-1.000
-1.000
-1.000
-1.000
-1.000
-1.000
-1.000
-1.000
-1.000
-1.000
-1.000
-1.000
3.755
-1.000
4.333
-1.000
-1.000
-1.000
-1.000
4.970
3.710
-1.000
-1.000
3.910
-1.000
-1.000
-1.000
-1.000
2.969
-1.000
-1.000
3.413
-1.000
-1.000
-1.000
4.100
-1.000
4.276
-1.000
4.058
-1.000
-1.000
4.040
4.225
-1.000
-1.000
-1.000
-1.000
-1.000
-1.000
-1.000
-1.000
-1.000
3.615
-1.000
4.469
4.049
-1.000
-1.000
-1.000
4.740
-1.000
-1.000
-1.000
-1.000
-1.000
-1.000
-1.000
-1.000
-1.000
-1.000
-1.000
-1.000
-1.000
-1.000
3.461
-1.000
-1.000
4.467
-1.000
3.398
4.915
4.839
-1.000
-1.000
-1.000
-1.000
-1.000
-1.000
-1.000
-1.000
4.379
4.132
-1.000
-1.000
-1.000
-1.000
-1.000
-1.000
-1.000
-1.000
-1.000
-1.000
-1.000
-1.000
-1.000
-1.000
-1.000
-1.000
-1.000
-1.000
3.969
-1.000
-1.000
-1.000
-1.000
-1.000
4.346
-1.000
-1.000
-1.000
-1.000
-1.000
-1.000
-1.000
2.906
-1.000
-1.000
-1.000
-1.000
-1.000
-1.000
-1.000
-1.000
-1.000
-1.000
-1.000
-1.000
4.418
-1.000
-1.000
-1.000
-1.000
-1.000
-1.000
-1.000
-1.000
-1.000
-1.000
4.978
5.243
-1.000
-1.000
-1.000
-1.000
-1.000
-1.000
-1.000
-1.000
-1.000
-1.000
-1.000
-1.000
-1.000
-1.000
-1.000
-1.000
4.007
-1.000
3.994
-1.000
-1.000
-1.000
-1.000
-1.000
-1.000
-1.000
-1.000
4.459
4.010
-1.000
-1.000
-1.000
-1.000
-1.000
-1.000
-1.000
4.718
-1.000
-1.000
5.084
-1.000
-1.000
4.923
6.078
-1.000
-1.000
-1.000
-1.000
-1.000
-1.000
-1.000
4.092
-1.000
-1.000
-1.000
-1.000
-1.000
4.722
-1.000
-1.000
-1.000
-1.000
-1.000
-1.000
-1.000
-1.000
-1.000
-1.000
-1.000
-1.000
-1.000
3.568
4.319
-1.000
-1.000
-1.000
-1.000
-1.000
-1.000
-1.000
-1.000
-1.000
-1.000
-1.000
-1.000
4.605
-1.000
-1.000
-1.000
-1.000
-1.000
-1.000
-1.000
-1.000
-1.000
-1.000
-1.000
4.112
-1.000
-1.000
-1.000
-1.000
-1.000
-1.000
3.671
-1.000
-1.000
4.750
5.450
-1.000
-1.000
-1.000
-1.000
4.773
-1.000
-1.000
-1.000
-1.000
-1.000
-1.000
-1.000
-1.000
-1.000
-1.000
-1.000
-1.000
-1.000
-1.000
-1.000
-1.000
-1.000
4.980
-1.000
-1.000
-1.000
-1.000
-1.000
-1.000
-1.000
-1.000
-1.000
-1.000
-1.000
-1.000
3.608
-1.000
4.784
4.164
-1.000
4.782
-1.000
-1.000
-1.000
-1.000
-1.000
-1.000
-1.000
-1.000
-1.000
-1.000
-1.000
-1.000
-1.000
-1.000
-1.000
-1.000
-1.000
-1.000
-1.000
-1.000
-1.000
-1.000
4.918
-1.000
-1.000
-1.000
-1.000
-1.000
-1.000
-1.000
-1.000
-1.000
-1.000
-1.000
-1.000
-1.000
-1.000
-1.000
-1.000
-1.000
-1.000
-1.000
-1.000
-1.000
-1.000
-1.000
-1.000
-1.000
-1.000
-1.000
-1.000
-1.000
-1.000
-1.000
-1.000
-1.000
-1.000
-1.000
-1.000
-1.000
-1.000
3.588
-1.000
4.706
-1.000
-1.000
4.657
-1.000
-1.000
3.934
4.422
4.346
4.404
-1.000
-1.000
-1.000
-1.000
-1.000
-1.000
-1.000
-1.000
-1.000
-1.000
3.549
-1.000
-1.000
-1.000
-1.000
-1.000
3.215
-1.000
5.037
-1.000
4.880
4.869
-1.000
-1.000
-1.000
-1.000
-1.000
3.407
-1.000
-1.000
-1.000
-1.000
-1.000
-1.000
-1.000
5.183
-1.000
2.170
3.684
-1.000
-1.000
4.519
-1.000
-1.000
-1.000
-1.000
-1.000
-1.000
-1.000
-1.000
-1.000
-1.000
-1.000
3.670
-1.000
-1.000
3.565
-1.000
-1.000
5.068
-1.000
-1.000
3.888
-1.000
-1.000
-1.000
-1.000
-1.000
-1.000
-1.000
-1.000
-1.000
-1.000
-1.000
-1.000
-1.000
-1.000
-1.000
-1.000
-1.000
-1.000
-1.000
-1.000
-1.000
-1.000
-1.000
-1.000
3.944
-1.000
-1.000
-1.000
-1.000
-1.000
-1.000
-1.000
-1.000
-1.000
-1.000
-1.000
5.582
-1.000
-1.000
-1.000
-1.000
-1.000
-1.000
-1.000
-1.000
-1.000
-1.000
-1.000
-1.000
-1.000
5.085
-1.000
-1.000
-1.000
-1.000
-1.000
-1.000
5.027
-1.000
3.474
-1.000
-1.000
5.992
-1.000
-1.000
-1.000
-1.000
-1.000
-1.000
-1.000
3.896
-1.000
-1.000
-1.000
-1.000
-1.000
-1.000
-1.000
3.388
5.352
-1.000
-1.000
3.824
-1.000
4.345
3.591
-1.000
6.025
3.546
-1.000
-1.000
-1.000
5.270
-1.000
-1.000
-1.000
-1.000
-1.000
-1.000
-1.000
-1.000
-1.000
-1.000
-1.000
-1.000
-1.000
-1.000
4.585
-1.000
-1.000
-1.000
-1.000
-1.000
-1.000
4.088
-1.000
4.388
4.628
-1.000
-1.000
-1.000
-1.000
-1.000
-1.000
-1.000
-1.000
-1.000
-1.000
-1.000
-1.000
-1.000
4.275
-1.000
-1.000
-1.000
-1.000
-1.000
-1.000
-1.000
-1.000
-1.000
-1.000
-1.000
-1.000
-1.000
-1.000
4.363
3.604
-1.000
-1.000
-1.000
-1.000
-1.000
-1.000
-1.000
-1.000
3.536
-1.000
-1.000
-1.000
-1.000
-1.000
-1.000
-1.000
-1.000
-1.000
-1.000
-1.000
-1.000
4.776
6.001
-1.000
-1.000
3.289
-1.000
4.270
4.724
-1.000
-1.000
-1.000
-1.000
-1.000
-1.000
4.336
-1.000
4.642
5.091
-1.000
-1.000
-1.000
-1.000
-1.000
-1.000
-1.000
4.561
-1.000
-1.000
-1.000
-1.000
-1.000
-1.000
4.756
4.211
-1.000
-1.000
4.165
-1.000
-1.000
-1.000
-1.000
-1.000
-1.000
4.607
-1.000
-1.000
5.581
-1.000
-1.000
-1.000
3.517
-1.000
-1.000
-1.000
-1.000
-1.000
-1.000
-1.000
5.710
-1.000
3.901
-1.000
-1.000
-1.000
3.870
5.204
-1.000
-1.000
-1.000
-1.000
-1.000
-1.000
-1.000
-1.000
-1.000
-1.000
-1.000
-1.000
-1.000
-1.000
-1.000
-1.000
-1.000
-1.000
4.315
-1.000
-1.000
-1.000
4.869
-1.000
-1.000
-1.000
4.312
-1.000
-1.000
-1.000
-1.000
-1.000
3.600
-1.000
-1.000
-1.000
-1.000
-1.000
-1.000
5.836
-1.000
-1.000
-1.000
-1.000
-1.000
-1.000
-1.000
2.101
-1.000
-1.000
-1.000
-1.000
-1.000
-1.000
-1.000
-1.000
-1.000
-1.000
-1.000
-1.000
-1.000
-1.000
-1.000
-1.000
-1.000
-1.000
-1.000
-1.000
4.608
-1.000
-1.000
-1.000
-1.000
-1.000
-1.000
-1.000
-1.000
-1.000
-1.000
3.844
-1.000
-1.000
-1.000
-1.000
-1.000
-1.000
-1.000
-1.000
-1.000
-1.000
-1.000
-1.000
-1.000
-1.000
3.412
-1.000
-1.000
4.379
-1.000
-1.000
-1.000
-1.000
-1.000
-1.000
-1.000
-1.000
-1.000
-1.000
5.699
4.464
-1.000
-1.000
-1.000
-1.000
-1.000
-1.000
-1.000
-1.000
-1.000
-1.000
-1.000
5.199
4.170
-1.000
-1.000
3.952
-1.000
-1.000
-1.000
-1.000
-1.000
-1.000
-1.000
3.754
-1.000
-1.000
-1.000
-1.000
-1.000
-1.000
4.846
-1.000
-1.000
4.423
4.311
4.104
-1.000
-1.000
4.919
-1.000
-1.000
-1.000
-1.000
-1.000
-1.000
3.073
-1.000
-1.000
-1.000
-1.000
-1.000
-1.000
-1.000
-1.000
-1.000
4.605
-1.000
-1.000
-1.000
-1.000
-1.000
-1.000
-1.000
-1.000
-1.000
-1.000
-1.000
-1.000
-1.000
-1.000
-1.000
-1.000
4.390
5.337
-1.000
-1.000
4.683
-1.000
-1.000
-1.000
4.181
4.288
-1.000
-1.000
-1.000
-1.000
3.260
-1.000
-1.000
-1.000
4.423
-1.000
-1.000
-1.000
4.535
-1.000
3.891
-1.000
-1.000
-1.000
3.687
-1.000
-1.000
-1.000
3.923
4.811
-1.000
-1.000
-1.000
-1.000
-1.000
6.086
-1.000
-1.000
-1.000
-1.000
-1.000
-1.000
-1.000
4.535
-1.000
-1.000
-1.000
-1.000
-1.000
-1.000
-1.000
-1.000
-1.000
4.379
-1.000
-1.000
-1.000
-1.000
-1.000
-1.000
-1.000
-1.000
-1.000
-1.000
3.659
5.138
-1.000
-1.000
-1.000
-1.000
-1.000
-1.000
-1.000
-1.000
-1.000
-1.000
-1.000
-1.000
-1.000
-1.000
-1.000
-1.000
4.433
5.267
-1.000
-1.000
-1.000
4.224
-1.000
4.763
-1.000
-1.000
-1.000
-1.000
-1.000
-1.000
-1.000
-1.000
-1.000
-1.000
-1.000
-1.000
3.984
-1.000
-1.000
-1.000
-1.000
-1.000
5.217
-1.000
-1.000
-1.000
-1.000
4.322
-1.000
-1.000
-1.000
-1.000
-1.000
-1.000
-1.000
-1.000
-1.000
-1.000
-1.000
-1.000
-1.000
-1.000
-1.000
-1.000
-1.000
-1.000
-1.000
-1.000
2.120
-1.000
-1.000
-1.000
-1.000
-1.000
-1.000
-1.000
-1.000
-1.000
-1.000
-1.000
5.210
-1.000
4.633
4.284
-1.000
-1.000
-1.000
-1.000
-1.000
-1.000
-1.000
-1.000
-1.000
-1.000
4.157
-1.000
-1.000
-1.000
-1.000
-1.000
4.113
-1.000
-1.000
-1.000
-1.000
-1.000
4.026
-1.000
-1.000
4.390
-1.000
-1.000
-1.000
4.922
3.296
-1.000
-1.000
-1.000
-1.000
4.689
4.347
4.270
-1.000
3.603
4.683
4.921
3.994
-1.000
-1.000
-1.000
-1.000
4.801
-1.000
4.377
-1.000
-1.000
3.316
-1.000
3.713
-1.000
-1.000
-1.000
-1.000
-1.000
-1.000
-1.000
4.849
3.818
-1.000
-1.000
-1.000
-1.000
-1.000
-1.000
-1.000
-1.000
-1.000
-1.000
-1.000
-1.000
-1.000
-1.000
-1.000
-1.000
-1.000
-1.000
-1.000
-1.000
-1.000
6.065
-1.000
-1.000
-1.000
-1.000
-1.000
-1.000
-1.000
-1.000
-1.000
-1.000
5.143
-1.000
-1.000
4.210
-1.000
3.601
-1.000
-1.000
-1.000
-1.000
-1.000
-1.000
-1.000
-1.000
-1.000
-1.000
-1.000
-1.000
-1.000
-1.000
-1.000
5.025
-1.000
4.649
-1.000
4.515
-1.000
-1.000
4.100
-1.000
-1.000
-1.000
-1.000
-1.000
-1.000
-1.000
-1.000
4.464
-1.000
4.277
-1.000
-1.000
-1.000
-1.000
-1.000
-1.000
-1.000
-1.000
-1.000
-1.000
-1.000
-1.000
-1.000
-1.000
4.287
-1.000
-1.000
-1.000
-1.000
-1.000
-1.000
4.795
-1.000
-1.000
-1.000
-1.000
-1.000
-1.000
4.953
-1.000
-1.000
-1.000
-1.000
-1.000
3.909
-1.000
-1.000
-1.000
-1.000
4.378
-1.000
-1.000
-1.000
-1.000
-1.000
-1.000
-1.000
-1.000
-1.000
-1.000
-1.000
-1.000
-1.000
-1.000
3.361
3.180
-1.000
-1.000
4.050
-1.000
-1.000
4.980
-1.000
-1.000
4.226
-1.000
-1.000
5.489
-1.000
-1.000
5.108
-1.000
-1.000
5.403
-1.000
-1.000
-1.000
3.817
-1.000
-1.000
-1.000
-1.000
-1.000
4.468
-1.000
4.071
-1.000
-1.000
-1.000
-1.000
-1.000
-1.000
-1.000
-1.000
-1.000
-1.000
4.949
-1.000
-1.000
-1.000
-1.000
-1.000
-1.000
-1.000
-1.000
-1.000
-1.000
-1.000
-1.000
-1.000
-1.000
-1.000
4.238
-1.000
-1.000
-1.000
4.407
4.412
-1.000
-1.000
-1.000
-1.000
-1.000
-1.000
-1.000
4.294
-1.000
4.094
-1.000
5.076
-1.000
-1.000
-1.000
-1.000
4.452
-1.000
-1.000
-1.000
-1.000
4.723
-1.000
-1.000
-1.000
-1.000
-1.000
5.477
-1.000
-1.000
-1.000
-1.000
-1.000
-1.000
-1.000
-1.000
-1.000
-1.000
-1.000
-1.000
-1.000
4.291
-1.000
-1.000
-1.000
-1.000
-1.000
-1.000
-1.000
5.504
-1.000
-1.000
-1.000
-1.000
-1.000
-1.000
-1.000
-1.000
-1.000
-1.000
-1.000
-1.000
-1.000
-1.000
3.946
3.822
-1.000
4.476
4.324
-1.000
-1.000
-1.000
-1.000
-1.000
-1.000
-1.000
-1.000
-1.000
-1.000
-1.000
-1.000
3.589
-1.000
-1.000
6.226
4.402
-1.000
-1.000
-1.000
-1.000
-1.000
-1.000
-1.000
-1.000
-1.000
-1.000
-1.000
-1.000
3.680
-1.000
-1.000
-1.000
-1.000
3.367
-1.000
-1.000
-1.000
3.475
3.705
-1.000
-1.000
-1.000
-1.000
-1.000
-1.000
-1.000
-1.000
-1.000
-1.000
-1.000
-1.000
-1.000
-1.000
-1.000
-1.000
-1.000
-1.000
-1.000
-1.000
-1.000
-1.000
-1.000
-1.000
-1.000
-1.000
-1.000
-1.000
-1.000
-1.000
-1.000
5.158
-1.000
-1.000
-1.000
4.792
-1.000
-1.000
-1.000
-1.000
-1.000
-1.000
-1.000
2.851
-1.000
-1.000
-1.000
-1.000
-1.000
-1.000
-1.000
-1.000
-1.000
5.040
4.271
-1.000
-1.000
-1.000
-1.000
-1.000
-1.000
-1.000
-1.000
-1.000
-1.000
-1.000
-1.000
-1.000
-1.000
-1.000
4.995
-1.000
-1.000
-1.000
-1.000
5.585
-1.000
-1.000
-1.000
-1.000
-1.000
-1.000
5.004
-1.000
-1.000
-1.000
-1.000
-1.000
-1.000
-1.000
-1.000
-1.000
-1.000
-1.000
-1.000
-1.000
-1.000
4.842
-1.000
-1.000
-1.000
-1.000
-1.000
-1.000
-1.000
-1.000
-1.000
2.483
-1.000
-1.000
4.339
-1.000
-1.000
-1.000
4.180
-1.000
-1.000
-1.000
-1.000
-1.000
-1.000
-1.000
-1.000
-1.000
-1.000
-1.000
-1.000
-1.000
-1.000
-1.000
-1.000
-1.000
5.951
4.142
-1.000
-1.000
-1.000
-1.000
-1.000
-1.000
-1.000
6.097
-1.000
-1.000
4.173
-1.000
-1.000
-1.000
-1.000
4.198
-1.000
-1.000
-1.000
-1.000
-1.000
-1.000
-1.000
4.874
-1.000
-1.000
-1.000
-1.000
-1.000
4.514
-1.000
5.082
-1.000
-1.000
-1.000
-1.000
-1.000
4.115
-1.000
-1.000
-1.000
-1.000
-1.000
-1.000
-1.000
-1.000
-1.000
-1.000
-1.000
-1.000
-1.000
-1.000
-1.000
4.365
4.254
-1.000
6.002
-1.000
-1.000
-1.000
-1.000
-1.000
-1.000
-1.000
-1.000
-1.000
-1.000
-1.000
-1.000
-1.000
-1.000
-1.000
-1.000
-1.000
-1.000
-1.000
-1.000
-1.000
-1.000
-1.000
-1.000
4.400
-1.000
4.477
-1.000
-1.000
-1.000
-1.000
4.029
-1.000
3.820
-1.000
-1.000
-1.000
-1.000
-1.000
-1.000
-1.000
-1.000
5.703
-1.000
-1.000
-1.000
-1.000
-1.000
-1.000
3.960
-1.000
-1.000
-1.000
4.903
-1.000
-1.000
-1.000
-1.000
-1.000
-1.000
-1.000
-1.000
4.701
3.813
-1.000
-1.000
-1.000
-1.000
-1.000
-1.000
-1.000
-1.000
4.145
-1.000
-1.000
-1.000
-1.000
4.739
-1.000
-1.000
-1.000
-1.000
4.751
-1.000
-1.000
5.384
-1.000
-1.000
-1.000
-1.000
-1.000
4.297
-1.000
-1.000
-1.000
-1.000
-1.000
-1.000
-1.000
-1.000
-1.000
-1.000
-1.000
3.866
-1.000
-1.000
-1.000
-1.000
-1.000
-1.000
-1.000
-1.000
-1.000
3.264
-1.000
-1.000
-1.000
-1.000
-1.000
3.763
-1.000
-1.000
-1.000
3.540
4.124
-1.000
-1.000
-1.000
4.197
-1.000
-1.000
-1.000
-1.000
-1.000
4.047
4.224
-1.000
-1.000
-1.000
3.851
-1.000
4.384
4.019
-1.000
-1.000
-1.000
-1.000
5.453
4.971
4.581
-1.000
-1.000
-1.000
-1.000
-1.000
-1.000
-1.000
-1.000
-1.000
-1.000
5.751
-1.000
-1.000
-1.000
4.306
-1.000
-1.000
-1.000
-1.000
-1.000
-1.000
-1.000
5.031
-1.000
-1.000
-1.000
-1.000
-1.000
-1.000
-1.000
-1.000
-1.000
-1.000
-1.000
-1.000
4.046
-1.000
-1.000
-1.000
-1.000
-1.000
-1.000
-1.000
3.510
4.428
-1.000
4.486
4.868
-1.000
-1.000
-1.000
-1.000
-1.000
-1.000
-1.000
-1.000
3.798
-1.000
-1.000
-1.000
-1.000
5.123
4.887
-1.000
-1.000
-1.000
-1.000
-1.000
-1.000
-1.000
-1.000
-1.000
-1.000
-1.000
-1.000
-1.000
-1.000
-1.000
-1.000
-1.000
4.157
5.243
-1.000
-1.000
5.394
-1.000
-1.000
-1.000
-1.000
-1.000
-1.000
-1.000
-1.000
-1.000
-1.000
-1.000
5.118
-1.000
-1.000
-1.000
-1.000
-1.000
-1.000
-1.000
-1.000
-1.000
-1.000
3.715
-1.000
4.252
-1.000
3.596
-1.000
-1.000
-1.000
-1.000
-1.000
-1.000
-1.000
-1.000
3.802
-1.000
-1.000
-1.000
-1.000
-1.000
-1.000
4.128
-1.000
-1.000
-1.000
-1.000
-1.000
-1.000
-1.000
4.218
-1.000
-1.000
3.214
-1.000
-1.000
-1.000
-1.000
-1.000
-1.000
-1.000
-1.000
-1.000
5.949
5.068
-1.000
-1.000
-1.000
-1.000
4.818
-1.000
-1.000
-1.000
-1.000
-1.000
-1.000
-1.000
-1.000
-1.000
-1.000
-1.000
4.377
-1.000
3.089
-1.000
-1.000
4.534
-1.000
-1.000
-1.000
-1.000
-1.000
-1.000
4.365
-1.000
-1.000
-1.000
-1.000
4.039
-1.000
-1.000
-1.000
-1.000
-1.000
-1.000
-1.000
-1.000
-1.000
-1.000
3.830
-1.000
-1.000
-1.000
-1.000
-1.000
-1.000
-1.000
4.777
-1.000
-1.000
5.320
-1.000
5.221
-1.000
-1.000
-1.000
-1.000
-1.000
-1.000
4.747
-1.000
-1.000
-1.000
-1.000
-1.000
-1.000
5.329
-1.000
6.139
5.705
-1.000
-1.000
-1.000
-1.000
-1.000
4.467
-1.000
-1.000
-1.000
-1.000
4.482
4.822
-1.000
-1.000
-1.000
-1.000
-1.000
-1.000
-1.000
-1.000
-1.000
-1.000
-1.000
-1.000
-1.000
-1.000
-1.000
-1.000
-1.000
-1.000
-1.000
4.886
-1.000
-1.000
4.885
-1.000
-1.000
-1.000
-1.000
-1.000
-1.000
-1.000
-1.000
-1.000
-1.000
-1.000
-1.000
-1.000
-1.000
-1.000
-1.000
-1.000
3.564
4.514
-1.000
-1.000
-1.000
4.127
-1.000
-1.000
-1.000
4.805
4.919
4.609
-1.000
-1.000
-1.000
-1.000
-1.000
-1.000
4.366
-1.000
-1.000
-1.000
-1.000
-1.000
-1.000
-1.000
-1.000
-1.000
-1.000
-1.000
3.920
3.316
-1.000
4.702
-1.000
-1.000
-1.000
-1.000
-1.000
-1.000
-1.000
-1.000
-1.000
-1.000
-1.000
4.057
-1.000
-1.000
-1.000
5.077
-1.000
-1.000
-1.000
5.571
4.719
-1.000
-1.000
4.071
-1.000
-1.000
-1.000
-1.000
-1.000
-1.000
-1.000
-1.000
-1.000
-1.000
-1.000
-1.000
-1.000
6.262
-1.000
-1.000
-1.000
-1.000
-1.000
4.971
-1.000
-1.000
-1.000
-1.000
4.457
-1.000
-1.000
-1.000
-1.000
-1.000
-1.000
-1.000
-1.000
4.031
-1.000
-1.000
-1.000
-1.000
-1.000
-1.000
-1.000
-1.000
4.262
-1.000
-1.000
-1.000
4.288
-1.000
4.744
-1.000
-1.000
-1.000
-1.000
-1.000
3.670
-1.000
-1.000
-1.000
-1.000
-1.000
-1.000
-1.000
-1.000
-1.000
-1.000
2.947
-1.000
4.781
-1.000
-1.000
-1.000
-1.000
4.464
-1.000
5.123
4.761
4.621
-1.000
-1.000
5.829
4.026
-1.000
-1.000
-1.000
2.778
-1.000
-1.000
-1.000
4.665
-1.000
-1.000
-1.000
-1.000
-1.000
-1.000
-1.000
5.265
-1.000
-1.000
-1.000
-1.000
4.058
2.969
-1.000
-1.000
-1.000
-1.000
-1.000
-1.000
-1.000
4.353
3.989
-1.000
-1.000
-1.000
-1.000
-1.000
-1.000
-1.000
4.144
4.587
-1.000
-1.000
-1.000
-1.000
4.671
-1.000
3.781
-1.000
-1.000
-1.000
-1.000
-1.000
-1.000
-1.000
4.977
-1.000
-1.000
-1.000
-1.000
-1.000
4.002
-1.000
-1.000
-1.000
-1.000
-1.000
-1.000
-1.000
-1.000
-1.000
4.160
-1.000
-1.000
-1.000
-1.000
-1.000
-1.000
-1.000
-1.000
5.014
-1.000
-1.000
-1.000
-1.000
5.466
-1.000
-1.000
-1.000
-1.000
-1.000
3.727
-1.000
-1.000
-1.000
-1.000
3.677
-1.000
-1.000
-1.000
-1.000
-1.000
-1.000
4.060
4.625
-1.000
-1.000
-1.000
-1.000
-1.000
-1.000
4.463
-1.000
-1.000
-1.000
-1.000
-1.000
3.990
-1.000
-1.000
-1.000
-1.000
4.128
-1.000
-1.000
-1.000
-1.000
4.392
-1.000
-1.000
-1.000
-1.000
-1.000
-1.000
-1.000
-1.000
-1.000
-1.000
-1.000
-1.000
5.180
4.076
-1.000
4.449
3.992
-1.000
-1.000
-1.000
-1.000
-1.000
4.342
-1.000
-1.000
-1.000
-1.000
-1.000
5.673
-1.000
4.332
-1.000
3.686
-1.000
-1.000
-1.000
-1.000
-1.000
-1.000
3.066
-1.000
-1.000
-1.000
-1.000
-1.000
-1.000
-1.000
-1.000
-1.000
-1.000
-1.000
4.573
-1.000
-1.000
-1.000
-1.000
4.377
-1.000
-1.000
-1.000
4.371
-1.000
4.070
-1.000
-1.000
4.923
-1.000
-1.000
-1.000
-1.000
-1.000
-1.000
-1.000
-1.000
-1.000
-1.000
-1.000
-1.000
-1.000
-1.000
-1.000
4.417
-1.000
-1.000
-1.000
5.705
5.629
4.400
-1.000
-1.000
-1.000
-1.000
-1.000
4.351
-1.000
-1.000
-1.000
-1.000
-1.000
-1.000
-1.000
-1.000
-1.000
-1.000
-1.000
-1.000
-1.000
-1.000
-1.000
-1.000
-1.000
-1.000
3.903
3.935
-1.000
-1.000
-1.000
-1.000
-1.000
-1.000
-1.000
-1.000
-1.000
-1.000
-1.000
-1.000
-1.000
-1.000
-1.000
-1.000
-1.000
-1.000
-1.000
4.194
-1.000
-1.000
5.151
4.911
3.403
-1.000
-1.000
-1.000
-1.000
-1.000
-1.000
-1.000
-1.000
4.420
-1.000
-1.000
-1.000
-1.000
-1.000
4.582
-1.000
-1.000
-1.000
-1.000
-1.000
-1.000
-1.000
-1.000
3.515
4.764
4.532
-1.000
-1.000
-1.000
-1.000
-1.000
3.806
-1.000
4.681
-1.000
-1.000
-1.000
-1.000
-1.000
4.767
6.139
4.753
-1.000
-1.000
-1.000
-1.000
-1.000
-1.000
-1.000
-1.000
-1.000
3.439
-1.000
4.160
-1.000
3.963
-1.000
3.942
-1.000
5.156
-1.000
-1.000
-1.000
-1.000
-1.000
-1.000
-1.000
-1.000
-1.000
-1.000
-1.000
5.224
-1.000
-1.000
-1.000
3.518
3.598
-1.000
-1.000
-1.000
-1.000
-1.000
-1.000
-1.000
4.226
-1.000
-1.000
-1.000
-1.000
-1.000
-1.000
-1.000
5.097
5.452
3.692
-1.000
-1.000
-1.000
-1.000
-1.000
-1.000
-1.000
-1.000
-1.000
4.531
4.345
-1.000
-1.000
-1.000
-1.000
-1.000
-1.000
-1.000
-1.000
3.529
3.441
4.664
-1.000
4.596
-1.000
-1.000
-1.000
-1.000
-1.000
-1.000
-1.000
-1.000
4.693
-1.000
-1.000
-1.000
-1.000
-1.000
-1.000
-1.000
-1.000
-1.000
-1.000
-1.000
4.921
-1.000
-1.000
3.975
-1.000
-1.000
-1.000
-1.000
-1.000
-1.000
-1.000
-1.000
-1.000
-1.000
4.191
-1.000
-1.000
-1.000
-1.000
5.560
4.161
-1.000
-1.000
-1.000
-1.000
-1.000
-1.000
-1.000
5.046
-1.000
-1.000
-1.000
-1.000
-1.000
-1.000
4.607
-1.000
3.896
-1.000
-1.000
-1.000
-1.000
-1.000
-1.000
-1.000
4.683
-1.000
-1.000
-1.000
-1.000
-1.000
-1.000
-1.000
-1.000
-1.000
4.370
-1.000
3.636
-1.000
-1.000
-1.000
-1.000
-1.000
-1.000
-1.000
-1.000
-1.000
-1.000
5.457
-1.000
-1.000
-1.000
4.903
3.703
-1.000
-1.000
-1.000
-1.000
-1.000
-1.000
-1.000
-1.000
5.049
-1.000
-1.000
-1.000
-1.000
-1.000
-1.000
-1.000
5.275
-1.000
-1.000
2.827
-1.000
-1.000
4.328
4.127
5.811
-1.000
-1.000
-1.000
-1.000
-1.000
-1.000
-1.000
-1.000
4.659
-1.000
-1.000
-1.000
5.558
5.795
-1.000
-1.000
5.258
4.770
-1.000
-1.000
-1.000
-1.000
3.473
-1.000
-1.000
-1.000
-1.000
-1.000
-1.000
-1.000
-1.000
-1.000
-1.000
-1.000
-1.000
-1.000
-1.000
-1.000
-1.000
-1.000
4.128
-1.000
-1.000
-1.000
4.794
-1.000
-1.000
4.051
-1.000
4.231
-1.000
4.054
-1.000
3.530
-1.000
5.908
4.790
-1.000
-1.000
-1.000
-1.000
-1.000
4.747
-1.000
-1.000
-1.000
-1.000
-1.000
-1.000
-1.000
-1.000
-1.000
-1.000
-1.000
5.322
-1.000
-1.000
-1.000
-1.000
-1.000
-1.000
-1.000
-1.000
-1.000
-1.000
-1.000
-1.000
-1.000
-1.000
-1.000
4.124
-1.000
4.267
-1.000
3.599
4.371
-1.000
-1.000
-1.000
-1.000
-1.000
4.669
-1.000
-1.000
5.609
-1.000
-1.000
5.572
-1.000
-1.000
-1.000
-1.000
-1.000
-1.000
-1.000
-1.000
-1.000
-1.000
-1.000
-1.000
3.674
-1.000
4.073
-1.000
-1.000
-1.000
-1.000
5.228
-1.000
-1.000
4.420
-1.000
-1.000
-1.000
-1.000
-1.000
3.878
-1.000
-1.000
5.567
-1.000
-1.000
-1.000
-1.000
-1.000
-1.000
-1.000
-1.000
-1.000
5.113
-1.000
3.922
-1.000
-1.000
-1.000
4.032
-1.000
-1.000
-1.000
-1.000
-1.000
-1.000
5.079
4.192
-1.000
-1.000
4.310
-1.000
-1.000
-1.000
-1.000
-1.000
-1.000
-1.000
4.173
6.212
-1.000
-1.000
-1.000
-1.000
-1.000
3.998
4.885
-1.000
5.126
4.088
-1.000
-1.000
3.717
-1.000
-1.000
-1.000
-1.000
-1.000
-1.000
-1.000
-1.000
-1.000
-1.000
-1.000
-1.000
4.191
4.395
4.062
-1.000
-1.000
-1.000
4.571
-1.000
-1.000
-1.000
-1.000
-1.000
-1.000
-1.000
-1.000
-1.000
4.357
-1.000
-1.000
3.937
-1.000
-1.000
-1.000
-1.000
-1.000
3.533
-1.000
-1.000
-1.000
-1.000
-1.000
5.009
-1.000
-1.000
4.828
-1.000
-1.000
-1.000
-1.000
-1.000
-1.000
-1.000
-1.000
-1.000
-1.000
-1.000
-1.000
5.057
-1.000
-1.000
4.341
-1.000
-1.000
-1.000
-1.000
4.782
-1.000
-1.000
-1.000
-1.000
-1.000
-1.000
-1.000
-1.000
-1.000
4.094
-1.000
-1.000
-1.000
-1.000
-1.000
-1.000
-1.000
-1.000
-1.000
-1.000
-1.000
-1.000
-1.000
-1.000
-1.000
-1.000
5.205
-1.000
3.815
-1.000
5.527
-1.000
-1.000
5.185
-1.000
5.240
-1.000
-1.000
-1.000
3.909
-1.000
-1.000
-1.000
-1.000
-1.000
-1.000
-1.000
-1.000
-1.000
-1.000
3.872
-1.000
-1.000
-1.000
-1.000
-1.000
-1.000
-1.000
-1.000
-1.000
-1.000
-1.000
-1.000
-1.000
-1.000
-1.000
-1.000
-1.000
3.891
-1.000
-1.000
-1.000
-1.000
-1.000
-1.000
4.672
-1.000
-1.000
-1.000
-1.000
-1.000
-1.000
-1.000
-1.000
-1.000
-1.000
-1.000
-1.000
-1.000
-1.000
3.673
-1.000
-1.000
4.297
-1.000
-1.000
-1.000
-1.000
3.677
-1.000
-1.000
3.638
-1.000
3.971
-1.000
-1.000
-1.000
-1.000
-1.000
-1.000
-1.000
4.939
-1.000
-1.000
-1.000
-1.000
-1.000
-1.000
-1.000
-1.000
-1.000
-1.000
4.642
-1.000
3.932
-1.000
-1.000
-1.000
4.534
-1.000
-1.000
-1.000
5.076
4.596
-1.000
-1.000
-1.000
-1.000
-1.000
-1.000
-1.000
-1.000
-1.000
4.492
-1.000
-1.000
-1.000
-1.000
-1.000
-1.000
-1.000
-1.000
5.086
-1.000
-1.000
4.318
-1.000
-1.000
-1.000
-1.000
-1.000
-1.000
-1.000
-1.000
-1.000
4.049
-1.000
-1.000
-1.000
4.964
4.354
-1.000
-1.000
-1.000
-1.000
-1.000
-1.000
4.501
4.062
-1.000
-1.000
-1.000
-1.000
-1.000
-1.000
-1.000
3.845
3.751
-1.000
-1.000
-1.000
4.504
-1.000
-1.000
-1.000
-1.000
-1.000
4.332
-1.000
-1.000
-1.000
-1.000
-1.000
-1.000
-1.000
-1.000
-1.000
-1.000
4.704
-1.000
5.064
-1.000
4.052
-1.000
-1.000
-1.000
-1.000
-1.000
-1.000
-1.000
-1.000
-1.000
5.492
-1.000
-1.000
-1.000
-1.000
-1.000
-1.000
-1.000
4.359
-1.000
-1.000
-1.000
-1.000
-1.000
4.637
-1.000
-1.000
3.569
-1.000
-1.000
4.542
4.312
-1.000
3.989
-1.000
-1.000
-1.000
-1.000
-1.000
-1.000
-1.000
-1.000
-1.000
-1.000
-1.000
-1.000
-1.000
-1.000
-1.000
-1.000
-1.000
-1.000
-1.000
-1.000
-1.000
-1.000
-1.000
-1.000
-1.000
4.317
-1.000
-1.000
-1.000
5.628
-1.000
-1.000
-1.000
-1.000
5.083
-1.000
4.367
-1.000
-1.000
-1.000
-1.000
-1.000
-1.000
4.619
-1.000
-1.000
-1.000
-1.000
-1.000
-1.000
-1.000
-1.000
-1.000
-1.000
-1.000
-1.000
-1.000
-1.000
-1.000
-1.000
-1.000
-1.000
-1.000
4.030
-1.000
-1.000
-1.000
-1.000
-1.000
-1.000
-1.000
4.560
-1.000
4.718
-1.000
4.126
-1.000
-1.000
5.183
-1.000
-1.000
-1.000
-1.000
-1.000
-1.000
-1.000
4.754
4.152
-1.000
-1.000
3.794
4.807
-1.000
-1.000
-1.000
4.528
-1.000
3.734
-1.000
-1.000
-1.000
4.843
-1.000
3.996
-1.000
-1.000
3.627
-1.000
-1.000
-1.000
-1.000
-1.000
5.097
-1.000
5.212
-1.000
5.013
3.601
-1.000
4.549
-1.000
-1.000
-1.000
-1.000
-1.000
-1.000
-1.000
-1.000
-1.000
-1.000
-1.000
-1.000
-1.000
-1.000
-1.000
4.498
-1.000
3.976
-1.000
5.255
-1.000
-1.000
-1.000
-1.000
-1.000
-1.000
4.744
-1.000
-1.000
-1.000
-1.000
-1.000
-1.000
-1.000
-1.000
-1.000
4.997
-1.000
3.078
-1.000
-1.000
-1.000
-1.000
-1.000
1.349
4.544
-1.000
3.080
-1.000
6.040
-1.000
4.850
-1.000
-1.000
-1.000
-1.000
-1.000
-1.000
-1.000
-1.000
-1.000
-1.000
-1.000
-1.000
5.704
-1.000
-1.000
-1.000
-1.000
3.634
4.342
-1.000
-1.000
-1.000
-1.000
3.157
-1.000
3.448
-1.000
-1.000
-1.000
-1.000
-1.000
-1.000
5.221
-1.000
-1.000
-1.000
-1.000
-1.000
-1.000
-1.000
-1.000
-1.000
-1.000
-1.000
-1.000
-1.000
-1.000
-1.000
-1.000
4.753
-1.000
-1.000
4.592
-1.000
-1.000
-1.000
-1.000
-1.000
-1.000
5.238
-1.000
-1.000
-1.000
-1.000
-1.000
-1.000
3.972
-1.000
-1.000
4.939
-1.000
4.053
-1.000
-1.000
3.415
-1.000
-1.000
-1.000
-1.000
-1.000
-1.000
-1.000
-1.000
-1.000
-1.000
-1.000
-1.000
-1.000
-1.000
-1.000
5.480
5.879
-1.000
-1.000
-1.000
-1.000
-1.000
4.609
4.138
-1.000
-1.000
3.801
-1.000
-1.000
-1.000
-1.000
-1.000
-1.000
-1.000
-1.000
-1.000
4.618
5.004
-1.000
-1.000
-1.000
-1.000
-1.000
-1.000
-1.000
3.821
4.378
-1.000
-1.000
-1.000
-1.000
4.964
-1.000
-1.000
-1.000
5.151
6.164
-1.000
-1.000
5.365
-1.000
4.655
4.553
-1.000
-1.000
-1.000
-1.000
-1.000
-1.000
3.696
4.501
-1.000
-1.000
-1.000
-1.000
-1.000
-1.000
-1.000
-1.000
-1.000
-1.000
-1.000
-1.000
-1.000
4.502
-1.000
-1.000
5.261
-1.000
-1.000
-1.000
-1.000
-1.000
-1.000
5.714
4.239
-1.000
-1.000
-1.000
-1.000
-1.000
-1.000
4.071
4.174
-1.000
-1.000
-1.000
4.658
4.622
4.760
-1.000
-1.000
-1.000
-1.000
-1.000
-1.000
-1.000
-1.000
3.004
3.364
-1.000
-1.000
-1.000
-1.000
-1.000
-1.000
-1.000
-1.000
-1.000
-1.000
-1.000
3.880
-1.000
-1.000
-1.000
-1.000
4.375
4.259
-1.000
-1.000
4.995
-1.000
-1.000
-1.000
-1.000
-1.000
-1.000
-1.000
4.687
-1.000
-1.000
-1.000
4.612
-1.000
-1.000
-1.000
-1.000
4.728
-1.000
-1.000
-1.000
-1.000
3.713
-1.000
4.104
-1.000
-1.000
-1.000
-1.000
-1.000
-1.000
-1.000
-1.000
-1.000
-1.000
-1.000
-1.000
-1.000
-1.000
-1.000
-1.000
4.251
4.010
-1.000
-1.000
-1.000
-1.000
-1.000
-1.000
3.827
-1.000
4.288
-1.000
-1.000
-1.000
-1.000
-1.000
4.633
-1.000
4.080
-1.000
-1.000
-1.000
-1.000
-1.000
4.202
-1.000
4.020
-1.000
-1.000
-1.000
-1.000
-1.000
-1.000
-1.000
-1.000
3.961
-1.000
-1.000
-1.000
-1.000
4.458
-1.000
-1.000
4.231
-1.000
-1.000
-1.000
-1.000
-1.000
-1.000
5.364
-1.000
4.459
-1.000
-1.000
-1.000
-1.000
-1.000
-1.000
-1.000
-1.000
-1.000
4.948
4.182
4.276
-1.000
-1.000
-1.000
-1.000
-1.000
-1.000
-1.000
-1.000
5.006
-1.000
-1.000
-1.000
4.028
-1.000
4.726
-1.000
4.064
-1.000
-1.000
-1.000
-1.000
-1.000
-1.000
-1.000
-1.000
-1.000
3.919
-1.000
3.923
3.404
-1.000
-1.000
3.687
-1.000
-1.000
-1.000
-1.000
-1.000
-1.000
-1.000
-1.000
-1.000
4.250
4.206
4.762
-1.000
-1.000
-1.000
-1.000
4.211
4.182
-1.000
3.730
-1.000
3.875
-1.000
-1.000
-1.000
5.539
4.395
-1.000
-1.000
-1.000
-1.000
-1.000
-1.000
4.727
-1.000
5.119
-1.000
6.028
-1.000
-1.000
-1.000
-1.000
-1.000
-1.000
-1.000
-1.000
-1.000
-1.000
-1.000
-1.000
4.755
-1.000
-1.000
4.902
-1.000
-1.000
-1.000
-1.000
-1.000
3.649
-1.000
-1.000
-1.000
4.053
-1.000
-1.000
-1.000
-1.000
-1.000
-1.000
3.682
3.958
-1.000
5.160
-1.000
-1.000
-1.000
-1.000
3.443
-1.000
-1.000
-1.000
5.347
-1.000
-1.000
4.391
-1.000
-1.000
-1.000
-1.000
-1.000
-1.000
-1.000
-1.000
-1.000
-1.000
-1.000
-1.000
-1.000
-1.000
-1.000
-1.000
-1.000
-1.000
-1.000
4.291
-1.000
-1.000
-1.000
-1.000
5.374
5.177
-1.000
-1.000
-1.000
4.148
-1.000
-1.000
-1.000
-1.000
3.733
-1.000
-1.000
-1.000
-1.000
-1.000
-1.000
-1.000
-1.000
5.088
-1.000
3.545
4.175
5.017
3.756
4.173
-1.000
-1.000
-1.000
-1.000
4.676
-1.000
-1.000
5.077
-1.000
-1.000
-1.000
-1.000
-1.000
4.209
3.420
-1.000
-1.000
3.968
-1.000
-1.000
-1.000
-1.000
-1.000
5.158
4.015
-1.000
-1.000
-1.000
-1.000
3.418
-1.000
-1.000
-1.000
3.868
-1.000
-1.000
-1.000
-1.000
-1.000
-1.000
-1.000
3.793
3.932
-1.000
-1.000
-1.000
-1.000
4.611
-1.000
-1.000
3.609
-1.000
-1.000
-1.000
-1.000
-1.000
-1.000
-1.000
-1.000
-1.000
-1.000
-1.000
-1.000
-1.000
5.436
-1.000
-1.000
-1.000
-1.000
-1.000
-1.000
3.591
-1.000
-1.000
-1.000
-1.000
-1.000
5.616
4.296
-1.000
-1.000
-1.000
-1.000
-1.000
-1.000
-1.000
-1.000
-1.000
-1.000
-1.000
4.280
-1.000
-1.000
4.476
-1.000
-1.000
-1.000
-1.000
-1.000
-1.000
-1.000
4.527
-1.000
-1.000
-1.000
-1.000
-1.000
-1.000
4.389
4.276
-1.000
5.082
-1.000
4.608
-1.000
4.646
-1.000
-1.000
-1.000
-1.000
-1.000
-1.000
3.560
5.411
-1.000
-1.000
-1.000
4.969
-1.000
-1.000
-1.000
5.920
4.637
-1.000
-1.000
-1.000
-1.000
4.053
-1.000
-1.000
-1.000
4.775
-1.000
-1.000
5.026
-1.000
-1.000
-1.000
5.508
5.377
3.882
2.448
4.654
-1.000
-1.000
4.678
-1.000
4.080
-1.000
3.938
-1.000
-1.000
-1.000
-1.000
-1.000
-1.000
5.166
-1.000
-1.000
-1.000
-1.000
5.342
-1.000
-1.000
-1.000
4.078
3.327
4.331
-1.000
-1.000
4.109
-1.000
-1.000
-1.000
-1.000
3.721
4.760
-1.000
-1.000
-1.000
-1.000
-1.000
4.928
3.431
-1.000
-1.000
-1.000
-1.000
-1.000
-1.000
-1.000
-1.000
-1.000
-1.000
-1.000
-1.000
-1.000
-1.000
-1.000
-1.000
-1.000
5.066
-1.000
-1.000
-1.000
-1.000
-1.000
4.121
4.734
-1.000
3.462
-1.000
-1.000
-1.000
-1.000
-1.000
-1.000
3.089
-1.000
-1.000
-1.000
-1.000
-1.000
-1.000
5.539
-1.000
-1.000
-1.000
-1.000
-1.000
-1.000
-1.000
3.643
-1.000
-1.000
-1.000
3.525
-1.000
-1.000
-1.000
-1.000
3.110
-1.000
-1.000
4.176
-1.000
-1.000
-1.000
-1.000
-1.000
-1.000
-1.000
-1.000
3.789
4.429
-1.000
-1.000
4.776
-1.000
-1.000
5.621
5.781
4.903
3.930
-1.000
3.286
3.955
-1.000
-1.000
-1.000
-1.000
-1.000
-1.000
4.097
-1.000
-1.000
-1.000
-1.000
-1.000
4.490
3.554
-1.000
-1.000
-1.000
4.208
-1.000
-1.000
-1.000
-1.000
3.357
-1.000
-1.000
-1.000
-1.000
-1.000
-1.000
-1.000
4.855
-1.000
-1.000
-1.000
-1.000
-1.000
-1.000
4.019
5.714
-1.000
-1.000
-1.000
-1.000
-1.000
4.538
-1.000
-1.000
-1.000
-1.000
-1.000
3.940
-1.000
-1.000
-1.000
-1.000
-1.000
-1.000
-1.000
-1.000
-1.000
4.360
-1.000
-1.000
-1.000
-1.000
3.961
-1.000
3.892
4.553
-1.000
4.055
-1.000
-1.000
-1.000
-1.000
-1.000
-1.000
-1.000
-1.000
-1.000
4.057
-1.000
4.586
-1.000
-1.000
-1.000
-1.000
-1.000
4.648
-1.000
4.343
-1.000
-1.000
-1.000
-1.000
-1.000
-1.000
4.078
-1.000
4.293
3.810
-1.000
-1.000
-1.000
-1.000
-1.000
3.864
-1.000
-1.000
3.998
4.328
-1.000
3.258
4.903
4.353
-1.000
-1.000
3.486
-1.000
-1.000
4.365
-1.000
-1.000
4.077
-1.000
4.026
-1.000
-1.000
-1.000
-1.000
-1.000
-1.000
-1.000
-1.000
-1.000
-1.000
-1.000
-1.000
-1.000
3.851
3.979
-1.000
-1.000
-1.000
4.616
-1.000
-1.000
-1.000
3.831
-1.000
-1.000
-1.000
-1.000
-1.000
-1.000
-1.000
-1.000
-1.000
-1.000
-1.000
4.030
-1.000
-1.000
4.137
5.314
-1.000
-1.000
-1.000
-1.000
-1.000
-1.000
-1.000
-1.000
-1.000
-1.000
-1.000
3.312
-1.000
-1.000
4.468
-1.000
-1.000
3.573
-1.000
4.781
4.511
-1.000
5.957
-1.000
-1.000
-1.000
3.684
3.163
-1.000
-1.000
3.223
4.918
3.250
-1.000
-1.000
-1.000
-1.000
5.620
-1.000
2.537
-1.000
-1.000
4.371
4.117
-1.000
-1.000
-1.000
-1.000
3.423
-1.000
-1.000
-1.000
2.835
2.988
-1.000
4.146
3.269
4.239
5.181
-1.000
-1.000
4.378
-1.000
-1.000
4.236
-1.000
4.326
-1.000
4.185
4.486
3.314
-1.000
3.048
-1.000
-1.000
3.243
4.121
-1.000
-1.000
3.432
-1.000
4.588
3.934
2.927
-1.000
-1.000
-1.000
4.213
-1.000
5.034
4.686
-1.000
-1.000
-1.000
-1.000
3.989
-1.000
-1.000
4.120
3.636
-1.000
-1.000
-1.000
-1.000
3.619
3.975
4.490
-1.000
-1.000
3.990
3.346
-1.000
4.094
-1.000
4.269
4.677
-1.000
3.503
-1.000
-1.000
4.252
3.182
-1.000
-1.000
4.333
3.358
-1.000
3.554
4.103
-1.000
-1.000
-1.000
-1.000
-1.000
3.286
-1.000
-1.000
-1.000
4.436
4.085
-1.000
5.150
-1.000
-1.000
-1.000
-1.000
-1.000
-1.000
-1.000
5.330
-1.000
3.850
-1.000
-1.000
4.870
-1.000
-1.000
2.606
5.200
-1.000
-1.000
-1.000
5.441
-1.000
-1.000
3.506
-1.000
5.153
-1.000
4.491
3.465
3.393
3.429
-1.000
4.815
-1.000
-1.000
-1.000
3.718
-1.000
-1.000
4.806
-1.000
-1.000
-1.000
-1.000
-1.000
3.678
3.861
3.488
-1.000
-1.000
4.841
-1.000
-1.000
-1.000
2.731
-1.000
3.136
1.617
-1.000
3.353
-1.000
-1.000
-1.000
5.010
-1.000
4.488
4.342
4.620
4.271
-1.000
-1.000
-1.000
-1.000
4.787
-1.000
-1.000
4.209
-1.000
4.191
-1.000
-1.000
-1.000
-1.000
-1.000
3.488
3.673
3.668
-1.000
-1.000
-1.000
-1.000
3.689
-1.000
4.055
-1.000
-1.000
3.223
-1.000
-1.000
4.775
-1.000
3.955
5.123
-1.000
-1.000
2.666
-1.000
-1.000
3.937
-1.000
-1.000
-1.000
-1.000
4.379
-1.000
5.633
3.365
-1.000
-1.000
3.667
-1.000
4.038
4.794
4.519
-1.000
-1.000
2.916
3.364
4.721
4.917
-1.000
-1.000
3.414
6.290
-1.000
3.576
-1.000
-1.000
-1.000
-1.000
-1.000
-1.000
4.419
-1.000
4.336
-1.000
4.991
-1.000
-1.000
3.556
-1.000
-1.000
-1.000
-1.000
3.840
3.843
-1.000
-1.000
-1.000
4.130
3.988
-1.000
-1.000
4.610
-1.000
-1.000
-1.000
-1.000
-1.000
-1.000
-1.000
-1.000
-1.000
-1.000
-1.000
4.200
4.528
-1.000
-1.000
-1.000
-1.000
3.718
-1.000
4.420
-1.000
3.432
5.508
3.617
-1.000
4.558
-1.000
4.033
-1.000
3.698
-1.000
-1.000
-1.000
3.760
-1.000
4.155
-1.000
-1.000
4.194
-1.000
-1.000
-1.000
-1.000
-1.000
-1.000
-1.000
5.462
-1.000
4.199
2.916
-1.000
-1.000
-1.000
4.009
-1.000
-1.000
-1.000
-1.000
-1.000
-1.000
-1.000
-1.000
4.131
3.093
-1.000
4.547
4.994
4.335
-1.000
4.445
-1.000
-1.000
3.199
-1.000
-1.000
-1.000
-1.000
-1.000
-1.000
-1.000
-1.000
-1.000
-1.000
-1.000
4.600
3.808
-1.000
-1.000
-1.000
5.010
-1.000
-1.000
3.632
-1.000
4.234
-1.000
-1.000
3.966
-1.000
-1.000
-1.000
-1.000
-1.000
-1.000
-1.000
-1.000
-1.000
-1.000
-1.000
-1.000
3.811
-1.000
3.657
3.571
4.083
3.259
-1.000
-1.000
-1.000
-1.000
3.798
-1.000
-1.000
3.955
-1.000
3.727
-1.000
3.238
5.082
-1.000
4.983
-1.000
3.239
-1.000
4.110
4.133
-1.000
4.921
-1.000
-1.000
-1.000
-1.000
2.355
-1.000
-1.000
-1.000
-1.000
4.225
5.555
-1.000
-1.000
-1.000
-1.000
3.862
-1.000
-1.000
4.357
4.113
3.813
3.856
-1.000
4.688
-1.000
-1.000
-1.000
-1.000
-1.000
4.772
-1.000
-1.000
-1.000
-1.000
-1.000
-1.000
4.776
-1.000
-1.000
-1.000
-1.000
2.936
5.305
-1.000
3.783
-1.000
-1.000
3.794
-1.000
-1.000
-1.000
-1.000
-1.000
-1.000
4.234
-1.000
-1.000
-1.000
-1.000
4.206
3.764
-1.000
-1.000
-1.000
-1.000
5.202
-1.000
2.937
4.993
-1.000
5.953
-1.000
-1.000
-1.000
3.566
-1.000
-1.000
-1.000
-1.000
-1.000
-1.000
-1.000
-1.000
-1.000
-1.000
-1.000
-1.000
-1.000
3.823
-1.000
-1.000
-1.000
-1.000
4.163
-1.000
-1.000
-1.000
4.645
5.738
-1.000
-1.000
4.335
-1.000
-1.000
-1.000
-1.000
-1.000
4.705
-1.000
-1.000
4.101
-1.000
-1.000
-1.000
-1.000
-1.000
3.971
-1.000
-1.000
-1.000
4.360
-1.000
-1.000
4.339
-1.000
5.106
4.365
4.400
-1.000
-1.000
4.683
-1.000
4.081
-1.000
3.444
-1.000
4.559
3.615
-1.000
-1.000
-1.000
3.499
3.411
-1.000
3.803
-1.000
-1.000
-1.000
-1.000
-1.000
-1.000
-1.000
-1.000
-1.000
-1.000
-1.000
-1.000
5.475
4.456
-1.000
-1.000
-1.000
-1.000
-1.000
-1.000
4.058
4.582
-1.000
-1.000
-1.000
-1.000
-1.000
-1.000
-1.000
4.144
3.933
-1.000
-1.000
3.803
3.816
-1.000
-1.000
-1.000
-1.000
-1.000
-1.000
-1.000
-1.000
4.878
-1.000
-1.000
3.265
-1.000
-1.000
-1.000
-1.000
-1.000
4.026
-1.000
4.864
-1.000
-1.000
-1.000
-1.000
-1.000
4.544
-1.000
-1.000
-1.000
-1.000
-1.000
-1.000
-1.000
3.100
4.660
-1.000
-1.000
4.628
-1.000
-1.000
4.685
-1.000
4.221
3.760
-1.000
4.756
5.868
3.138
-1.000
3.298
-1.000
-1.000
-1.000
4.161
-1.000
3.802
-1.000
-1.000
4.763
4.583
-1.000
-1.000
3.396
-1.000
-1.000
-1.000
-1.000
-1.000
5.236
-1.000
-1.000
4.990
-1.000
-1.000
3.438
4.972
-1.000
3.711
-1.000
3.725
-1.000
-1.000
-1.000
3.953
4.815
-1.000
-1.000
5.089
-1.000
-1.000
-1.000
-1.000
3.845
-1.000
-1.000
-1.000
-1.000
-1.000
5.175
-1.000
4.785
4.078
-1.000
3.613
-1.000
-1.000
-1.000
-1.000
-1.000
-1.000
4.561
4.178
4.255
4.544
3.676
5.007
-1.000
-1.000
-1.000
-1.000
-1.000
-1.000
-1.000
3.445
4.238
-1.000
4.340
4.436
-1.000
-1.000
4.812
-1.000
2.895
-1.000
-1.000
-1.000
4.625
-1.000
-1.000
5.020
-1.000
-1.000
-1.000
6.106
-1.000
5.049
-1.000
3.578
-1.000
-1.000
5.145
-1.000
-1.000
-1.000
-1.000
3.672
4.108
-1.000
-1.000
4.322
2.568
3.912
-1.000
-1.000
-1.000
-1.000
-1.000
5.116
4.421
5.660
4.398
-1.000
-1.000
-1.000
3.608
3.800
-1.000
-1.000
-1.000
-1.000
-1.000
-1.000
-1.000
4.530
-1.000
-1.000
-1.000
-1.000
-1.000
4.754
-1.000
-1.000
-1.000
-1.000
3.554
-1.000
2.763
-1.000
5.069
-1.000
-1.000
-1.000
-1.000
-1.000
-1.000
-1.000
4.654
-1.000
-1.000
-1.000
-1.000
-1.000
-1.000
-1.000
-1.000
-1.000
-1.000
3.669
3.862
3.260
-1.000
-1.000
5.448
-1.000
-1.000
-1.000
4.973
-1.000
3.246
4.089
-1.000
-1.000
-1.000
-1.000
-1.000
-1.000
-1.000
-1.000
4.369
-1.000
-1.000
4.430
-1.000
-1.000
-1.000
-1.000
-1.000
4.044
-1.000
-1.000
-1.000
-1.000
-1.000
4.662
-1.000
4.195
-1.000
4.469
4.127
-1.000
-1.000
3.271
-1.000
4.789
-1.000
-1.000
-1.000
4.601
-1.000
2.555
3.598
-1.000
-1.000
-1.000
-1.000
-1.000
4.764
-1.000
-1.000
3.895
3.871
4.619
-1.000
-1.000
5.455
-1.000
-1.000
-1.000
4.207
-1.000
-1.000
-1.000
4.158
-1.000
-1.000
3.959
-1.000
-1.000
-1.000
-1.000
-1.000
-1.000
5.754
-1.000
-1.000
-1.000
-1.000
-1.000
4.128
-1.000
4.821
3.949
-1.000
-1.000
-1.000
-1.000
3.934
-1.000
-1.000
4.264
4.036
3.869
-1.000
-1.000
-1.000
-1.000
-1.000
-1.000
-1.000
-1.000
-1.000
4.946
-1.000
2.644
5.177
-1.000
3.146
-1.000
-1.000
3.439
-1.000
3.477
-1.000
-1.000
-1.000
3.447
-1.000
4.421
4.872
-1.000
4.143
3.252
-1.000
-1.000
-1.000
-1.000
-1.000
4.537
-1.000
-1.000
-1.000
-1.000
4.714
4.545
-1.000
-1.000
-1.000
-1.000
-1.000
-1.000
-1.000
-1.000
4.393
4.978
-1.000
-1.000
-1.000
-1.000
4.212
-1.000
3.021
-1.000
-1.000
4.079
-1.000
3.064
4.088
4.664
-1.000
-1.000
-1.000
-1.000
-1.000
3.686
-1.000
5.866
4.306
4.457
-1.000
-1.000
-1.000
-1.000
4.910
-1.000
-1.000
-1.000
-1.000
4.440
-1.000
4.343
-1.000
-1.000
5.663
-1.000
-1.000
-1.000
-1.000
5.574
3.070
-1.000
4.306
-1.000
-1.000
-1.000
4.921
3.642
4.417
3.962
3.459
-1.000
-1.000
-1.000
-1.000
-1.000
3.648
2.558
3.759
-1.000
-1.000
-1.000
-1.000
-1.000
-1.000
-1.000
-1.000
6.341
-1.000
-1.000
3.611
-1.000
-1.000
3.641
-1.000
3.780
3.339
4.524
-1.000
-1.000
-1.000
2.954
-1.000
-1.000
-1.000
-1.000
-1.000
6.097
-1.000
-1.000
4.598
-1.000
4.818
-1.000
-1.000
-1.000
3.272
-1.000
-1.000
-1.000
4.360
-1.000
3.789
-1.000
-1.000
-1.000
-1.000
-1.000
-1.000
-1.000
2.966
3.621
4.060
4.360
-1.000
-1.000
-1.000
-1.000
4.113
-1.000
-1.000
-1.000
-1.000
-1.000
-1.000
4.686
-1.000
-1.000
3.743
-1.000
4.382
-1.000
4.037
4.088
2.737
-1.000
-1.000
5.777
-1.000
4.559
-1.000
3.569
4.708
-1.000
4.186
-1.000
-1.000
-1.000
3.291
-1.000
-1.000
3.970
3.620
-1.000
-1.000
-1.000
-1.000
2.604
3.354
3.560
-1.000
-1.000
3.185
-1.000
-1.000
3.736
-1.000
4.162
-1.000
4.785
4.488
-1.000
-1.000
-1.000
-1.000
-1.000
4.906
-1.000
-1.000
-1.000
3.999
-1.000
-1.000
-1.000
-1.000
-1.000
-1.000
-1.000
-1.000
4.697
-1.000
4.033
-1.000
4.040
3.822
-1.000
-1.000
-1.000
3.912
-1.000
-1.000
-1.000
-1.000
4.701
-1.000
-1.000
3.360
-1.000
-1.000
-1.000
-1.000
3.457
-1.000
4.002
-1.000
-1.000
-1.000
4.582
-1.000
3.260
-1.000
4.605
-1.000
-1.000
4.643
4.130
-1.000
-1.000
4.524
5.081
-1.000
-1.000
-1.000
-1.000
-1.000
-1.000
4.205
5.426
-1.000
-1.000
-1.000
-1.000
-1.000
-1.000
3.844
-1.000
-1.000
4.127
-1.000
-1.000
4.073
4.033
-1.000
-1.000
-1.000
-1.000
-1.000
5.073
4.180
-1.000
-1.000
-1.000
3.317
-1.000
-1.000
4.193
-1.000
-1.000
4.122
-1.000
5.653
4.481
3.839
-1.000
-1.000
-1.000
-1.000
6.112
-1.000
-1.000
4.316
2.015
5.703
-1.000
-1.000
4.992
-1.000
4.146
3.821
-1.000
-1.000
-1.000
-1.000
3.898
-1.000
-1.000
-1.000
5.928
-1.000
-1.000
-1.000
3.912
-1.000
4.075
-1.000
2.559
5.210
3.895
-1.000
-1.000
-1.000
-1.000
-1.000
-1.000
3.849
-1.000
4.033
3.856
-1.000
3.752
2.611
4.322
-1.000
3.959
-1.000
3.846
-1.000
-1.000
-1.000
-1.000
4.135
-1.000
3.190
-1.000
-1.000
-1.000
-1.000
-1.000
-1.000
4.214
-1.000
-1.000
-1.000
4.683
-1.000
4.482
-1.000
-1.000
-1.000
-1.000
-1.000
-1.000
-1.000
-1.000
-1.000
-1.000
-1.000
4.318
-1.000
-1.000
-1.000
-1.000
4.103
4.423
-1.000
5.907
5.646
-1.000
-1.000
-1.000
-1.000
-1.000
2.304
-1.000
3.898
-1.000
-1.000
-1.000
4.467
-1.000
-1.000
4.423
-1.000
-1.000
-1.000
-1.000
2.751
-1.000
-1.000
-1.000
4.419
-1.000
-1.000
-1.000
3.590
4.388
5.753
3.968
3.777
-1.000
-1.000
-1.000
-1.000
-1.000
3.830
4.755
4.376
-1.000
4.016
-1.000
-1.000
-1.000
-1.000
-1.000
-1.000
-1.000
-1.000
2.911
-1.000
-1.000
4.028
4.214
-1.000
4.690
-1.000
4.799
-1.000
-1.000
-1.000
-1.000
-1.000
-1.000
5.047
4.965
4.613
-1.000
-1.000
-1.000
-1.000
-1.000
-1.000
3.947
4.654
4.544
-1.000
-1.000
-1.000
3.420
-1.000
-1.000
5.510
-1.000
-1.000
-1.000
4.792
4.582
4.009
-1.000
-1.000
-1.000
4.360
5.210
-1.000
3.594
-1.000
-1.000
4.425
-1.000
4.377
-1.000
4.356
-1.000
-1.000
4.052
-1.000
-1.000
-1.000
-1.000
4.613
3.623
-1.000
-1.000
-1.000
-1.000
3.333
-1.000
-1.000
-1.000
-1.000
2.553
-1.000
-1.000
-1.000
3.746
3.022
4.474
-1.000
4.359
4.168
-1.000
-1.000
-1.000
3.313
4.212
-1.000
3.307
-1.000
4.100
-1.000
4.511
4.396
-1.000
-1.000
4.488
4.383
-1.000
4.531
-1.000
-1.000
-1.000
-1.000
-1.000
-1.000
-1.000
-1.000
-1.000
4.189
3.438
-1.000
-1.000
-1.000
4.826
-1.000
4.191
-1.000
4.423
3.540
-1.000
-1.000
4.484
-1.000
-1.000
-1.000
-1.000
-1.000
5.185
4.559
-1.000
-1.000
-1.000
-1.000
-1.000
-1.000
-1.000
-1.000
-1.000
4.597
-1.000
-1.000
-1.000
4.388
-1.000
-1.000
4.111
-1.000
-1.000
-1.000
4.102
-1.000
-1.000
4.699
-1.000
4.902
-1.000
3.009
-1.000
-1.000
-1.000
-1.000
-1.000
-1.000
4.810
-1.000
-1.000
-1.000
-1.000
-1.000
-1.000
-1.000
-1.000
-1.000
3.432
-1.000
3.393
4.479
-1.000
-1.000
-1.000
-1.000
-1.000
-1.000
-1.000
-1.000
-1.000
-1.000
5.080
5.328
-1.000
-1.000
4.166
-1.000
-1.000
-1.000
-1.000
-1.000
3.887
-1.000
4.381
-1.000
-1.000
4.629
4.993
-1.000
-1.000
-1.000
-1.000
-1.000
-1.000
4.699
-1.000
-1.000
-1.000
-1.000
-1.000
-1.000
-1.000
5.056
-1.000
-1.000
-1.000
4.721
-1.000
4.124
-1.000
-1.000
-1.000
4.191
-1.000
3.856
4.723
4.588
-1.000
-1.000
-1.000
-1.000
-1.000
4.504
-1.000
-1.000
3.901
-1.000
-1.000
-1.000
-1.000
-1.000
-1.000
-1.000
5.065
-1.000
3.952
-1.000
-1.000
-1.000
-1.000
-1.000
-1.000
3.726
5.248
-1.000
4.817
-1.000
4.113
4.643
-1.000
5.182
3.932
-1.000
-1.000
4.014
-1.000
-1.000
6.295
4.748
-1.000
5.419
-1.000
-1.000
-1.000
-1.000
-1.000
-1.000
4.585
-1.000
-1.000
-1.000
3.587
-1.000
-1.000
-1.000
-1.000
-1.000
-1.000
-1.000
-1.000
4.173
-1.000
-1.000
-1.000
-1.000
-1.000
-1.000
-1.000
3.818
3.442
3.204
3.856
-1.000
-1.000
-1.000
-1.000
-1.000
4.034
3.389
-1.000
4.514
-1.000
4.503
-1.000
-1.000
-1.000
-1.000
4.829
-1.000
-1.000
-1.000
-1.000
-1.000
-1.000
-1.000
-1.000
-1.000
-1.000
-1.000
-1.000
-1.000
-1.000
4.425
5.688
-1.000
4.884
-1.000
-1.000
4.417
-1.000
-1.000
4.150
-1.000
-1.000
-1.000
3.968
4.074
3.750
-1.000
4.243
3.035
-1.000
-1.000
-1.000
-1.000
-1.000
5.450
-1.000
4.859
-1.000
-1.000
4.199
-1.000
-1.000
3.353
3.889
-1.000
-1.000
2.797
3.234
-1.000
-1.000
4.713
4.256
-1.000
3.623
-1.000
3.775
-1.000
4.588
3.780
-1.000
4.042
-1.000
4.391
-1.000
-1.000
-1.000
4.055
4.184
4.142
-1.000
-1.000
4.978
-1.000
-1.000
-1.000
-1.000
3.792
4.269
3.904
-1.000
4.104
4.189
-1.000
4.389
-1.000
-1.000
-1.000
-1.000
-1.000
-1.000
-1.000
4.344
-1.000
3.611
-1.000
3.370
-1.000
-1.000
-1.000
-1.000
4.791
-1.000
4.905
-1.000
-1.000
-1.000
4.909
-1.000
-1.000
5.422
-1.000
-1.000
-1.000
-1.000
-1.000
6.008
-1.000
-1.000
-1.000
3.641
3.908
4.734
3.707
3.686
3.762
-1.000
-1.000
-1.000
-1.000
4.166
4.549
2.101
-1.000
3.772
3.617
-1.000
-1.000
3.625
3.327
-1.000
-1.000
3.742
-1.000
4.044
4.090
4.179
3.377
-1.000
-1.000
4.228
-1.000
-1.000
-1.000
4.320
4.652
-1.000
5.341
-1.000
-1.000
3.720
-1.000
5.186
-1.000
4.482
-1.000
-1.000
-1.000
-1.000
-1.000
4.436
-1.000
-1.000
3.967
-1.000
4.100
-1.000
4.410
-1.000
-1.000
4.972
-1.000
-1.000
-1.000
-1.000
-1.000
3.010
-1.000
-1.000
4.123
-1.000
-1.000
-1.000
5.539
-1.000
-1.000
-1.000
-1.000
-1.000
5.667
-1.000
-1.000
-1.000
-1.000
-1.000
5.447
-1.000
-1.000
-1.000
-1.000
-1.000
-1.000
6.062
5.981
4.908
-1.000
-1.000
-1.000
-1.000
-1.000
-1.000
-1.000
-1.000
-1.000
-1.000
3.276
-1.000
-1.000
-1.000
-1.000
3.201
3.567
-1.000
-1.000
-1.000
4.637
-1.000
4.654
4.237
-1.000
-1.000
-1.000
-1.000
4.319
3.543
3.763
3.824
4.030
5.125
4.968
-1.000
5.016
-1.000
4.674
-1.000
-1.000
3.952
-1.000
-1.000
-1.000
-1.000
4.060
4.298
3.703
-1.000
5.700
-1.000
-1.000
-1.000
-1.000
-1.000
-1.000
-1.000
-1.000
3.327
-1.000
3.986
-1.000
-1.000
-1.000
-1.000
-1.000
-1.000
-1.000
5.104
3.325
-1.000
-1.000
-1.000
-1.000
-1.000
-1.000
-1.000
3.774
-1.000
-1.000
-1.000
-1.000
-1.000
-1.000
-1.000
3.711
-1.000
4.056
-1.000
-1.000
-1.000
-1.000
-1.000
3.805
-1.000
4.135
-1.000
-1.000
4.097
-1.000
-1.000
-1.000
-1.000
-1.000
-1.000
-1.000
-1.000
-1.000
-1.000
-1.000
-1.000
-1.000
-1.000
3.609
-1.000
-1.000
-1.000
4.922
3.357
3.533
-1.000
-1.000
-1.000
-1.000
4.727
4.477
-1.000
-1.000
-1.000
4.409
-1.000
-1.000
-1.000
-1.000
3.646
-1.000
4.017
-1.000
3.335
-1.000
4.202
-1.000
-1.000
-1.000
3.067
4.535
-1.000
4.287
4.695
-1.000
5.271
-1.000
-1.000
4.344
5.417
-1.000
-1.000
-1.000
-1.000
4.079
-1.000
4.808
-1.000
3.896
-1.000
-1.000
-1.000
3.639
-1.000
-1.000
-1.000
4.134
-1.000
-1.000
-1.000
-1.000
-1.000
4.396
-1.000
-1.000
-1.000
-1.000
5.426
-1.000
-1.000
-1.000
-1.000
-1.000
-1.000
4.433
3.568
-1.000
-1.000
-1.000
4.255
5.773
3.778
-1.000
-1.000
-1.000
-1.000
3.757
4.500
-1.000
-1.000
-1.000
3.414
-1.000
4.233
-1.000
-1.000
-1.000
4.654
3.330
-1.000
-1.000
4.759
-1.000
-1.000
-1.000
4.810
-1.000
-1.000
-1.000
-1.000
-1.000
-1.000
-1.000
-1.000
-1.000
-1.000
-1.000
3.589
-1.000
-1.000
3.846
-1.000
-1.000
-1.000
-1.000
-1.000
-1.000
-1.000
4.628
-1.000
-1.000
4.685
-1.000
-1.000
-1.000
5.562
4.664
-1.000
-1.000
-1.000
-1.000
-1.000
3.212
-1.000
-1.000
-1.000
-1.000
4.802
3.410
-1.000
-1.000
-1.000
-1.000
-1.000
3.689
4.582
4.168
-1.000
-1.000
-1.000
6.139
3.460
3.548
-1.000
3.563
3.954
-1.000
4.377
3.186
-1.000
-1.000
3.334
-1.000
3.115
-1.000
3.688
5.384
-1.000
-1.000
-1.000
-1.000
3.723
3.378
-1.000
-1.000
4.664
3.737
-1.000
-1.000
-1.000
3.993
-1.000
3.400
4.112
4.466
3.985
-1.000
4.298
-1.000
-1.000
-1.000
4.337
-1.000
4.404
-1.000
4.057
3.385
-1.000
4.400
-1.000
3.455
-1.000
5.152
-1.000
-1.000
-1.000
2.920
-1.000
4.855
-1.000
4.744
-1.000
-1.000
-1.000
-1.000
4.748
3.351
-1.000
-1.000
-1.000
-1.000
-1.000
3.641
2.919
3.599
-1.000
4.631
-1.000
3.780
-1.000
4.041
4.415
-1.000
-1.000
4.612
-1.000
-1.000
4.147
-1.000
-1.000
2.399
2.671
3.747
-1.000
-1.000
-1.000
-1.000
4.615
-1.000
-1.000
-1.000
-1.000
-1.000
-1.000
-1.000
-1.000
-1.000
4.031
3.388
-1.000
-1.000
2.953
4.286
3.583
3.752
-1.000
-1.000
4.680
-1.000
-1.000
4.321
5.120
3.252
-1.000
4.626
-1.000
-1.000
-1.000
-1.000
-1.000
-1.000
-1.000
-1.000
-1.000
-1.000
-1.000
-1.000
-1.000
3.930
4.466
-1.000
2.823
5.315
3.993
-1.000
-1.000
-1.000
-1.000
-1.000
-1.000
-1.000
3.757
4.357
4.198
4.134
3.630
4.159
-1.000
-1.000
-1.000
4.837
-1.000
-1.000
-1.000
3.599
4.236
5.107
4.753
4.093
-1.000
-1.000
-1.000
4.266
-1.000
-1.000
-1.000
-1.000
-1.000
5.119
4.526
4.772
4.198
3.329
4.355
-1.000
4.434
-1.000
-1.000
-1.000
-1.000
4.191
4.148
-1.000
5.017
3.337
-1.000
-1.000
-1.000
3.854
-1.000
4.330
-1.000
4.134
-1.000
-1.000
4.458
-1.000
-1.000
-1.000
3.920
3.163
4.543
-1.000
3.984
-1.000
-1.000
-1.000
-1.000
-1.000
-1.000
-1.000
-1.000
3.440
-1.000
-1.000
-1.000
-1.000
4.481
-1.000
-1.000
-1.000
3.959
2.919
-1.000
-1.000
-1.000
4.643
3.368
3.212
4.332
2.363
4.773
5.125
3.436
-1.000
5.356
-1.000
4.066
3.528
-1.000
4.277
-1.000
3.849
-1.000
-1.000
-1.000
-1.000
-1.000
-1.000
4.242
3.828
-1.000
-1.000
-1.000
-1.000
-1.000
-1.000
-1.000
3.626
4.747
-1.000
-1.000
-1.000
-1.000
-1.000
3.105
-1.000
-1.000
-1.000
3.494
-1.000
3.451
3.885
-1.000
-1.000
-1.000
3.575
-1.000
-1.000
-1.000
4.821
-1.000
-1.000
3.644
3.116
4.148
-1.000
-1.000
3.273
-1.000
-1.000
-1.000
4.554
4.731
-1.000
-1.000
3.199
-1.000
-1.000
-1.000
-1.000
4.312
-1.000
-1.000
-1.000
-1.000
-1.000
-1.000
-1.000
-1.000
-1.000
-1.000
-1.000
-1.000
3.161
-1.000
4.206
-1.000
-1.000
-1.000
-1.000
-1.000
-1.000
-1.000
4.189
-1.000
-1.000
2.919
3.525
-1.000
-1.000
4.093
-1.000
-1.000
-1.000
-1.000
-1.000
-1.000
3.249
4.692
-1.000
-1.000
-1.000
-1.000
-1.000
-1.000
3.750
-1.000
3.946
-1.000
3.649
-1.000
3.936
3.948
4.749
-1.000
-1.000
3.300
-1.000
3.411
-1.000
-1.000
4.048
3.384
-1.000
-1.000
-1.000
4.313
-1.000
4.020
4.754
-1.000
-1.000
-1.000
-1.000
4.593
-1.000
3.659
-1.000
-1.000
3.810
-1.000
-1.000
-1.000
3.938
4.417
4.087
-1.000
4.088
4.402
4.027
-1.000
-1.000
3.688
4.141
-1.000
3.529
3.379
-1.000
3.180
-1.000
-1.000
-1.000
-1.000
-1.000
3.688
3.853
-1.000
3.904
-1.000
-1.000
-1.000
3.684
-1.000
-1.000
6.055
3.793
-1.000
2.547
3.715
3.285
-1.000
3.789
3.265
3.774
4.030
-1.000
5.157
-1.000
3.001
-1.000
-1.000
-1.000
-1.000
-1.000
-1.000
4.233
-1.000
4.192
3.723
3.879
3.195
4.193
-1.000
-1.000
-1.000
4.459
-1.000
4.014
-1.000
-1.000
-1.000
4.633
3.380
-1.000
-1.000
3.977
3.970
3.004
-1.000
6.113
-1.000
-1.000
4.278
3.984
3.631
-1.000
-1.000
-1.000
3.941
4.407
-1.000
3.939
-1.000
3.388
-1.000
4.640
-1.000
3.929
-1.000
2.967
-1.000
4.203
-1.000
3.779
-1.000
-1.000
3.528
3.612
3.590
-1.000
-1.000
-1.000
-1.000
-1.000
-1.000
4.244
-1.000
3.955
-1.000
3.146
4.060
3.470
4.996
3.701
-1.000
-1.000
-1.000
-1.000
4.656
3.446
-1.000
5.303
3.806
4.445
-1.000
3.222
-1.000
3.684
-1.000
-1.000
-1.000
-1.000
-1.000
-1.000
-1.000
-1.000
-1.000
-1.000
-1.000
-1.000
-1.000
-1.000
-1.000
-1.000
-1.000
-1.000
-1.000
-1.000
-1.000
-1.000
-1.000
-1.000
-1.000
-1.000
-1.000
-1.000
-1.000
-1.000
-1.000
-1.000
-1.000
-1.000
3.516
-1.000
-1.000
-1.000
-1.000
-1.000
-1.000
-1.000
-1.000
3.819
-1.000
-1.000
-1.000
-1.000
-1.000
-1.000
-1.000
4.290
-1.000
-1.000
-1.000
-1.000
-1.000
3.638
-1.000
-1.000
-1.000
4.174
-1.000
-1.000
-1.000
4.310
-1.000
-1.000
-1.000
-1.000
-1.000
-1.000
-1.000
-1.000
-1.000
-1.000
-1.000
-1.000
-1.000
-1.000
-1.000
-1.000
-1.000
-1.000
-1.000
-1.000
4.031
-1.000
-1.000
-1.000
-1.000
4.204
-1.000
-1.000
-1.000
-1.000
-1.000
4.022
2.785
-1.000
-1.000
-1.000
-1.000
-1.000
4.630
-1.000
-1.000
-1.000
-1.000
-1.000
-1.000
-1.000
-1.000
-1.000
-1.000
-1.000
-1.000
-1.000
-1.000
-1.000
-1.000
-1.000
-1.000
-1.000
-1.000
-1.000
-1.000
-1.000
-1.000
-1.000
-1.000
-1.000
-1.000
-1.000
-1.000
-1.000
-1.000
-1.000
-1.000
-1.000
-1.000
-1.000
-1.000
-1.000
-1.000
-1.000
-1.000
-1.000
-1.000
-1.000
-1.000
-1.000
-1.000
-1.000
-1.000
-1.000
-1.000
-1.000
-1.000
-1.000
-1.000
-1.000
-1.000
-1.000
-1.000
-1.000
-1.000
-1.000
-1.000
-1.000
-1.000
-1.000
-1.000
-1.000
-1.000
-1.000
-1.000
-1.000
-1.000
-1.000
-1.000
-1.000
-1.000
-1.000
-1.000
-1.000
-1.000
-1.000
-1.000
-1.000
-1.000
-1.000
-1.000
-1.000
-1.000
-1.000
-1.000
-1.000
-1.000
-1.000
-1.000
-1.000
-1.000
-1.000
-1.000
-1.000
-1.000
-1.000
-1.000
-1.000
-1.000
-1.000
-1.000
-1.000
-1.000
-1.000
-1.000
-1.000
-1.000
-1.000
-1.000
-1.000
-1.000
-1.000
-1.000
-1.000
-1.000
-1.000
-1.000
-1.000
-1.000
-1.000
-1.000
-1.000
-1.000
-1.000
-1.000
-1.000
-1.000
-1.000
-1.000
-1.000
-1.000
-1.000
-1.000
-1.000
-1.000
-1.000
-1.000
-1.000
-1.000
-1.000
-1.000
-1.000
-1.000
-1.000
-1.000
-1.000
-1.000
3.756
-1.000
-1.000
-1.000
-1.000
-1.000
-1.000
-1.000
4.460
4.211
-1.000
-1.000
-1.000
-1.000
-1.000
-1.000
-1.000
-1.000
-1.000
-1.000
-1.000
-1.000
-1.000
-1.000
-1.000
-1.000
-1.000
-1.000
-1.000
-1.000
-1.000
-1.000
-1.000
-1.000
-1.000
-1.000
-1.000
-1.000
-1.000
-1.000
-1.000
-1.000
-1.000
-1.000
-1.000
-1.000
-1.000
-1.000
-1.000
-1.000
-1.000
-1.000
-1.000
-1.000
-1.000
-1.000
-1.000
-1.000
-1.000
-1.000
-1.000
-1.000
-1.000
-1.000
-1.000
-1.000
-1.000
-1.000
-1.000
-1.000
-1.000
-1.000
-1.000
-1.000
-1.000
-1.000
-1.000
-1.000
-1.000
-1.000
-1.000
4.500
-1.000
-1.000
-1.000
-1.000
-1.000
-1.000
-1.000
-1.000
-1.000
-1.000
-1.000
-1.000
-1.000
-1.000
-1.000
-1.000
-1.000
-1.000
-1.000
-1.000
-1.000
-1.000
-1.000
-1.000
-1.000
-1.000
-1.000
-1.000
-1.000
-1.000
-1.000
-1.000
-1.000
-1.000
-1.000
-1.000
-1.000
-1.000
-1.000
-1.000
-1.000
-1.000
-1.000
-1.000
-1.000
-1.000
-1.000
-1.000
-1.000
4.253
-1.000
-1.000
-1.000
-1.000
-1.000
-1.000
4.406
-1.000
-1.000
-1.000
-1.000
-1.000
-1.000
-1.000
-1.000
-1.000
-1.000
-1.000
-1.000
-1.000
-1.000
-1.000
-1.000
-1.000
-1.000
4.225
-1.000
-1.000
-1.000
-1.000
-1.000
-1.000
-1.000
-1.000
-1.000
-1.000
-1.000
-1.000
-1.000
-1.000
-1.000
-1.000
-1.000
-1.000
-1.000
-1.000
-1.000
-1.000
-1.000
-1.000
-1.000
3.959
-1.000
-1.000
-1.000
-1.000
4.153
-1.000
-1.000
-1.000
-1.000
-1.000
-1.000
-1.000
-1.000
-1.000
-1.000
-1.000
-1.000
-1.000
-1.000
-1.000
-1.000
-1.000
-1.000
-1.000
-1.000
-1.000
-1.000
-1.000
-1.000
-1.000
-1.000
-1.000
-1.000
-1.000
-1.000
-1.000
-1.000
-1.000
-1.000
-1.000
-1.000
-1.000
-1.000
-1.000
-1.000
-1.000
-1.000
-1.000
-1.000
-1.000
-1.000
-1.000
-1.000
-1.000
-1.000
-1.000
-1.000
-1.000
-1.000
-1.000
-1.000
-1.000
-1.000
-1.000
-1.000
-1.000
-1.000
-1.000
-1.000
-1.000
-1.000
-1.000
-1.000
-1.000
-1.000
-1.000
-1.000
-1.000
-1.000
-1.000
-1.000
-1.000
4.679
-1.000
-1.000
-1.000
-1.000
-1.000
-1.000
-1.000
-1.000
-1.000
-1.000
-1.000
-1.000
-1.000
-1.000
5.128
-1.000
-1.000
-1.000
-1.000
4.031
-1.000
4.624
-1.000
-1.000
-1.000
-1.000
-1.000
-1.000
-1.000
-1.000
-1.000
-1.000
-1.000
-1.000
-1.000
-1.000
-1.000
-1.000
-1.000
-1.000
-1.000
-1.000
5.058
5.404
-1.000
-1.000
-1.000
-1.000
-1.000
-1.000
-1.000
-1.000
-1.000
-1.000
-1.000
-1.000
-1.000
-1.000
-1.000
-1.000
3.597
-1.000
-1.000
-1.000
-1.000
-1.000
-1.000
-1.000
4.469
-1.000
-1.000
-1.000
-1.000
-1.000
-1.000
-1.000
-1.000
-1.000
-1.000
-1.000
-1.000
-1.000
-1.000
-1.000
-1.000
-1.000
-1.000
-1.000
-1.000
-1.000
5.073
-1.000
-1.000
-1.000
-1.000
-1.000
4.875
-1.000
-1.000
4.758
-1.000
-1.000
-1.000
-1.000
-1.000
-1.000
4.191
-1.000
4.906
-1.000
-1.000
-1.000
-1.000
-1.000
-1.000
-1.000
-1.000
-1.000
-1.000
-1.000
-1.000
-1.000
-1.000
-1.000
-1.000
-1.000
-1.000
-1.000
-1.000
-1.000
-1.000
-1.000
-1.000
5.022
5.005
-1.000
-1.000
3.934
-1.000
4.663
-1.000
-1.000
-1.000
-1.000
-1.000
-1.000
5.330
-1.000
-1.000
-1.000
-1.000
-1.000
5.152
-1.000
-1.000
-1.000
-1.000
-1.000
-1.000
-1.000
-1.000
4.880
-1.000
-1.000
-1.000
-1.000
-1.000
-1.000
-1.000
-1.000
-1.000
-1.000
-1.000
-1.000
-1.000
4.338
4.699
-1.000
-1.000
4.540
-1.000
-1.000
-1.000
-1.000
-1.000
-1.000
-1.000
-1.000
-1.000
-1.000
-1.000
-1.000
-1.000
5.197
-1.000
-1.000
-1.000
-1.000
4.818
-1.000
-1.000
-1.000
-1.000
-1.000
-1.000
-1.000
-1.000
-1.000
-1.000
-1.000
-1.000
-1.000
-1.000
-1.000
-1.000
-1.000
-1.000
-1.000
-1.000
-1.000
-1.000
-1.000
-1.000
-1.000
4.354
3.520
-1.000
4.762
4.682
-1.000
-1.000
-1.000
3.939
-1.000
-1.000
-1.000
3.895
4.687
-1.000
-1.000
-1.000
-1.000
-1.000
-1.000
-1.000
3.780
-1.000
3.995
-1.000
-1.000
-1.000
-1.000
5.070
4.090
-1.000
-1.000
3.729
-1.000
-1.000
-1.000
-1.000
-1.000
-1.000
-1.000
-1.000
-1.000
-1.000
-1.000
4.580
-1.000
-1.000
-1.000
4.744
-1.000
-1.000
-1.000
-1.000
-1.000
-1.000
-1.000
-1.000
-1.000
-1.000
5.370
-1.000
-1.000
-1.000
4.697
-1.000
-1.000
-1.000
-1.000
-1.000
-1.000
-1.000
-1.000
-1.000
-1.000
-1.000
-1.000
-1.000
-1.000
-1.000
-1.000
-1.000
-1.000
-1.000
-1.000
-1.000
4.550
-1.000
-1.000
-1.000
-1.000
-1.000
-1.000
-1.000
-1.000
-1.000
-1.000
-1.000
-1.000
-1.000
-1.000
-1.000
-1.000
-1.000
-1.000
-1.000
-1.000
-1.000
-1.000
-1.000
-1.000
-1.000
-1.000
-1.000
4.451
-1.000
-1.000
-1.000
-1.000
-1.000
-1.000
-1.000
3.933
-1.000
-1.000
-1.000
-1.000
-1.000
-1.000
-1.000
-1.000
-1.000
-1.000
-1.000
-1.000
4.803
-1.000
-1.000
-1.000
-1.000
-1.000
-1.000
-1.000
-1.000
-1.000
-1.000
-1.000
-1.000
-1.000
-1.000
5.365
3.174
-1.000
-1.000
-1.000
-1.000
-1.000
-1.000
4.829
-1.000
-1.000
-1.000
-1.000
-1.000
-1.000
-1.000
-1.000
-1.000
-1.000
-1.000
-1.000
-1.000
-1.000
-1.000
-1.000
3.757
-1.000
4.862
4.354
-1.000
-1.000
-1.000
-1.000
5.050
-1.000
-1.000
-1.000
-1.000
5.314
-1.000
-1.000
4.191
-1.000
-1.000
-1.000
-1.000
-1.000
-1.000
-1.000
-1.000
-1.000
4.522
-1.000
4.258
4.533
-1.000
-1.000
4.888
-1.000
-1.000
-1.000
-1.000
-1.000
-1.000
-1.000
-1.000
-1.000
4.316
-1.000
-1.000
-1.000
-1.000
-1.000
5.109
-1.000
5.480
-1.000
-1.000
4.355
-1.000
-1.000
-1.000
-1.000
-1.000
-1.000
-1.000
-1.000
-1.000
4.586
-1.000
-1.000
-1.000
-1.000
4.652
-1.000
-1.000
-1.000
-1.000
5.161
-1.000
-1.000
-1.000
-1.000
-1.000
-1.000
-1.000
-1.000
5.077
-1.000
-1.000
-1.000
-1.000
-1.000
-1.000
-1.000
-1.000
-1.000
-1.000
-1.000
-1.000
-1.000
-1.000
-1.000
4.382
-1.000
-1.000
-1.000
-1.000
-1.000
-1.000
-1.000
-1.000
-1.000
-1.000
-1.000
-1.000
-1.000
-1.000
-1.000
-1.000
-1.000
-1.000
-1.000
4.104
4.166
-1.000
-1.000
-1.000
-1.000
-1.000
4.110
-1.000
-1.000
-1.000
-1.000
-1.000
-1.000
-1.000
-1.000
-1.000
-1.000
-1.000
-1.000
-1.000
-1.000
-1.000
-1.000
-1.000
-1.000
-1.000
-1.000
-1.000
-1.000
-1.000
-1.000
-1.000
-1.000
-1.000
-1.000
-1.000
-1.000
-1.000
-1.000
-1.000
-1.000
-1.000
-1.000
-1.000
-1.000
-1.000
-1.000
-1.000
-1.000
-1.000
-1.000
-1.000
-1.000
-1.000
-1.000
-1.000
-1.000
-1.000
-1.000
-1.000
-1.000
-1.000
-1.000
-1.000
-1.000
-1.000
-1.000
-1.000
-1.000
-1.000
-1.000
-1.000
-1.000
2.846
-1.000
-1.000
-1.000
-1.000
-1.000
-1.000
-1.000
-1.000
-1.000
-1.000
-1.000
-1.000
-1.000
-1.000
-1.000
-1.000
-1.000
-1.000
-1.000
-1.000
-1.000
-1.000
-1.000
-1.000
-1.000
-1.000
-1.000
-1.000
-1.000
-1.000
-1.000
-1.000
-1.000
-1.000
-1.000
-1.000
-1.000
-1.000
-1.000
-1.000
-1.000
-1.000
-1.000
-1.000
-1.000
-1.000
-1.000
-1.000
-1.000
-1.000
-1.000
-1.000
-1.000
-1.000
-1.000
-1.000
-1.000
-1.000
-1.000
-1.000
-1.000
-1.000
-1.000
-1.000
-1.000
-1.000
-1.000
-1.000
-1.000
-1.000
-1.000
-1.000
-1.000
-1.000
-1.000
-1.000
-1.000
-1.000
-1.000
-1.000
-1.000
-1.000
-1.000
-1.000
-1.000
-1.000
-1.000
-1.000
-1.000
-1.000
-1.000
-1.000
-1.000
-1.000
-1.000
-1.000
-1.000
-1.000
-1.000
-1.000
-1.000
-1.000
-1.000
-1.000
-1.000
-1.000
-1.000
3.535
-1.000
-1.000
-1.000
-1.000
-1.000
-1.000
-1.000
-1.000
-1.000
-1.000
-1.000
-1.000
-1.000
-1.000
-1.000
-1.000
-1.000
-1.000
-1.000
-1.000
-1.000
-1.000
-1.000
-1.000
-1.000
-1.000
-1.000
-1.000
-1.000
-1.000
-1.000
-1.000
-1.000
-1.000
-1.000
-1.000
-1.000
-1.000
-1.000
-1.000
-1.000
-1.000
-1.000
-1.000
4.294
-1.000
-1.000
-1.000
-1.000
-1.000
-1.000
-1.000
-1.000
-1.000
-1.000
-1.000
-1.000
-1.000
-1.000
-1.000
-1.000
-1.000
-1.000
-1.000
-1.000
-1.000
-1.000
-1.000
-1.000
-1.000
-1.000
-1.000
-1.000
-1.000
-1.000
-1.000
-1.000
-1.000
-1.000
4.110
-1.000
-1.000
-1.000
-1.000
-1.000
-1.000
-1.000
-1.000
-1.000
-1.000
-1.000
4.616
-1.000
-1.000
-1.000
-1.000
-1.000
-1.000
-1.000
-1.000
-1.000
-1.000
-1.000
-1.000
-1.000
-1.000
3.915
-1.000
-1.000
-1.000
-1.000
-1.000
-1.000
-1.000
-1.000
-1.000
-1.000
4.406
-1.000
-1.000
-1.000
-1.000
-1.000
-1.000
-1.000
-1.000
-1.000
-1.000
-1.000
-1.000
-1.000
4.198
-1.000
-1.000
-1.000
-1.000
-1.000
-1.000
4.001
-1.000
-1.000
-1.000
-1.000
4.875
4.393
-1.000
-1.000
-1.000
-1.000
-1.000
-1.000
-1.000
-1.000
4.418
-1.000
-1.000
-1.000
4.756
-1.000
-1.000
-1.000
-1.000
-1.000
-1.000
-1.000
-1.000
4.312
4.843
-1.000
-1.000
-1.000
-1.000
-1.000
-1.000
-1.000
4.361
-1.000
-1.000
-1.000
-1.000
-1.000
-1.000
-1.000
-1.000
-1.000
4.533
-1.000
-1.000
-1.000
-1.000
-1.000
-1.000
-1.000
-1.000
-1.000
5.231
-1.000
4.316
-1.000
-1.000
-1.000
-1.000
-1.000
-1.000
-1.000
-1.000
-1.000
-1.000
-1.000
-1.000
-1.000
-1.000
-1.000
-1.000
5.043
4.285
-1.000
-1.000
-1.000
-1.000
-1.000
-1.000
4.265
3.946
-1.000
4.016
5.001
-1.000
-1.000
-1.000
4.751
-1.000
-1.000
3.920
-1.000
-1.000
-1.000
-1.000
-1.000
-1.000
-1.000
3.673
-1.000
-1.000
-1.000
-1.000
-1.000
-1.000
-1.000
-1.000
-1.000
-1.000
-1.000
-1.000
-1.000
-1.000
-1.000
-1.000
-1.000
-1.000
-1.000
-1.000
-1.000
-1.000
-1.000
-1.000
-1.000
-1.000
-1.000
-1.000
-1.000
-1.000
-1.000
-1.000
-1.000
-1.000
-1.000
-1.000
-1.000
-1.000
-1.000
-1.000
-1.000
-1.000
-1.000
-1.000
-1.000
-1.000
-1.000
-1.000
-1.000
-1.000
-1.000
-1.000
-1.000
-1.000
-1.000
-1.000
-1.000
-1.000
-1.000
-1.000
-1.000
-1.000
-1.000
-1.000
-1.000
-1.000
-1.000
-1.000
-1.000
-1.000
-1.000
-1.000
-1.000
-1.000
-1.000
-1.000
-1.000
-1.000
-1.000
-1.000
-1.000
-1.000
-1.000
-1.000
-1.000
-1.000
-1.000
3.604
-1.000
-1.000
-1.000
-1.000
-1.000
-1.000
-1.000
-1.000
-1.000
-1.000
-1.000
-1.000
-1.000
-1.000
-1.000
-1.000
-1.000
-1.000
-1.000
-1.000
-1.000
-1.000
-1.000
-1.000
-1.000
-1.000
-1.000
-1.000
-1.000
-1.000
-1.000
-1.000
-1.000
-1.000
-1.000
-1.000
-1.000
-1.000
-1.000
4.603
3.734
-1.000
-1.000
-1.000
-1.000
3.566
-1.000
-1.000
-1.000
-1.000
-1.000
-1.000
-1.000
-1.000
-1.000
-1.000
-1.000
-1.000
-1.000
-1.000
-1.000
-1.000
-1.000
-1.000
-1.000
-1.000
-1.000
-1.000
-1.000
-1.000
-1.000
-1.000
-1.000
-1.000
-1.000
-1.000
-1.000
-1.000
-1.000
-1.000
-1.000
-1.000
-1.000
-1.000
-1.000
-1.000
-1.000
-1.000
-1.000
-1.000
-1.000
-1.000
-1.000
-1.000
-1.000
-1.000
-1.000
-1.000
-1.000
-1.000
-1.000
-1.000
-1.000
-1.000
-1.000
-1.000
-1.000
-1.000
-1.000
-1.000
-1.000
-1.000
-1.000
-1.000
-1.000
-1.000
-1.000
-1.000
-1.000
-1.000
-1.000
-1.000
-1.000
-1.000
-1.000
-1.000
-1.000
-1.000
-1.000
-1.000
-1.000
-1.000
-1.000
-1.000
3.878
-1.000
-1.000
-1.000
-1.000
-1.000
-1.000
-1.000
-1.000
-1.000
-1.000
-1.000
-1.000
-1.000
4.007
-1.000
-1.000
-1.000
-1.000
-1.000
-1.000
-1.000
-1.000
-1.000
-1.000
-1.000
-1.000
-1.000
-1.000
-1.000
-1.000
-1.000
-1.000
-1.000
-1.000
-1.000
-1.000
-1.000
-1.000
3.991
-1.000
-1.000
-1.000
4.045
3.875
-1.000
-1.000
-1.000
-1.000
-1.000
-1.000
-1.000
-1.000
-1.000
-1.000
-1.000
-1.000
-1.000
-1.000
-1.000
-1.000
-1.000
-1.000
4.010
-1.000
-1.000
-1.000
-1.000
-1.000
4.315
-1.000
-1.000
-1.000
-1.000
-1.000
-1.000
-1.000
4.175
3.953
4.051
-1.000
-1.000
-1.000
-1.000
4.642
-1.000
-1.000
-1.000
-1.000
-1.000
-1.000
-1.000
-1.000
-1.000
-1.000
-1.000
4.315
-1.000
-1.000
-1.000
-1.000
4.454
-1.000
-1.000
-1.000
4.225
-1.000
-1.000
-1.000
-1.000
-1.000
4.306
-1.000
-1.000
-1.000
-1.000
-1.000
-1.000
-1.000
-1.000
-1.000
-1.000
-1.000
-1.000
-1.000
-1.000
-1.000
-1.000
-1.000
-1.000
-1.000
-1.000
-1.000
-1.000
-1.000
-1.000
-1.000
-1.000
-1.000
-1.000
-1.000
-1.000
-1.000
-1.000
-1.000
-1.000
-1.000
-1.000
-1.000
-1.000
-1.000
-1.000
-1.000
-1.000
-1.000
-1.000
-1.000
-1.000
-1.000
-1.000
-1.000
3.880
-1.000
-1.000
-1.000
-1.000
-1.000
-1.000
3.748
-1.000
-1.000
-1.000
-1.000
3.878
-1.000
-1.000
3.464
-1.000
4.187
-1.000
-1.000
-1.000
-1.000
-1.000
-1.000
2.950
-1.000
-1.000
-1.000
-1.000
-1.000
-1.000
-1.000
-1.000
-1.000
-1.000
-1.000
-1.000
-1.000
-1.000
-1.000
-1.000
-1.000
-1.000
-1.000
-1.000
-1.000
-1.000
-1.000
-1.000
-1.000
-1.000
-1.000
-1.000
-1.000
-1.000
-1.000
-1.000
-1.000
-1.000
-1.000
-1.000
-1.000
-1.000
-1.000
-1.000
-1.000
-1.000
-1.000
-1.000
-1.000
-1.000
-1.000
-1.000
-1.000
-1.000
-1.000
-1.000
-1.000
-1.000
-1.000
-1.000
-1.000
-1.000
-1.000
-1.000
-1.000
-1.000
-1.000
-1.000
-1.000
-1.000
-1.000
-1.000
-1.000
-1.000
-1.000
-1.000
-1.000
-1.000
-1.000
-1.000
-1.000
-1.000
-1.000
-1.000
-1.000
-1.000
-1.000
-1.000
-1.000
-1.000
-1.000
-1.000
-1.000
-1.000
-1.000
-1.000
-1.000
-1.000
-1.000
-1.000
-1.000
-1.000
-1.000
-1.000
-1.000
-1.000
-1.000
-1.000
-1.000
-1.000
-1.000
-1.000
-1.000
-1.000
-1.000
-1.000
-1.000
-1.000
-1.000
-1.000
3.673
-1.000
-1.000
-1.000
4.696
-1.000
-1.000
-1.000
-1.000
-1.000
-1.000
-1.000
-1.000
-1.000
-1.000
-1.000
-1.000
-1.000
-1.000
-1.000
3.776
-1.000
-1.000
-1.000
-1.000
-1.000
-1.000
-1.000
-1.000
-1.000
4.274
-1.000
-1.000
-1.000
-1.000
-1.000
-1.000
-1.000
3.891
-1.000
-1.000
-1.000
-1.000
-1.000
3.971
-1.000
3.956
-1.000
3.678
-1.000
-1.000
-1.000
-1.000
-1.000
-1.000
-1.000
-1.000
-1.000
-1.000
-1.000
-1.000
-1.000
-1.000
-1.000
-1.000
-1.000
4.599
-1.000
-1.000
-1.000
-1.000
-1.000
-1.000
-1.000
-1.000
-1.000
-1.000
-1.000
-1.000
4.947
-1.000
-1.000
-1.000
-1.000
-1.000
-1.000
4.798
-1.000
-1.000
-1.000
-1.000
-1.000
-1.000
-1.000
4.159
-1.000
-1.000
-1.000
-1.000
-1.000
4.350
-1.000
-1.000
-1.000
-1.000
-1.000
-1.000
-1.000
-1.000
4.204
3.642
-1.000
-1.000
-1.000
-1.000
-1.000
-1.000
-1.000
4.530
-1.000
-1.000
-1.000
-1.000
3.178
4.091
-1.000
-1.000
-1.000
-1.000
-1.000
-1.000
-1.000
3.665
3.820
4.801
4.468
-1.000
-1.000
-1.000
-1.000
-1.000
-1.000
-1.000
-1.000
-1.000
-1.000
4.156
4.148
-1.000
-1.000
-1.000
-1.000
-1.000
-1.000
-1.000
4.536
-1.000
-1.000
-1.000
-1.000
-1.000
-1.000
-1.000
-1.000
-1.000
3.269
-1.000
-1.000
4.665
-1.000
-1.000
-1.000
-1.000
-1.000
-1.000
-1.000
-1.000
-1.000
5.115
-1.000
-1.000
-1.000
-1.000
-1.000
-1.000
-1.000
5.056
-1.000
-1.000
4.326
-1.000
-1.000
-1.000
4.773
-1.000
-1.000
-1.000
-1.000
-1.000
-1.000
-1.000
-1.000
-1.000
4.666
-1.000
-1.000
3.827
-1.000
-1.000
-1.000
-1.000
-1.000
-1.000
-1.000
-1.000
-1.000
4.782
-1.000
-1.000
-1.000
-1.000
-1.000
-1.000
-1.000
-1.000
3.782
-1.000
-1.000
-1.000
-1.000
-1.000
4.782
-1.000
4.011
-1.000
-1.000
3.989
-1.000
-1.000
-1.000
-1.000
-1.000
4.726
4.516
-1.000
-1.000
-1.000
-1.000
-1.000
-1.000
-1.000
-1.000
-1.000
4.685
4.335
-1.000
-1.000
-1.000
4.162
4.765
-1.000
-1.000
-1.000
-1.000
-1.000
4.288
-1.000
-1.000
-1.000
-1.000
3.240
-1.000
-1.000
-1.000
-1.000
5.151
-1.000
-1.000
-1.000
-1.000
-1.000
-1.000
-1.000
-1.000
-1.000
-1.000
-1.000
-1.000
-1.000
4.675
-1.000
-1.000
-1.000
-1.000
-1.000
-1.000
-1.000
-1.000
4.764
-1.000
-1.000
3.087
-1.000
-1.000
-1.000
-1.000
-1.000
-1.000
-1.000
-1.000
-1.000
-1.000
-1.000
-1.000
-1.000
-1.000
-1.000
-1.000
-1.000
-1.000
-1.000
4.947
-1.000
-1.000
-1.000
-1.000
-1.000
-1.000
-1.000
-1.000
-1.000
-1.000
-1.000
-1.000
-1.000
-1.000
-1.000
-1.000
-1.000
-1.000
-1.000
4.437
-1.000
-1.000
-1.000
5.151
-1.000
-1.000
-1.000
-1.000
-1.000
-1.000
-1.000
-1.000
-1.000
-1.000
-1.000
-1.000
-1.000
-1.000
3.999
-1.000
-1.000
-1.000
4.165
-1.000
-1.000
-1.000
-1.000
-1.000
-1.000
-1.000
-1.000
-1.000
-1.000
-1.000
-1.000
-1.000
3.716
-1.000
4.883
5.320
3.797
-1.000
-1.000
-1.000
4.508
-1.000
3.650
-1.000
-1.000
-1.000
-1.000
-1.000
-1.000
-1.000
-1.000
3.500
-1.000
-1.000
-1.000
-1.000
-1.000
4.295
-1.000
-1.000
-1.000
-1.000
-1.000
-1.000
-1.000
-1.000
4.035
-1.000
3.751
-1.000
-1.000
-1.000
-1.000
-1.000
-1.000
-1.000
-1.000
-1.000
-1.000
-1.000
4.351
-1.000
-1.000
-1.000
-1.000
-1.000
-1.000
-1.000
3.468
4.439
4.698
4.415
-1.000
-1.000
-1.000
-1.000
-1.000
4.188
5.230
-1.000
-1.000
-1.000
3.048
-1.000
-1.000
4.550
3.230
-1.000
-1.000
-1.000
2.982
-1.000
-1.000
3.834
-1.000
3.944
4.066
-1.000
-1.000
3.863
-1.000
-1.000
-1.000
4.194
-1.000
-1.000
-1.000
-1.000
-1.000
-1.000
-1.000
-1.000
-1.000
-1.000
-1.000
-1.000
-1.000
4.754
-1.000
3.309
4.320
-1.000
-1.000
-1.000
-1.000
-1.000
-1.000
-1.000
-1.000
5.007
4.264
-1.000
3.971
-1.000
-1.000
-1.000
-1.000
3.137
4.725
-1.000
-1.000
-1.000
-1.000
-1.000
-1.000
-1.000
-1.000
-1.000
-1.000
-1.000
-1.000
-1.000
-1.000
-1.000
-1.000
-1.000
-1.000
-1.000
-1.000
-1.000
-1.000
-1.000
-1.000
-1.000
-1.000
-1.000
-1.000
-1.000
-1.000
-1.000
-1.000
-1.000
-1.000
-1.000
-1.000
-1.000
-1.000
-1.000
-1.000
-1.000
-1.000
-1.000
-1.000
-1.000
-1.000
-1.000
-1.000
-1.000
-1.000
-1.000
-1.000
-1.000
-1.000
-1.000
-1.000
-1.000
-1.000
-1.000
-1.000
-1.000
-1.000
-1.000
-1.000
-1.000
3.734
-1.000
-1.000
-1.000
-1.000
-1.000
-1.000
-1.000
-1.000
-1.000
-1.000
-1.000
-1.000
-1.000
-1.000
-1.000
-1.000
-1.000
-1.000
-1.000
-1.000
-1.000
-1.000
-1.000
-1.000
-1.000
-1.000
-1.000
-1.000
-1.000
-1.000
-1.000
-1.000
-1.000
-1.000
-1.000
-1.000
5.503
-1.000
3.722
-1.000
-1.000
4.223
-1.000
3.968
2.278
4.463
4.019
-1.000
3.488
-1.000
2.807
-1.000
-1.000
-1.000
4.468
-1.000
-1.000
-1.000
-1.000
5.473
4.207
-1.000
-1.000
4.555
-1.000
3.769
3.763
-1.000
-1.000
4.429
-1.000
-1.000
4.519
3.234
-1.000
-1.000
-1.000
-1.000
-1.000
3.842
-1.000
4.424
3.809
-1.000
-1.000
-1.000
-1.000
4.183
-1.000
-1.000
-1.000
3.923
4.978
5.564
-1.000
-1.000
-1.000
4.921
-1.000
-1.000
3.713
5.079
-1.000
-1.000
-1.000
4.581
-1.000
-1.000
-1.000
-1.000
-1.000
-1.000
-1.000
4.057
-1.000
-1.000
-1.000
-1.000
-1.000
-1.000
-1.000
-1.000
4.082
-1.000
-1.000
-1.000
-1.000
-1.000
-1.000
4.253
-1.000
5.113
4.859
-1.000
4.664
3.734
3.796
-1.000
3.713
-1.000
-1.000
4.926
-1.000
-1.000
-1.000
-1.000
-1.000
4.136
-1.000
5.209
-1.000
-1.000
-1.000
-1.000
-1.000
4.038
-1.000
-1.000
-1.000
3.728
-1.000
3.341
-1.000
4.989
-1.000
3.873
-1.000
-1.000
-1.000
-1.000
-1.000
-1.000
-1.000
-1.000
-1.000
-1.000
-1.000
-1.000
-1.000
-1.000
-1.000
-1.000
-1.000
-1.000
-1.000
-1.000
-1.000
-1.000
3.276
-1.000
-1.000
3.548
-1.000
-1.000
-1.000
-1.000
-1.000
-1.000
-1.000
-1.000
-1.000
-1.000
-1.000
-1.000
-1.000
-1.000
-1.000
-1.000
-1.000
-1.000
-1.000
-1.000
-1.000
-1.000
-1.000
-1.000
-1.000
-1.000
-1.000
-1.000
-1.000
4.519
-1.000
-1.000
-1.000
-1.000
-1.000
-1.000
-1.000
-1.000
-1.000
-1.000
-1.000
4.492
-1.000
-1.000
4.530
4.234
-1.000
-1.000
-1.000
-1.000
-1.000
2.973
-1.000
-1.000
4.344
-1.000
-1.000
-1.000
3.614
-1.000
-1.000
-1.000
-1.000
-1.000
-1.000
4.295
-1.000
-1.000
-1.000
-1.000
4.384
-1.000
-1.000
-1.000
-1.000
3.021
4.291
-1.000
-1.000
-1.000
4.693
3.744
-1.000
-1.000
4.499
-1.000
3.559
4.492
-1.000
-1.000
-1.000
-1.000
4.477
4.029
-1.000
-1.000
-1.000
3.688
-1.000
4.209
3.857
-1.000
-1.000
4.200
-1.000
-1.000
-1.000
-1.000
-1.000
-1.000
4.508
-1.000
-1.000
-1.000
-1.000
-1.000
-1.000
4.731
-1.000
-1.000
-1.000
-1.000
4.462
-1.000
-1.000
3.842
-1.000
4.093
-1.000
-1.000
-1.000
-1.000
-1.000
4.946
4.508
-1.000
4.849
-1.000
-1.000
4.167
-1.000
-1.000
-1.000
-1.000
-1.000
-1.000
-1.000
-1.000
-1.000
-1.000
-1.000
-1.000
-1.000
-1.000
-1.000
-1.000
-1.000
-1.000
-1.000
-1.000
-1.000
-1.000
-1.000
-1.000
-1.000
-1.000
-1.000
-1.000
-1.000
-1.000
-1.000
-1.000
-1.000
-1.000
-1.000
-1.000
-1.000
-1.000
-1.000
-1.000
-1.000
-1.000
-1.000
-1.000
-1.000
-1.000
-1.000
-1.000
-1.000
-1.000
-1.000
-1.000
-1.000
-1.000
-1.000
-1.000
-1.000
-1.000
-1.000
-1.000
-1.000
-1.000
-1.000
-1.000
-1.000
-1.000
-1.000
-1.000
-1.000
-1.000
-1.000
-1.000
-1.000
-1.000
-1.000
-1.000
-1.000
-1.000
-1.000
-1.000
-1.000
-1.000
-1.000
-1.000
-1.000
-1.000
-1.000
-1.000
-1.000
-1.000
-1.000
-1.000
-1.000
-1.000
-1.000
-1.000
-1.000
-1.000
-1.000
-1.000
-1.000
-1.000
-1.000
-1.000
-1.000
-1.000
-1.000
-1.000
-1.000
-1.000
-1.000
-1.000
-1.000
-1.000
-1.000
-1.000
-1.000
-1.000
-1.000
-1.000
-1.000
-1.000
-1.000
-1.000
-1.000
-1.000
-1.000
-1.000
-1.000
-1.000
-1.000
-1.000
-1.000
-1.000
-1.000
-1.000
-1.000
-1.000
-1.000
-1.000
-1.000
-1.000
-1.000
-1.000
-1.000
-1.000
-1.000
-1.000
-1.000
-1.000
-1.000
-1.000
-1.000
-1.000
-1.000
-1.000
-1.000
-1.000
-1.000
-1.000
-1.000
-1.000
-1.000
-1.000
-1.000
-1.000
-1.000
-1.000
-1.000
-1.000
-1.000
-1.000
-1.000
-1.000
-1.000
-1.000
-1.000
-1.000
-1.000
-1.000
-1.000
-1.000
-1.000
-1.000
-1.000
-1.000
-1.000
-1.000
-1.000
-1.000
-1.000
-1.000
-1.000
-1.000
-1.000
-1.000
-1.000
-1.000
-1.000
-1.000
-1.000
-1.000
-1.000
-1.000
-1.000
-1.000
-1.000
-1.000
-1.000
-1.000
-1.000
-1.000
-1.000
-1.000
-1.000
-1.000
-1.000
-1.000
-1.000
-1.000
-1.000
-1.000
-1.000
-1.000
3.314
-1.000
-1.000
4.689
-1.000
-1.000
3.665
-1.000
-1.000
-1.000
-1.000
4.095
3.921
-1.000
-1.000
4.441
-1.000
-1.000
-1.000
3.603
-1.000
-1.000
-1.000
-1.000
-1.000
-1.000
-1.000
-1.000
-1.000
-1.000
-1.000
-1.000
-1.000
-1.000
-1.000
-1.000
-1.000
-1.000
-1.000
-1.000
-1.000
-1.000
-1.000
-1.000
-1.000
-1.000
-1.000
-1.000
-1.000
-1.000
-1.000
-1.000
-1.000
-1.000
-1.000
-1.000
-1.000
-1.000
-1.000
-1.000
-1.000
-1.000
-1.000
-1.000
-1.000
-1.000
-1.000
-1.000
-1.000
-1.000
-1.000
-1.000
-1.000
-1.000
-1.000
-1.000
-1.000
-1.000
-1.000
-1.000
-1.000
-1.000
-1.000
-1.000
-1.000
-1.000
-1.000
-1.000
-1.000
-1.000
-1.000
-1.000
-1.000
-1.000
-1.000
-1.000
-1.000
-1.000
-1.000
-1.000
-1.000
-1.000
-1.000
-1.000
-1.000
-1.000
-1.000
-1.000
-1.000
-1.000
-1.000
-1.000
-1.000
-1.000
-1.000
-1.000
-1.000
-1.000
-1.000
-1.000
-1.000
-1.000
-1.000
-1.000
-1.000
-1.000
-1.000
-1.000
-1.000
-1.000
-1.000
-1.000
-1.000
-1.000
-1.000
-1.000
-1.000
-1.000
-1.000
-1.000
-1.000
-1.000
-1.000
-1.000
-1.000
-1.000
-1.000
-1.000
-1.000
-1.000
-1.000
-1.000
-1.000
-1.000
-1.000
-1.000
-1.000
-1.000
4.422
-1.000
-1.000
-1.000
3.607
-1.000
3.875
-1.000
-1.000
3.895
-1.000
-1.000
-1.000
4.017
-1.000
-1.000
4.518
-1.000
-1.000
-1.000
-1.000
-1.000
-1.000
-1.000
4.102
-1.000
-1.000
3.696
-1.000
-1.000
4.137
2.884
3.804
4.614
2.596
3.841
4.011
3.616
-1.000
3.135
4.570
3.637
-1.000
-1.000
-1.000
4.077
4.421
4.124
4.210
4.703
3.613
2.452
3.847
3.493
-1.000
-1.000
4.360
3.452
-1.000
4.486
-1.000
4.293
3.426
-1.000
-1.000
-1.000
-1.000
-1.000
-1.000
-1.000
-1.000
-1.000
-1.000
-1.000
-1.000
-1.000
-1.000
-1.000
-1.000
-1.000
-1.000
-1.000
-1.000
-1.000
-1.000
-1.000
-1.000
-1.000
-1.000
-1.000
-1.000
-1.000
-1.000
-1.000
-1.000
-1.000
-1.000
-1.000
-1.000
-1.000
-1.000
-1.000
-1.000
-1.000
-1.000
-1.000
-1.000
-1.000
-1.000
-1.000
-1.000
-1.000
-1.000
-1.000
-1.000
-1.000
-1.000
-1.000
-1.000
-1.000
-1.000
-1.000
-1.000
-1.000
-1.000
-1.000
-1.000
-1.000
-1.000
-1.000
-1.000
-1.000
-1.000
-1.000
-1.000
-1.000
-1.000
-1.000
-1.000
-1.000
-1.000
-1.000
-1.000
-1.000
-1.000
-1.000
-1.000
-1.000
-1.000
-1.000
-1.000
-1.000
-1.000
-1.000
-1.000
-1.000
4.247
-1.000
-1.000
-1.000
-1.000
-1.000
-1.000
-1.000
-1.000
-1.000
-1.000
-1.000
4.155
3.344
-1.000
-1.000
-1.000
-1.000
-1.000
-1.000
-1.000
-1.000
-1.000
-1.000
-1.000
-1.000
-1.000
-1.000
-1.000
-1.000
-1.000
-1.000
-1.000
-1.000
-1.000
-1.000
-1.000
-1.000
-1.000
-1.000
-1.000
4.251
-1.000
-1.000
-1.000
-1.000
3.603
-1.000
-1.000
-1.000
-1.000
-1.000
-1.000
-1.000
-1.000
-1.000
-1.000
-1.000
-1.000
-1.000
-1.000
-1.000
-1.000
-1.000
-1.000
4.650
-1.000
-1.000
4.284
-1.000
-1.000
-1.000
-1.000
-1.000
-1.000
-1.000
5.035
-1.000
-1.000
-1.000
-1.000
-1.000
4.418
-1.000
-1.000
-1.000
-1.000
-1.000
-1.000
-1.000
-1.000
-1.000
-1.000
-1.000
-1.000
-1.000
-1.000
-1.000
-1.000
-1.000
-1.000
-1.000
4.457
-1.000
-1.000
-1.000
-1.000
-1.000
-1.000
-1.000
-1.000
-1.000
-1.000
-1.000
-1.000
-1.000
-1.000
-1.000
-1.000
4.265
-1.000
-1.000
-1.000
-1.000
-1.000
-1.000
3.531
3.887
-1.000
-1.000
-1.000
-1.000
-1.000
4.811
-1.000
-1.000
-1.000
-1.000
-1.000
-1.000
-1.000
-1.000
-1.000
-1.000
-1.000
-1.000
-1.000
3.712
3.939
-1.000
-1.000
-1.000
-1.000
-1.000
-1.000
-1.000
-1.000
-1.000
4.393
-1.000
-1.000
-1.000
-1.000
-1.000
-1.000
-1.000
4.648
-1.000
-1.000
-1.000
-1.000
-1.000
-1.000
-1.000
-1.000
-1.000
-1.000
-1.000
-1.000
-1.000
5.142
4.000
-1.000
-1.000
5.078
3.986
-1.000
-1.000
-1.000
4.557
-1.000
-1.000
-1.000
-1.000
-1.000
-1.000
-1.000
4.176
-1.000
-1.000
-1.000
-1.000
-1.000
-1.000
-1.000
-1.000
3.973
-1.000
-1.000
-1.000
-1.000
-1.000
-1.000
-1.000
-1.000
4.536
-1.000
-1.000
-1.000
-1.000
-1.000
-1.000
-1.000
-1.000
4.783
4.323
-1.000
-1.000
-1.000
-1.000
-1.000
-1.000
-1.000
-1.000
-1.000
-1.000
-1.000
-1.000
-1.000
-1.000
-1.000
-1.000
-1.000
-1.000
-1.000
-1.000
-1.000
-1.000
-1.000
-1.000
-1.000
-1.000
-1.000
-1.000
-1.000
-1.000
-1.000
-1.000
-1.000
-1.000
-1.000
-1.000
-1.000
-1.000
-1.000
-1.000
-1.000
-1.000
-1.000
-1.000
-1.000
-1.000
-1.000
-1.000
-1.000
-1.000
-1.000
-1.000
-1.000
-1.000
-1.000
-1.000
-1.000
-1.000
-1.000
-1.000
-1.000
4.471
-1.000
-1.000
-1.000
-1.000
-1.000
-1.000
-1.000
-1.000
-1.000
-1.000
-1.000
-1.000
-1.000
-1.000
-1.000
-1.000
-1.000
-1.000
-1.000
-1.000
-1.000
-1.000
-1.000
-1.000
-1.000
-1.000
-1.000
-1.000
-1.000
-1.000
-1.000
-1.000
-1.000
-1.000
-1.000
-1.000
-1.000
-1.000
-1.000
-1.000
-1.000
-1.000
-1.000
-1.000
-1.000
-1.000
-1.000
-1.000
-1.000
-1.000
-1.000
-1.000
-1.000
-1.000
4.626
-1.000
-1.000
-1.000
-1.000
-1.000
-1.000
-1.000
-1.000
-1.000
-1.000
-1.000
-1.000
-1.000
-1.000
-1.000
-1.000
-1.000
-1.000
-1.000
-1.000
-1.000
-1.000
-1.000
-1.000
-1.000
-1.000
-1.000
-1.000
-1.000
-1.000
-1.000
-1.000
-1.000
-1.000
-1.000
-1.000
-1.000
-1.000
-1.000
-1.000
-1.000
-1.000
-1.000
-1.000
-1.000
-1.000
-1.000
-1.000
-1.000
-1.000
-1.000
-1.000
-1.000
-1.000
4.493
2.502
-1.000
-1.000
-1.000
-1.000
-1.000
-1.000
-1.000
-1.000
4.023
-1.000
-1.000
3.794
-1.000
-1.000
-1.000
4.217
3.824
-1.000
-1.000
4.301
-1.000
-1.000
4.290
3.200
-1.000
-1.000
-1.000
-1.000
4.591
-1.000
-1.000
-1.000
4.047
4.393
-1.000
-1.000
4.211
-1.000
3.640
4.281
-1.000
-1.000
-1.000
-1.000
4.020
-1.000
-1.000
-1.000
-1.000
-1.000
-1.000
-1.000
-1.000
-1.000
-1.000
-1.000
4.390
-1.000
-1.000
4.103
-1.000
-1.000
-1.000
-1.000
-1.000
-1.000
-1.000
4.419
-1.000
-1.000
3.929
-1.000
-1.000
-1.000
-1.000
-1.000
-1.000
4.495
-1.000
-1.000
-1.000
-1.000
-1.000
3.975
3.634
-1.000
-1.000
-1.000
-1.000
-1.000
-1.000
-1.000
-1.000
-1.000
-1.000
-1.000
-1.000
-1.000
-1.000
-1.000
-1.000
-1.000
-1.000
-1.000
-1.000
-1.000
-1.000
-1.000
-1.000
-1.000
-1.000
-1.000
-1.000
-1.000
-1.000
-1.000
-1.000
-1.000
-1.000
-1.000
-1.000
-1.000
-1.000
-1.000
-1.000
-1.000
-1.000
-1.000
-1.000
-1.000
-1.000
-1.000
-1.000
-1.000
-1.000
-1.000
-1.000
-1.000
-1.000
-1.000
-1.000
-1.000
-1.000
-1.000
-1.000
-1.000
-1.000
-1.000
-1.000
-1.000
-1.000
-1.000
-1.000
-1.000
-1.000
-1.000
-1.000
-1.000
-1.000
-1.000
-1.000
-1.000
-1.000
-1.000
-1.000
3.955
-1.000
-1.000
-1.000
-1.000
-1.000
-1.000
-1.000
-1.000
4.257
-1.000
-1.000
-1.000
-1.000
4.132
-1.000
-1.000
-1.000
-1.000
-1.000
-1.000
-1.000
-1.000
4.206
-1.000
-1.000
-1.000
-1.000
-1.000
-1.000
-1.000
-1.000
-1.000
-1.000
3.109
-1.000
-1.000
-1.000
-1.000
-1.000
-1.000
-1.000
-1.000
-1.000
-1.000
-1.000
-1.000
-1.000
-1.000
-1.000
-1.000
-1.000
-1.000
-1.000
-1.000
3.877
-1.000
-1.000
-1.000
4.874
-1.000
4.593
-1.000
-1.000
-1.000
4.282
-1.000
-1.000
4.197
-1.000
-1.000
-1.000
-1.000
-1.000
-1.000
-1.000
-1.000
-1.000
-1.000
4.649
-1.000
-1.000
-1.000
-1.000
-1.000
3.961
5.055
-1.000
-1.000
-1.000
-1.000
-1.000
-1.000
-1.000
-1.000
-1.000
-1.000
-1.000
-1.000
-1.000
-1.000
-1.000
-1.000
4.229
-1.000
-1.000
-1.000
-1.000
-1.000
4.696
-1.000
4.467
-1.000
-1.000
-1.000
-1.000
-1.000
-1.000
3.561
-1.000
-1.000
-1.000
-1.000
-1.000
4.401
-1.000
-1.000
-1.000
-1.000
-1.000
4.345
-1.000
-1.000
-1.000
-1.000
-1.000
-1.000
-1.000
-1.000
-1.000
-1.000
-1.000
-1.000
4.802
-1.000
-1.000
-1.000
-1.000
-1.000
-1.000
-1.000
-1.000
-1.000
-1.000
4.556
-1.000
-1.000
-1.000
-1.000
-1.000
-1.000
-1.000
-1.000
-1.000
-1.000
5.065
4.686
-1.000
-1.000
-1.000
-1.000
-1.000
-1.000
-1.000
-1.000
-1.000
-1.000
-1.000
-1.000
-1.000
-1.000
-1.000
-1.000
-1.000
-1.000
-1.000
-1.000
-1.000
-1.000
-1.000
-1.000
-1.000
-1.000
-1.000
-1.000
-1.000
4.956
-1.000
-1.000
-1.000
-1.000
-1.000
-1.000
-1.000
-1.000
3.241
-1.000
2.962
-1.000
4.377
-1.000
-1.000
3.802
5.270
3.614
-1.000
4.569
-1.000
-1.000
3.692
-1.000
3.412
-1.000
-1.000
4.473
-1.000
-1.000
4.877
2.889
3.170
-1.000
-1.000
4.562
-1.000
-1.000
5.201
3.637
-1.000
4.960
-1.000
-1.000
-1.000
4.740
2.953
-1.000
3.697
3.717
-1.000
-1.000
3.484
4.744
-1.000
-1.000
-1.000
-1.000
-1.000
-1.000
-1.000
-1.000
-1.000
-1.000
-1.000
-1.000
-1.000
-1.000
-1.000
-1.000
-1.000
-1.000
-1.000
-1.000
-1.000
-1.000
-1.000
-1.000
-1.000
-1.000
-1.000
-1.000
-1.000
-1.000
-1.000
-1.000
-1.000
-1.000
-1.000
-1.000
-1.000
-1.000
-1.000
-1.000
-1.000
-1.000
-1.000
-1.000
-1.000
-1.000
-1.000
-1.000
-1.000
-1.000
-1.000
-1.000
-1.000
-1.000
-1.000
-1.000
-1.000
-1.000
-1.000
-1.000
-1.000
-1.000
-1.000
-1.000
-1.000
-1.000
-1.000
-1.000
-1.000
-1.000
-1.000
-1.000
-1.000
-1.000
-1.000
-1.000
-1.000
-1.000
-1.000
-1.000
-1.000
-1.000
-1.000
-1.000
-1.000
-1.000
-1.000
-1.000
-1.000
-1.000
-1.000
-1.000
-1.000
-1.000
-1.000
-1.000
-1.000
-1.000
-1.000
-1.000
-1.000
-1.000
-1.000
-1.000
-1.000
-1.000
-1.000
-1.000
-1.000
-1.000
-1.000
-1.000
-1.000
-1.000
-1.000
-1.000
-1.000
-1.000
-1.000
-1.000
-1.000
-1.000
-1.000
-1.000
-1.000
-1.000
-1.000
-1.000
-1.000
-1.000
-1.000
-1.000
3.129
-1.000
-1.000
-1.000
3.959
-1.000
-1.000
-1.000
-1.000
3.895
3.927
-1.000
-1.000
3.550
-1.000
-1.000
-1.000
-1.000
-1.000
-1.000
-1.000
-1.000
-1.000
-1.000
-1.000
-1.000
-1.000
-1.000
-1.000
-1.000
-1.000
-1.000
-1.000
-1.000
-1.000
-1.000
-1.000
-1.000
-1.000
-1.000
-1.000
-1.000
-1.000
-1.000
4.058
-1.000
-1.000
-1.000
-1.000
-1.000
-1.000
-1.000
-1.000
-1.000
-1.000
-1.000
-1.000
-1.000
-1.000
-1.000
-1.000
-1.000
-1.000
4.556
-1.000
-1.000
-1.000
-1.000
-1.000
-1.000
-1.000
-1.000
-1.000
-1.000
-1.000
-1.000
-1.000
-1.000
-1.000
3.835
-1.000
-1.000
-1.000
-1.000
-1.000
-1.000
-1.000
-1.000
-1.000
-1.000
-1.000
-1.000
-1.000
-1.000
-1.000
-1.000
-1.000
-1.000
-1.000
-1.000
-1.000
-1.000
-1.000
-1.000
-1.000
-1.000
-1.000
-1.000
-1.000
-1.000
-1.000
-1.000
-1.000
-1.000
-1.000
-1.000
-1.000
-1.000
-1.000
