-1.000
-1.000
-1.000
-1.000
-1.000
-1.000
-1.000
-1.000
-1.000
-1.000
-1.000
-1.000
-1.000
-1.000
-1.000
-1.000
-1.000
-1.000
-1.000
-1.000
-1.000
-1.000
-1.000
-1.000
-1.000
-1.000
-1.000
-1.000
-1.000
-1.000
-1.000
-1.000
-1.000
-1.000
-1.000
-1.000
-1.000
-1.000
-1.000
-1.000
-1.000
-1.000
-1.000
-1.000
-1.000
-1.000
-1.000
-1.000
-1.000
-1.000
-1.000
-1.000
-1.000
-1.000
-1.000
-1.000
-1.000
-1.000
-1.000
-1.000
-1.000
-1.000
-1.000
-1.000
-1.000
-1.000
-1.000
-1.000
-1.000
-1.000
-1.000
-1.000
-1.000
-1.000
-1.000
-1.000
-1.000
-1.000
-1.000
-1.000
4.556
-1.000
-1.000
-1.000
-1.000
-1.000
-1.000
-1.000
-1.000
-1.000
-1.000
-1.000
-1.000
-1.000
-1.000
-1.000
-1.000
-1.000
-1.000
-1.000
-1.000
-1.000
-1.000
-1.000
-1.000
-1.000
-1.000
-1.000
-1.000
-1.000
-1.000
-1.000
-1.000
-1.000
-1.000
-1.000
-1.000
-1.000
4.383
-1.000
-1.000
-1.000
-1.000
-1.000
-1.000
4.659
-1.000
-1.000
-1.000
-1.000
-1.000
-1.000
-1.000
-1.000
-1.000
-1.000
-1.000
-1.000
4.763
-1.000
-1.000
-1.000
-1.000
-1.000
-1.000
-1.000
-1.000
-1.000
-1.000
-1.000
-1.000
-1.000
-1.000
-1.000
-1.000
-1.000
-1.000
-1.000
-1.000
-1.000
-1.000
4.586
-1.000
-1.000
-1.000
-1.000
-1.000
-1.000
-1.000
-1.000
-1.000
-1.000
5.038
-1.000
-1.000
-1.000
-1.000
-1.000
3.596
-1.000
-1.000
-1.000
-1.000
-1.000
-1.000
-1.000
-1.000
-1.000
-1.000
-1.000
-1.000
-1.000
4.317
-1.000
-1.000
-1.000
-1.000
-1.000
-1.000
-1.000
-1.000
5.478
3.602
-1.000
-1.000
4.663
4.912
5.019
-1.000
-1.000
-1.000
3.993
4.025
3.104
4.524
-1.000
-1.000
5.439
-1.000
-1.000
-1.000
-1.000
4.212
-1.000
-1.000
-1.000
-1.000
-1.000
-1.000
-1.000
-1.000
-1.000
-1.000
-1.000
-1.000
4.375
-1.000
-1.000
-1.000
-1.000
-1.000
-1.000
-1.000
-1.000
-1.000
-1.000
-1.000
3.798
5.140
-1.000
-1.000
-1.000
-1.000
-1.000
-1.000
-1.000
-1.000
-1.000
-1.000
-1.000
-1.000
-1.000
4.488
4.752
4.116
-1.000
5.250
-1.000
4.418
5.109
-1.000
4.695
-1.000
-1.000
-1.000
-1.000
-1.000
-1.000
-1.000
-1.000
-1.000
-1.000
-1.000
-1.000
-1.000
-1.000
-1.000
-1.000
-1.000
4.205
-1.000
-1.000
-1.000
-1.000
-1.000
-1.000
-1.000
-1.000
-1.000
-1.000
-1.000
-1.000
-1.000
4.122
5.631
-1.000
-1.000
-1.000
-1.000
-1.000
-1.000
-1.000
-1.000
-1.000
-1.000
-1.000
-1.000
4.107
-1.000
-1.000
-1.000
-1.000
-1.000
-1.000
-1.000
-1.000
-1.000
-1.000
-1.000
-1.000
4.403
-1.000
-1.000
-1.000
-1.000
-1.000
-1.000
-1.000
-1.000
3.948
4.286
-1.000
-1.000
-1.000
-1.000
3.659
-1.000
-1.000
-1.000
4.631
-1.000
4.456
4.515
-1.000
-1.000
-1.000
-1.000
-1.000
-1.000
-1.000
-1.000
-1.000
-1.000
-1.000
-1.000
-1.000
-1.000
-1.000
5.054
-1.000
-1.000
4.163
-1.000
4.140
-1.000
-1.000
-1.000
-1.000
-1.000
-1.000
-1.000
-1.000
-1.000
-1.000
-1.000
-1.000
-1.000
-1.000
-1.000
-1.000
-1.000
4.175
-1.000
-1.000
-1.000
-1.000
-1.000
-1.000
-1.000
-1.000
-1.000
4.720
-1.000
-1.000
-1.000
-1.000
-1.000
3.536
3.676
-1.000
-1.000
-1.000
-1.000
-1.000
-1.000
-1.000
-1.000
-1.000
-1.000
5.064
-1.000
-1.000
-1.000
4.377
-1.000
-1.000
3.907
-1.000
-1.000
-1.000
4.025
-1.000
5.099
5.495
-1.000
-1.000
-1.000
-1.000
-1.000
-1.000
-1.000
-1.000
-1.000
-1.000
-1.000
-1.000
-1.000
-1.000
-1.000
-1.000
-1.000
-1.000
-1.000
-1.000
-1.000
-1.000
-1.000
-1.000
-1.000
-1.000
-1.000
-1.000
-1.000
-1.000
-1.000
-1.000
-1.000
4.765
-1.000
-1.000
-1.000
-1.000
4.624
-1.000
-1.000
-1.000
-1.000
-1.000
-1.000
-1.000
-1.000
-1.000
-1.000
-1.000
-1.000
-1.000
-1.000
-1.000
-1.000
-1.000
-1.000
-1.000
-1.000
-1.000
-1.000
-1.000
-1.000
-1.000
-1.000
-1.000
-1.000
5.017
-1.000
-1.000
-1.000
-1.000
-1.000
-1.000
-1.000
-1.000
-1.000
-1.000
4.404
-1.000
-1.000
-1.000
-1.000
4.443
4.447
-1.000
-1.000
-1.000
-1.000
-1.000
-1.000
-1.000
-1.000
-1.000
-1.000
-1.000
-1.000
-1.000
-1.000
-1.000
-1.000
-1.000
-1.000
-1.000
-1.000
-1.000
-1.000
-1.000
-1.000
-1.000
-1.000
-1.000
-1.000
-1.000
-1.000
-1.000
-1.000
-1.000
-1.000
-1.000
-1.000
-1.000
-1.000
-1.000
-1.000
-1.000
-1.000
-1.000
-1.000
-1.000
-1.000
-1.000
-1.000
-1.000
-1.000
-1.000
-1.000
-1.000
-1.000
-1.000
-1.000
-1.000
-1.000
-1.000
-1.000
-1.000
-1.000
-1.000
-1.000
-1.000
-1.000
-1.000
-1.000
-1.000
-1.000
-1.000
-1.000
-1.000
-1.000
-1.000
-1.000
-1.000
-1.000
-1.000
-1.000
-1.000
-1.000
-1.000
-1.000
-1.000
-1.000
-1.000
-1.000
-1.000
-1.000
-1.000
-1.000
-1.000
-1.000
-1.000
-1.000
-1.000
-1.000
3.564
-1.000
-1.000
-1.000
4.736
-1.000
-1.000
-1.000
-1.000
-1.000
-1.000
-1.000
-1.000
-1.000
-1.000
-1.000
-1.000
3.168
-1.000
-1.000
-1.000
-1.000
-1.000
-1.000
-1.000
-1.000
-1.000
-1.000
-1.000
-1.000
-1.000
-1.000
-1.000
-1.000
-1.000
-1.000
-1.000
-1.000
-1.000
-1.000
-1.000
-1.000
5.242
-1.000
-1.000
-1.000
-1.000
-1.000
-1.000
-1.000
-1.000
-1.000
-1.000
-1.000
-1.000
-1.000
-1.000
-1.000
-1.000
-1.000
-1.000
-1.000
-1.000
-1.000
-1.000
-1.000
-1.000
-1.000
-1.000
5.689
-1.000
4.364
-1.000
-1.000
-1.000
-1.000
-1.000
-1.000
-1.000
-1.000
-1.000
-1.000
-1.000
-1.000
-1.000
-1.000
-1.000
-1.000
-1.000
-1.000
-1.000
-1.000
-1.000
-1.000
-1.000
-1.000
-1.000
-1.000
-1.000
-1.000
-1.000
-1.000
-1.000
-1.000
-1.000
-1.000
-1.000
-1.000
-1.000
-1.000
-1.000
-1.000
-1.000
-1.000
-1.000
-1.000
-1.000
-1.000
-1.000
-1.000
-1.000
-1.000
-1.000
-1.000
-1.000
-1.000
-1.000
-1.000
-1.000
-1.000
-1.000
-1.000
-1.000
-1.000
-1.000
-1.000
-1.000
-1.000
-1.000
-1.000
-1.000
-1.000
-1.000
-1.000
-1.000
-1.000
-1.000
-1.000
-1.000
-1.000
-1.000
-1.000
-1.000
-1.000
-1.000
-1.000
-1.000
-1.000
-1.000
-1.000
-1.000
-1.000
-1.000
-1.000
-1.000
-1.000
-1.000
-1.000
-1.000
-1.000
-1.000
-1.000
-1.000
-1.000
-1.000
-1.000
-1.000
-1.000
-1.000
-1.000
-1.000
-1.000
-1.000
-1.000
-1.000
-1.000
-1.000
-1.000
-1.000
-1.000
-1.000
-1.000
-1.000
-1.000
-1.000
-1.000
-1.000
-1.000
-1.000
-1.000
-1.000
-1.000
-1.000
-1.000
-1.000
-1.000
-1.000
-1.000
-1.000
-1.000
-1.000
-1.000
-1.000
-1.000
-1.000
-1.000
-1.000
-1.000
-1.000
-1.000
-1.000
-1.000
-1.000
-1.000
-1.000
-1.000
-1.000
-1.000
-1.000
-1.000
-1.000
-1.000
-1.000
-1.000
-1.000
-1.000
-1.000
-1.000
-1.000
-1.000
-1.000
-1.000
-1.000
-1.000
-1.000
-1.000
-1.000
-1.000
-1.000
-1.000
-1.000
-1.000
-1.000
-1.000
-1.000
-1.000
-1.000
-1.000
-1.000
-1.000
-1.000
-1.000
-1.000
-1.000
-1.000
-1.000
-1.000
-1.000
-1.000
-1.000
-1.000
-1.000
-1.000
-1.000
-1.000
-1.000
-1.000
-1.000
-1.000
-1.000
-1.000
-1.000
-1.000
-1.000
-1.000
-1.000
-1.000
-1.000
-1.000
-1.000
-1.000
-1.000
-1.000
-1.000
-1.000
-1.000
-1.000
-1.000
-1.000
-1.000
-1.000
-1.000
-1.000
-1.000
-1.000
-1.000
-1.000
-1.000
-1.000
-1.000
-1.000
-1.000
-1.000
-1.000
-1.000
-1.000
-1.000
-1.000
-1.000
-1.000
-1.000
-1.000
-1.000
-1.000
-1.000
-1.000
-1.000
-1.000
-1.000
-1.000
-1.000
-1.000
-1.000
-1.000
-1.000
-1.000
-1.000
-1.000
-1.000
-1.000
-1.000
-1.000
-1.000
-1.000
-1.000
-1.000
-1.000
-1.000
-1.000
-1.000
-1.000
-1.000
-1.000
-1.000
-1.000
-1.000
-1.000
-1.000
-1.000
-1.000
-1.000
-1.000
-1.000
-1.000
-1.000
-1.000
-1.000
-1.000
-1.000
-1.000
-1.000
-1.000
-1.000
-1.000
-1.000
-1.000
-1.000
-1.000
-1.000
-1.000
-1.000
-1.000
-1.000
-1.000
-1.000
-1.000
-1.000
-1.000
-1.000
-1.000
-1.000
-1.000
-1.000
-1.000
-1.000
-1.000
-1.000
-1.000
-1.000
-1.000
-1.000
-1.000
-1.000
-1.000
-1.000
-1.000
-1.000
-1.000
-1.000
-1.000
-1.000
-1.000
-1.000
-1.000
-1.000
-1.000
-1.000
-1.000
-1.000
-1.000
-1.000
-1.000
-1.000
-1.000
-1.000
-1.000
3.589
-1.000
-1.000
-1.000
-1.000
-1.000
-1.000
-1.000
-1.000
-1.000
-1.000
-1.000
-1.000
-1.000
-1.000
-1.000
-1.000
-1.000
-1.000
-1.000
-1.000
-1.000
-1.000
-1.000
-1.000
-1.000
-1.000
-1.000
-1.000
-1.000
-1.000
-1.000
-1.000
-1.000
-1.000
-1.000
-1.000
-1.000
-1.000
-1.000
-1.000
-1.000
-1.000
-1.000
-1.000
-1.000
-1.000
-1.000
-1.000
-1.000
-1.000
-1.000
-1.000
-1.000
-1.000
-1.000
-1.000
-1.000
-1.000
-1.000
-1.000
-1.000
-1.000
-1.000
-1.000
-1.000
-1.000
-1.000
-1.000
-1.000
-1.000
-1.000
-1.000
-1.000
-1.000
-1.000
-1.000
-1.000
-1.000
-1.000
-1.000
-1.000
-1.000
-1.000
-1.000
-1.000
-1.000
-1.000
-1.000
-1.000
-1.000
-1.000
-1.000
-1.000
-1.000
-1.000
-1.000
-1.000
-1.000
-1.000
-1.000
-1.000
-1.000
-1.000
-1.000
-1.000
-1.000
-1.000
-1.000
-1.000
-1.000
-1.000
-1.000
-1.000
-1.000
-1.000
-1.000
-1.000
-1.000
-1.000
-1.000
4.444
-1.000
-1.000
-1.000
-1.000
-1.000
-1.000
-1.000
-1.000
-1.000
-1.000
-1.000
-1.000
-1.000
3.922
-1.000
-1.000
-1.000
-1.000
-1.000
-1.000
-1.000
-1.000
-1.000
-1.000
-1.000
-1.000
-1.000
4.779
-1.000
-1.000
4.319
5.107
-1.000
-1.000
-1.000
-1.000
-1.000
-1.000
-1.000
-1.000
4.524
-1.000
-1.000
4.829
-1.000
-1.000
-1.000
4.923
-1.000
-1.000
-1.000
-1.000
-1.000
-1.000
-1.000
-1.000
4.554
-1.000
-1.000
-1.000
-1.000
-1.000
-1.000
-1.000
-1.000
-1.000
-1.000
-1.000
-1.000
-1.000
3.849
-1.000
-1.000
-1.000
-1.000
-1.000
-1.000
-1.000
-1.000
-1.000
-1.000
-1.000
-1.000
-1.000
5.117
-1.000
-1.000
-1.000
-1.000
-1.000
-1.000
-1.000
-1.000
3.955
-1.000
-1.000
-1.000
4.224
4.531
-1.000
-1.000
4.828
3.701
-1.000
-1.000
4.532
-1.000
-1.000
-1.000
-1.000
-1.000
-1.000
-1.000
-1.000
-1.000
-1.000
-1.000
-1.000
-1.000
-1.000
-1.000
-1.000
-1.000
-1.000
-1.000
-1.000
-1.000
-1.000
-1.000
-1.000
-1.000
-1.000
-1.000
-1.000
-1.000
-1.000
-1.000
-1.000
-1.000
-1.000
-1.000
-1.000
-1.000
-1.000
-1.000
-1.000
-1.000
-1.000
-1.000
-1.000
-1.000
-1.000
-1.000
-1.000
-1.000
-1.000
-1.000
-1.000
-1.000
-1.000
-1.000
-1.000
-1.000
-1.000
-1.000
-1.000
-1.000
-1.000
-1.000
-1.000
-1.000
-1.000
-1.000
-1.000
-1.000
-1.000
-1.000
-1.000
-1.000
-1.000
-1.000
-1.000
-1.000
-1.000
-1.000
-1.000
-1.000
-1.000
-1.000
-1.000
-1.000
-1.000
-1.000
-1.000
-1.000
-1.000
-1.000
-1.000
-1.000
-1.000
-1.000
-1.000
-1.000
-1.000
-1.000
-1.000
-1.000
-1.000
-1.000
-1.000
-1.000
-1.000
-1.000
-1.000
-1.000
-1.000
-1.000
-1.000
-1.000
-1.000
-1.000
-1.000
-1.000
-1.000
-1.000
-1.000
-1.000
-1.000
-1.000
-1.000
-1.000
-1.000
-1.000
-1.000
-1.000
-1.000
-1.000
-1.000
-1.000
-1.000
-1.000
-1.000
-1.000
-1.000
-1.000
-1.000
-1.000
-1.000
-1.000
-1.000
-1.000
-1.000
-1.000
-1.000
-1.000
-1.000
-1.000
-1.000
-1.000
-1.000
-1.000
-1.000
-1.000
-1.000
-1.000
-1.000
-1.000
-1.000
-1.000
-1.000
-1.000
-1.000
-1.000
-1.000
-1.000
-1.000
-1.000
-1.000
-1.000
-1.000
-1.000
-1.000
-1.000
-1.000
-1.000
-1.000
-1.000
-1.000
-1.000
-1.000
-1.000
-1.000
-1.000
-1.000
-1.000
-1.000
-1.000
-1.000
-1.000
-1.000
-1.000
-1.000
-1.000
-1.000
-1.000
-1.000
-1.000
-1.000
-1.000
-1.000
-1.000
-1.000
-1.000
-1.000
-1.000
-1.000
-1.000
-1.000
-1.000
-1.000
-1.000
-1.000
-1.000
-1.000
-1.000
-1.000
-1.000
-1.000
-1.000
-1.000
-1.000
-1.000
-1.000
-1.000
-1.000
-1.000
-1.000
5.449
-1.000
-1.000
4.220
-1.000
-1.000
-1.000
-1.000
-1.000
-1.000
-1.000
-1.000
-1.000
-1.000
-1.000
-1.000
-1.000
-1.000
-1.000
-1.000
-1.000
4.545
-1.000
-1.000
-1.000
-1.000
-1.000
-1.000
-1.000
-1.000
-1.000
-1.000
-1.000
-1.000
-1.000
3.753
-1.000
-1.000
-1.000
-1.000
-1.000
-1.000
-1.000
-1.000
4.579
-1.000
3.422
-1.000
-1.000
-1.000
-1.000
-1.000
-1.000
-1.000
-1.000
-1.000
-1.000
-1.000
-1.000
5.231
-1.000
-1.000
-1.000
4.626
-1.000
3.767
-1.000
-1.000
-1.000
-1.000
-1.000
5.415
5.625
-1.000
-1.000
-1.000
-1.000
4.308
-1.000
-1.000
-1.000
-1.000
4.513
3.849
-1.000
-1.000
4.031
-1.000
-1.000
-1.000
5.533
4.542
4.685
-1.000
-1.000
-1.000
4.032
-1.000
4.437
-1.000
-1.000
-1.000
5.483
-1.000
-1.000
-1.000
-1.000
-1.000
-1.000
-1.000
-1.000
-1.000
-1.000
-1.000
-1.000
-1.000
-1.000
-1.000
-1.000
-1.000
-1.000
-1.000
5.555
-1.000
-1.000
-1.000
4.739
5.292
4.343
-1.000
3.007
-1.000
-1.000
-1.000
4.269
-1.000
3.916
-1.000
-1.000
-1.000
-1.000
-1.000
-1.000
-1.000
-1.000
-1.000
-1.000
-1.000
-1.000
-1.000
3.445
-1.000
-1.000
-1.000
-1.000
-1.000
-1.000
-1.000
-1.000
-1.000
-1.000
-1.000
-1.000
-1.000
-1.000
-1.000
-1.000
-1.000
-1.000
4.500
-1.000
-1.000
-1.000
-1.000
-1.000
-1.000
-1.000
-1.000
-1.000
4.175
-1.000
-1.000
5.725
-1.000
-1.000
4.345
3.574
-1.000
-1.000
-1.000
-1.000
-1.000
4.493
-1.000
-1.000
-1.000
-1.000
-1.000
-1.000
-1.000
4.475
-1.000
-1.000
-1.000
-1.000
-1.000
-1.000
-1.000
-1.000
-1.000
3.940
3.667
-1.000
-1.000
-1.000
-1.000
-1.000
-1.000
-1.000
4.961
4.668
-1.000
-1.000
5.396
3.933
-1.000
-1.000
-1.000
-1.000
-1.000
4.700
-1.000
-1.000
-1.000
3.410
-1.000
-1.000
-1.000
-1.000
-1.000
-1.000
3.756
-1.000
-1.000
-1.000
-1.000
-1.000
-1.000
-1.000
-1.000
4.335
3.991
-1.000
-1.000
-1.000
-1.000
-1.000
-1.000
4.470
-1.000
-1.000
-1.000
-1.000
-1.000
-1.000
3.921
-1.000
4.545
3.714
-1.000
-1.000
-1.000
-1.000
-1.000
-1.000
-1.000
-1.000
-1.000
-1.000
-1.000
-1.000
-1.000
-1.000
-1.000
-1.000
-1.000
-1.000
4.537
-1.000
-1.000
-1.000
-1.000
-1.000
-1.000
-1.000
-1.000
-1.000
4.865
-1.000
3.016
-1.000
4.918
-1.000
-1.000
4.857
-1.000
-1.000
-1.000
-1.000
5.219
-1.000
-1.000
4.601
-1.000
-1.000
-1.000
3.692
5.884
-1.000
-1.000
-1.000
-1.000
-1.000
-1.000
-1.000
-1.000
-1.000
-1.000
-1.000
4.963
5.402
-1.000
-1.000
-1.000
-1.000
4.209
-1.000
3.660
-1.000
-1.000
-1.000
-1.000
-1.000
-1.000
-1.000
-1.000
-1.000
-1.000
-1.000
-1.000
-1.000
-1.000
4.782
-1.000
4.587
-1.000
-1.000
-1.000
-1.000
-1.000
-1.000
5.580
-1.000
-1.000
-1.000
-1.000
-1.000
-1.000
4.769
-1.000
-1.000
-1.000
-1.000
-1.000
-1.000
-1.000
-1.000
-1.000
-1.000
-1.000
-1.000
-1.000
-1.000
4.111
-1.000
-1.000
-1.000
-1.000
-1.000
-1.000
-1.000
-1.000
-1.000
-1.000
-1.000
-1.000
5.020
-1.000
-1.000
-1.000
-1.000
5.039
-1.000
-1.000
-1.000
-1.000
-1.000
-1.000
-1.000
4.783
-1.000
5.443
-1.000
5.188
-1.000
-1.000
-1.000
-1.000
-1.000
-1.000
-1.000
-1.000
4.880
-1.000
4.394
-1.000
-1.000
-1.000
4.552
-1.000
4.783
-1.000
-1.000
-1.000
-1.000
-1.000
-1.000
-1.000
-1.000
-1.000
3.881
-1.000
-1.000
-1.000
-1.000
-1.000
-1.000
-1.000
-1.000
-1.000
4.958
4.456
-1.000
-1.000
-1.000
-1.000
3.291
-1.000
-1.000
5.374
4.057
-1.000
-1.000
-1.000
5.000
-1.000
-1.000
-1.000
-1.000
-1.000
-1.000
-1.000
-1.000
-1.000
5.364
-1.000
-1.000
-1.000
-1.000
-1.000
-1.000
-1.000
-1.000
-1.000
-1.000
-1.000
-1.000
-1.000
-1.000
-1.000
-1.000
4.270
-1.000
-1.000
-1.000
4.412
4.071
5.965
-1.000
-1.000
-1.000
-1.000
-1.000
-1.000
-1.000
-1.000
-1.000
-1.000
-1.000
-1.000
-1.000
4.658
-1.000
-1.000
-1.000
-1.000
-1.000
-1.000
-1.000
-1.000
-1.000
-1.000
-1.000
-1.000
-1.000
-1.000
-1.000
-1.000
-1.000
-1.000
-1.000
4.367
-1.000
-1.000
-1.000
-1.000
-1.000
-1.000
3.846
-1.000
4.909
-1.000
-1.000
4.608
-1.000
-1.000
3.917
-1.000
3.582
-1.000
-1.000
-1.000
-1.000
-1.000
-1.000
-1.000
4.686
4.511
-1.000
-1.000
-1.000
-1.000
3.395
-1.000
1.694
-1.000
-1.000
-1.000
-1.000
-1.000
-1.000
-1.000
-1.000
-1.000
-1.000
-1.000
-1.000
-1.000
-1.000
-1.000
-1.000
-1.000
-1.000
-1.000
-1.000
-1.000
-1.000
-1.000
-1.000
-1.000
-1.000
-1.000
-1.000
-1.000
-1.000
-1.000
-1.000
-1.000
-1.000
-1.000
5.738
4.376
-1.000
-1.000
-1.000
-1.000
4.147
-1.000
-1.000
-1.000
-1.000
4.571
4.081
-1.000
-1.000
-1.000
-1.000
-1.000
-1.000
-1.000
-1.000
-1.000
-1.000
-1.000
-1.000
-1.000
-1.000
-1.000
-1.000
-1.000
-1.000
-1.000
-1.000
-1.000
-1.000
-1.000
-1.000
-1.000
-1.000
-1.000
-1.000
-1.000
-1.000
-1.000
-1.000
-1.000
4.749
-1.000
-1.000
-1.000
-1.000
-1.000
-1.000
-1.000
-1.000
-1.000
-1.000
-1.000
-1.000
4.416
4.148
-1.000
-1.000
-1.000
-1.000
-1.000
-1.000
-1.000
3.939
-1.000
-1.000
4.622
-1.000
-1.000
-1.000
-1.000
-1.000
-1.000
-1.000
-1.000
-1.000
4.259
4.373
4.479
-1.000
-1.000
-1.000
-1.000
-1.000
-1.000
-1.000
-1.000
-1.000
-1.000
-1.000
-1.000
-1.000
4.052
-1.000
-1.000
-1.000
4.645
-1.000
-1.000
-1.000
-1.000
-1.000
-1.000
-1.000
-1.000
-1.000
-1.000
4.915
-1.000
4.188
4.822
-1.000
-1.000
4.658
-1.000
-1.000
-1.000
4.503
-1.000
-1.000
-1.000
-1.000
-1.000
5.209
-1.000
-1.000
5.471
-1.000
-1.000
-1.000
-1.000
-1.000
-1.000
-1.000
-1.000
-1.000
-1.000
-1.000
-1.000
-1.000
-1.000
-1.000
-1.000
-1.000
-1.000
-1.000
-1.000
-1.000
-1.000
-1.000
-1.000
-1.000
-1.000
-1.000
-1.000
-1.000
-1.000
-1.000
-1.000
-1.000
-1.000
4.609
-1.000
-1.000
-1.000
-1.000
-1.000
-1.000
-1.000
-1.000
-1.000
-1.000
-1.000
3.866
-1.000
-1.000
5.945
-1.000
-1.000
-1.000
4.482
-1.000
-1.000
-1.000
-1.000
-1.000
-1.000
-1.000
-1.000
4.849
-1.000
4.693
-1.000
5.545
-1.000
-1.000
-1.000
-1.000
-1.000
-1.000
-1.000
-1.000
-1.000
-1.000
-1.000
-1.000
4.434
-1.000
-1.000
-1.000
-1.000
-1.000
-1.000
-1.000
-1.000
-1.000
-1.000
-1.000
4.223
-1.000
4.783
-1.000
-1.000
-1.000
-1.000
-1.000
-1.000
-1.000
4.075
-1.000
-1.000
-1.000
-1.000
-1.000
-1.000
-1.000
-1.000
-1.000
3.600
-1.000
-1.000
-1.000
-1.000
-1.000
-1.000
-1.000
4.970
3.855
-1.000
-1.000
-1.000
-1.000
-1.000
-1.000
-1.000
-1.000
-1.000
-1.000
-1.000
-1.000
-1.000
-1.000
-1.000
-1.000
-1.000
-1.000
-1.000
-1.000
3.871
-1.000
4.252
-1.000
-1.000
-1.000
-1.000
-1.000
-1.000
-1.000
-1.000
5.132
5.612
-1.000
-1.000
-1.000
-1.000
5.512
-1.000
-1.000
4.688
-1.000
-1.000
-1.000
4.359
-1.000
-1.000
-1.000
-1.000
-1.000
-1.000
3.935
-1.000
-1.000
-1.000
3.671
-1.000
-1.000
-1.000
-1.000
-1.000
-1.000
-1.000
-1.000
-1.000
-1.000
-1.000
-1.000
-1.000
-1.000
3.983
-1.000
-1.000
-1.000
-1.000
4.863
4.818
3.596
-1.000
4.510
-1.000
-1.000
-1.000
-1.000
-1.000
-1.000
-1.000
-1.000
-1.000
-1.000
-1.000
-1.000
-1.000
-1.000
-1.000
-1.000
-1.000
-1.000
-1.000
-1.000
4.360
-1.000
-1.000
-1.000
-1.000
-1.000
-1.000
-1.000
-1.000
-1.000
-1.000
-1.000
-1.000
-1.000
-1.000
-1.000
-1.000
-1.000
-1.000
-1.000
-1.000
-1.000
4.077
-1.000
-1.000
-1.000
-1.000
5.383
6.015
-1.000
-1.000
-1.000
-1.000
-1.000
3.335
-1.000
-1.000
-1.000
-1.000
-1.000
-1.000
4.562
-1.000
-1.000
-1.000
-1.000
-1.000
-1.000
-1.000
-1.000
-1.000
-1.000
-1.000
-1.000
-1.000
-1.000
-1.000
-1.000
-1.000
-1.000
-1.000
-1.000
-1.000
-1.000
-1.000
-1.000
-1.000
-1.000
3.558
-1.000
4.261
-1.000
-1.000
-1.000
-1.000
-1.000
-1.000
4.547
3.042
-1.000
-1.000
4.379
-1.000
5.631
-1.000
-1.000
-1.000
-1.000
4.830
-1.000
-1.000
4.442
-1.000
-1.000
4.462
-1.000
-1.000
-1.000
-1.000
-1.000
5.765
-1.000
-1.000
-1.000
-1.000
-1.000
-1.000
4.596
-1.000
3.093
-1.000
-1.000
-1.000
-1.000
-1.000
-1.000
4.213
-1.000
4.517
-1.000
-1.000
-1.000
-1.000
-1.000
-1.000
-1.000
4.080
-1.000
-1.000
-1.000
3.261
-1.000
-1.000
-1.000
4.888
-1.000
-1.000
-1.000
-1.000
-1.000
-1.000
-1.000
-1.000
-1.000
-1.000
-1.000
-1.000
-1.000
-1.000
4.479
4.593
-1.000
-1.000
-1.000
-1.000
-1.000
4.806
3.728
-1.000
-1.000
-1.000
4.061
-1.000
4.525
-1.000
-1.000
-1.000
-1.000
-1.000
-1.000
-1.000
-1.000
5.712
-1.000
-1.000
-1.000
5.049
-1.000
-1.000
-1.000
-1.000
-1.000
-1.000
-1.000
4.533
-1.000
3.216
-1.000
-1.000
-1.000
-1.000
-1.000
-1.000
-1.000
4.182
-1.000
4.917
-1.000
-1.000
-1.000
-1.000
4.308
-1.000
-1.000
-1.000
-1.000
-1.000
-1.000
-1.000
-1.000
-1.000
-1.000
-1.000
5.353
-1.000
-1.000
-1.000
-1.000
-1.000
-1.000
-1.000
-1.000
-1.000
-1.000
-1.000
4.280
-1.000
-1.000
-1.000
-1.000
-1.000
-1.000
-1.000
3.635
-1.000
-1.000
-1.000
-1.000
-1.000
-1.000
-1.000
-1.000
-1.000
-1.000
-1.000
-1.000
-1.000
-1.000
-1.000
3.314
-1.000
4.279
-1.000
-1.000
-1.000
-1.000
4.938
-1.000
-1.000
-1.000
-1.000
-1.000
-1.000
-1.000
-1.000
-1.000
-1.000
-1.000
-1.000
-1.000
-1.000
-1.000
3.766
-1.000
4.180
-1.000
-1.000
-1.000
-1.000
3.930
4.185
-1.000
-1.000
-1.000
-1.000
-1.000
-1.000
-1.000
-1.000
-1.000
-1.000
-1.000
4.377
-1.000
-1.000
-1.000
-1.000
4.702
-1.000
-1.000
-1.000
-1.000
-1.000
-1.000
-1.000
-1.000
-1.000
-1.000
-1.000
-1.000
-1.000
-1.000
-1.000
-1.000
-1.000
4.423
-1.000
-1.000
4.867
4.826
-1.000
-1.000
-1.000
-1.000
-1.000
-1.000
-1.000
-1.000
4.349
3.925
-1.000
-1.000
-1.000
-1.000
-1.000
-1.000
-1.000
-1.000
-1.000
-1.000
-1.000
-1.000
-1.000
-1.000
-1.000
-1.000
-1.000
-1.000
3.646
-1.000
-1.000
-1.000
-1.000
-1.000
4.248
-1.000
-1.000
-1.000
-1.000
-1.000
-1.000
-1.000
-1.000
-1.000
-1.000
-1.000
-1.000
-1.000
-1.000
-1.000
-1.000
-1.000
-1.000
-1.000
-1.000
4.257
-1.000
-1.000
-1.000
-1.000
-1.000
-1.000
-1.000
-1.000
-1.000
-1.000
4.932
5.102
-1.000
-1.000
-1.000
-1.000
-1.000
-1.000
-1.000
-1.000
-1.000
-1.000
-1.000
-1.000
-1.000
-1.000
-1.000
-1.000
3.647
-1.000
3.859
-1.000
-1.000
-1.000
-1.000
-1.000
-1.000
-1.000
-1.000
-1.000
3.888
-1.000
-1.000
-1.000
-1.000
-1.000
-1.000
-1.000
4.695
-1.000
-1.000
5.059
-1.000
-1.000
4.898
6.075
-1.000
-1.000
-1.000
-1.000
-1.000
-1.000
-1.000
-1.000
-1.000
-1.000
-1.000
-1.000
-1.000
4.640
-1.000
-1.000
-1.000
-1.000
-1.000
-1.000
-1.000
-1.000
-1.000
-1.000
-1.000
-1.000
-1.000
-1.000
3.974
-1.000
-1.000
-1.000
-1.000
-1.000
-1.000
-1.000
-1.000
-1.000
-1.000
-1.000
-1.000
4.532
-1.000
-1.000
-1.000
-1.000
-1.000
-1.000
-1.000
-1.000
-1.000
-1.000
-1.000
-1.000
-1.000
-1.000
-1.000
-1.000
-1.000
-1.000
-1.000
-1.000
-1.000
4.713
5.441
-1.000
-1.000
-1.000
-1.000
4.655
-1.000
-1.000
-1.000
-1.000
-1.000
-1.000
-1.000
-1.000
-1.000
-1.000
-1.000
-1.000
-1.000
-1.000
-1.000
-1.000
-1.000
4.961
-1.000
-1.000
-1.000
-1.000
-1.000
-1.000
-1.000
-1.000
-1.000
-1.000
-1.000
-1.000
-1.000
-1.000
4.758
4.030
-1.000
4.637
-1.000
-1.000
-1.000
-1.000
-1.000
-1.000
-1.000
-1.000
-1.000
-1.000
-1.000
-1.000
-1.000
-1.000
-1.000
-1.000
-1.000
-1.000
-1.000
-1.000
-1.000
-1.000
4.899
-1.000
-1.000
-1.000
-1.000
-1.000
-1.000
-1.000
-1.000
-1.000
-1.000
-1.000
-1.000
-1.000
-1.000
-1.000
-1.000
-1.000
-1.000
-1.000
-1.000
-1.000
-1.000
-1.000
-1.000
-1.000
-1.000
-1.000
-1.000
-1.000
-1.000
-1.000
-1.000
-1.000
-1.000
-1.000
-1.000
-1.000
-1.000
-1.000
-1.000
4.595
-1.000
-1.000
4.580
-1.000
-1.000
-1.000
4.388
3.988
4.292
-1.000
-1.000
-1.000
-1.000
-1.000
-1.000
-1.000
-1.000
-1.000
-1.000
-1.000
-1.000
-1.000
-1.000
-1.000
-1.000
-1.000
-1.000
5.014
-1.000
4.844
4.822
-1.000
-1.000
-1.000
-1.000
-1.000
-1.000
-1.000
-1.000
-1.000
-1.000
-1.000
-1.000
-1.000
5.178
-1.000
-1.000
-1.000
-1.000
-1.000
4.284
-1.000
-1.000
-1.000
-1.000
-1.000
-1.000
-1.000
-1.000
-1.000
-1.000
-1.000
-1.000
-1.000
-1.000
-1.000
-1.000
-1.000
4.989
-1.000
-1.000
-1.000
-1.000
-1.000
-1.000
-1.000
-1.000
-1.000
-1.000
-1.000
-1.000
-1.000
-1.000
-1.000
-1.000
-1.000
-1.000
-1.000
-1.000
-1.000
-1.000
-1.000
-1.000
-1.000
-1.000
-1.000
-1.000
-1.000
-1.000
-1.000
-1.000
-1.000
-1.000
-1.000
-1.000
-1.000
-1.000
-1.000
5.572
-1.000
-1.000
-1.000
-1.000
-1.000
-1.000
-1.000
-1.000
-1.000
-1.000
-1.000
-1.000
-1.000
5.028
-1.000
-1.000
-1.000
-1.000
-1.000
-1.000
4.998
-1.000
-1.000
-1.000
-1.000
5.989
-1.000
-1.000
-1.000
-1.000
-1.000
-1.000
-1.000
-1.000
-1.000
-1.000
-1.000
-1.000
-1.000
-1.000
-1.000
-1.000
5.328
-1.000
-1.000
3.199
-1.000
4.158
2.581
-1.000
6.018
-1.000
-1.000
-1.000
-1.000
5.258
-1.000
-1.000
-1.000
-1.000
-1.000
-1.000
-1.000
-1.000
-1.000
-1.000
-1.000
-1.000
-1.000
-1.000
4.504
-1.000
-1.000
-1.000
-1.000
-1.000
-1.000
2.788
-1.000
4.203
4.571
-1.000
-1.000
-1.000
-1.000
-1.000
-1.000
-1.000
-1.000
-1.000
-1.000
-1.000
-1.000
-1.000
4.169
-1.000
-1.000
-1.000
-1.000
-1.000
-1.000
-1.000
-1.000
-1.000
-1.000
-1.000
-1.000
-1.000
-1.000
4.255
-1.000
-1.000
-1.000
-1.000
-1.000
-1.000
-1.000
-1.000
-1.000
-1.000
-1.000
-1.000
-1.000
-1.000
-1.000
-1.000
-1.000
-1.000
-1.000
-1.000
-1.000
-1.000
4.709
5.987
-1.000
-1.000
-1.000
-1.000
4.158
4.618
-1.000
-1.000
-1.000
-1.000
-1.000
-1.000
3.889
-1.000
4.480
5.068
-1.000
-1.000
-1.000
-1.000
-1.000
-1.000
-1.000
4.517
-1.000
-1.000
-1.000
-1.000
-1.000
-1.000
4.730
4.062
-1.000
-1.000
-1.000
-1.000
-1.000
-1.000
-1.000
-1.000
-1.000
4.527
-1.000
-1.000
5.571
-1.000
-1.000
-1.000
-1.000
-1.000
-1.000
-1.000
-1.000
-1.000
-1.000
-1.000
5.699
-1.000
3.621
-1.000
-1.000
-1.000
3.371
5.193
-1.000
-1.000
-1.000
-1.000
-1.000
-1.000
-1.000
-1.000
-1.000
-1.000
-1.000
-1.000
-1.000
-1.000
-1.000
-1.000
-1.000
-1.000
4.188
-1.000
-1.000
-1.000
4.788
-1.000
-1.000
-1.000
3.606
-1.000
-1.000
-1.000
-1.000
-1.000
-1.000
-1.000
-1.000
-1.000
-1.000
-1.000
-1.000
5.824
-1.000
-1.000
-1.000
-1.000
-1.000
-1.000
-1.000
-1.000
-1.000
-1.000
-1.000
-1.000
-1.000
-1.000
-1.000
-1.000
-1.000
-1.000
-1.000
-1.000
-1.000
-1.000
-1.000
-1.000
-1.000
-1.000
-1.000
-1.000
4.520
-1.000
-1.000
-1.000
-1.000
-1.000
-1.000
-1.000
-1.000
-1.000
-1.000
3.339
-1.000
-1.000
-1.000
-1.000
-1.000
-1.000
-1.000
-1.000
-1.000
-1.000
-1.000
-1.000
-1.000
-1.000
-1.000
-1.000
-1.000
4.294
-1.000
-1.000
-1.000
-1.000
-1.000
-1.000
-1.000
-1.000
-1.000
-1.000
5.677
4.278
-1.000
-1.000
-1.000
-1.000
-1.000
-1.000
-1.000
-1.000
-1.000
-1.000
-1.000
5.182
-1.000
-1.000
-1.000
2.087
-1.000
-1.000
-1.000
-1.000
-1.000
-1.000
-1.000
-1.000
-1.000
-1.000
-1.000
-1.000
-1.000
-1.000
4.784
-1.000
-1.000
4.342
4.155
3.456
-1.000
-1.000
4.908
-1.000
-1.000
-1.000
-1.000
-1.000
-1.000
-1.000
-1.000
-1.000
-1.000
-1.000
-1.000
-1.000
-1.000
-1.000
-1.000
4.361
-1.000
-1.000
-1.000
-1.000
-1.000
-1.000
-1.000
-1.000
-1.000
-1.000
-1.000
-1.000
-1.000
-1.000
-1.000
-1.000
4.217
5.310
-1.000
-1.000
4.604
-1.000
-1.000
-1.000
-1.000
4.222
-1.000
-1.000
-1.000
-1.000
-1.000
-1.000
-1.000
-1.000
4.361
-1.000
-1.000
-1.000
4.470
-1.000
3.302
-1.000
-1.000
-1.000
-1.000
-1.000
-1.000
-1.000
-1.000
4.668
-1.000
-1.000
-1.000
-1.000
-1.000
6.075
-1.000
-1.000
-1.000
-1.000
-1.000
-1.000
-1.000
4.418
-1.000
-1.000
-1.000
-1.000
-1.000
-1.000
-1.000
-1.000
-1.000
4.264
-1.000
-1.000
-1.000
-1.000
-1.000
-1.000
-1.000
-1.000
-1.000
-1.000
-1.000
5.096
-1.000
-1.000
-1.000
-1.000
-1.000
-1.000
-1.000
-1.000
-1.000
-1.000
-1.000
-1.000
-1.000
-1.000
-1.000
-1.000
3.913
5.238
-1.000
-1.000
-1.000
4.026
-1.000
4.730
-1.000
-1.000
-1.000
-1.000
-1.000
-1.000
-1.000
-1.000
-1.000
-1.000
-1.000
-1.000
-1.000
-1.000
-1.000
-1.000
-1.000
-1.000
5.207
-1.000
-1.000
-1.000
-1.000
4.134
-1.000
-1.000
-1.000
-1.000
-1.000
-1.000
-1.000
-1.000
-1.000
-1.000
-1.000
-1.000
-1.000
-1.000
-1.000
-1.000
-1.000
-1.000
-1.000
-1.000
-1.000
-1.000
-1.000
-1.000
-1.000
-1.000
-1.000
-1.000
-1.000
-1.000
-1.000
-1.000
5.170
-1.000
4.547
4.151
-1.000
-1.000
-1.000
-1.000
-1.000
-1.000
-1.000
-1.000
-1.000
-1.000
4.002
-1.000
-1.000
-1.000
-1.000
-1.000
3.853
-1.000
-1.000
-1.000
-1.000
-1.000
3.695
-1.000
-1.000
4.234
-1.000
-1.000
-1.000
4.895
-1.000
-1.000
-1.000
-1.000
-1.000
4.655
4.264
3.513
-1.000
-1.000
4.649
4.862
3.895
-1.000
-1.000
-1.000
-1.000
4.777
-1.000
4.285
-1.000
-1.000
-1.000
-1.000
3.363
-1.000
-1.000
-1.000
-1.000
-1.000
-1.000
-1.000
4.826
-1.000
-1.000
-1.000
-1.000
-1.000
-1.000
-1.000
-1.000
-1.000
-1.000
-1.000
-1.000
-1.000
-1.000
-1.000
-1.000
-1.000
-1.000
-1.000
-1.000
-1.000
-1.000
6.057
-1.000
-1.000
-1.000
-1.000
-1.000
-1.000
-1.000
-1.000
-1.000
-1.000
5.073
-1.000
-1.000
3.983
-1.000
-1.000
-1.000
-1.000
-1.000
-1.000
-1.000
-1.000
-1.000
-1.000
-1.000
-1.000
-1.000
-1.000
-1.000
-1.000
-1.000
5.002
-1.000
4.572
-1.000
4.431
-1.000
-1.000
-1.000
-1.000
-1.000
-1.000
-1.000
-1.000
-1.000
-1.000
-1.000
4.396
-1.000
3.901
-1.000
-1.000
-1.000
-1.000
-1.000
-1.000
-1.000
-1.000
-1.000
-1.000
-1.000
-1.000
-1.000
-1.000
4.050
-1.000
-1.000
-1.000
-1.000
-1.000
-1.000
4.764
-1.000
-1.000
-1.000
-1.000
-1.000
-1.000
4.928
-1.000
-1.000
-1.000
-1.000
-1.000
-1.000
-1.000
-1.000
-1.000
-1.000
4.340
-1.000
-1.000
-1.000
-1.000
-1.000
-1.000
-1.000
-1.000
-1.000
-1.000
-1.000
-1.000
-1.000
-1.000
-1.000
-1.000
-1.000
-1.000
3.844
-1.000
-1.000
4.909
-1.000
-1.000
-1.000
-1.000
-1.000
5.455
-1.000
-1.000
5.076
-1.000
-1.000
5.347
-1.000
-1.000
-1.000
-1.000
-1.000
-1.000
-1.000
-1.000
-1.000
4.352
-1.000
4.006
-1.000
-1.000
-1.000
-1.000
-1.000
-1.000
-1.000
-1.000
-1.000
-1.000
4.896
-1.000
-1.000
-1.000
-1.000
-1.000
-1.000
-1.000
-1.000
-1.000
-1.000
-1.000
-1.000
-1.000
-1.000
-1.000
-1.000
-1.000
-1.000
-1.000
4.077
4.138
-1.000
-1.000
-1.000
-1.000
-1.000
-1.000
-1.000
4.166
-1.000
3.657
-1.000
5.036
-1.000
-1.000
-1.000
-1.000
4.400
-1.000
-1.000
-1.000
-1.000
4.672
-1.000
-1.000
-1.000
-1.000
-1.000
5.468
-1.000
-1.000
-1.000
-1.000
-1.000
-1.000
-1.000
-1.000
-1.000
-1.000
-1.000
-1.000
-1.000
4.155
-1.000
-1.000
-1.000
-1.000
-1.000
-1.000
-1.000
5.493
-1.000
-1.000
-1.000
-1.000
-1.000
-1.000
-1.000
-1.000
-1.000
-1.000
-1.000
-1.000
-1.000
-1.000
-1.000
-1.000
-1.000
4.391
4.232
-1.000
-1.000
-1.000
-1.000
-1.000
-1.000
-1.000
-1.000
-1.000
-1.000
-1.000
-1.000
-1.000
-1.000
-1.000
6.218
4.155
-1.000
-1.000
-1.000
-1.000
-1.000
-1.000
-1.000
-1.000
-1.000
-1.000
-1.000
-1.000
-1.000
-1.000
-1.000
-1.000
-1.000
-1.000
-1.000
-1.000
-1.000
-1.000
-1.000
-1.000
-1.000
-1.000
-1.000
-1.000
-1.000
-1.000
-1.000
-1.000
-1.000
-1.000
-1.000
-1.000
-1.000
-1.000
-1.000
-1.000
-1.000
-1.000
-1.000
-1.000
-1.000
-1.000
-1.000
-1.000
-1.000
-1.000
-1.000
-1.000
-1.000
-1.000
5.144
-1.000
-1.000
-1.000
4.760
-1.000
-1.000
-1.000
-1.000
-1.000
-1.000
-1.000
-1.000
-1.000
-1.000
-1.000
-1.000
-1.000
-1.000
-1.000
-1.000
-1.000
4.997
4.085
-1.000
-1.000
-1.000
-1.000
-1.000
-1.000
-1.000
-1.000
-1.000
-1.000
-1.000
-1.000
-1.000
-1.000
-1.000
4.977
-1.000
-1.000
-1.000
-1.000
5.569
-1.000
-1.000
-1.000
-1.000
-1.000
-1.000
4.946
-1.000
-1.000
-1.000
-1.000
-1.000
-1.000
-1.000
-1.000
-1.000
-1.000
-1.000
-1.000
-1.000
-1.000
4.816
-1.000
-1.000
-1.000
-1.000
-1.000
-1.000
-1.000
-1.000
-1.000
-1.000
-1.000
-1.000
4.313
-1.000
-1.000
-1.000
-1.000
-1.000
-1.000
-1.000
-1.000
-1.000
-1.000
-1.000
-1.000
-1.000
-1.000
-1.000
-1.000
-1.000
-1.000
-1.000
-1.000
-1.000
5.941
-1.000
-1.000
-1.000
-1.000
-1.000
-1.000
-1.000
-1.000
6.094
-1.000
-1.000
3.919
-1.000
-1.000
-1.000
-1.000
3.891
-1.000
-1.000
-1.000
-1.000
-1.000
-1.000
-1.000
4.771
-1.000
-1.000
-1.000
-1.000
-1.000
4.426
-1.000
5.059
-1.000
-1.000
-1.000
-1.000
-1.000
3.910
-1.000
-1.000
-1.000
-1.000
-1.000
-1.000
-1.000
-1.000
-1.000
-1.000
-1.000
-1.000
-1.000
-1.000
-1.000
4.224
3.958
-1.000
6.000
-1.000
-1.000
-1.000
-1.000
-1.000
-1.000
-1.000
-1.000
-1.000
-1.000
-1.000
-1.000
-1.000
-1.000
-1.000
-1.000
-1.000
-1.000
-1.000
-1.000
-1.000
-1.000
-1.000
-1.000
4.282
-1.000
4.373
-1.000
-1.000
-1.000
-1.000
2.350
-1.000
-1.000
-1.000
-1.000
-1.000
-1.000
-1.000
-1.000
-1.000
-1.000
5.686
-1.000
-1.000
-1.000
-1.000
-1.000
-1.000
3.660
-1.000
-1.000
-1.000
4.850
-1.000
-1.000
-1.000
-1.000
-1.000
-1.000
-1.000
-1.000
4.637
-1.000
-1.000
-1.000
-1.000
-1.000
-1.000
-1.000
-1.000
-1.000
-1.000
-1.000
-1.000
-1.000
-1.000
4.666
-1.000
-1.000
-1.000
-1.000
4.694
-1.000
-1.000
5.362
-1.000
-1.000
-1.000
-1.000
-1.000
4.239
-1.000
-1.000
-1.000
-1.000
-1.000
-1.000
-1.000
-1.000
-1.000
-1.000
-1.000
3.055
-1.000
-1.000
-1.000
-1.000
-1.000
-1.000
-1.000
-1.000
-1.000
-1.000
-1.000
-1.000
-1.000
-1.000
-1.000
-1.000
-1.000
-1.000
-1.000
-1.000
-1.000
-1.000
-1.000
-1.000
3.910
-1.000
-1.000
-1.000
-1.000
-1.000
3.612
3.943
-1.000
-1.000
-1.000
3.312
-1.000
4.208
3.586
-1.000
-1.000
-1.000
-1.000
5.389
4.902
4.483
-1.000
-1.000
-1.000
-1.000
-1.000
-1.000
-1.000
-1.000
-1.000
-1.000
5.705
-1.000
-1.000
-1.000
3.835
-1.000
-1.000
-1.000
-1.000
-1.000
-1.000
-1.000
4.972
-1.000
-1.000
-1.000
-1.000
-1.000
-1.000
-1.000
-1.000
-1.000
-1.000
-1.000
-1.000
-1.000
-1.000
-1.000
-1.000
-1.000
-1.000
-1.000
-1.000
-1.000
4.206
-1.000
4.413
4.808
-1.000
-1.000
-1.000
-1.000
-1.000
-1.000
-1.000
-1.000
-1.000
-1.000
-1.000
-1.000
-1.000
5.101
4.847
-1.000
-1.000
-1.000
-1.000
-1.000
-1.000
-1.000
-1.000
-1.000
-1.000
-1.000
-1.000
-1.000
-1.000
-1.000
-1.000
-1.000
3.912
5.229
-1.000
-1.000
5.367
-1.000
-1.000
-1.000
-1.000
-1.000
-1.000
-1.000
-1.000
-1.000
-1.000
-1.000
5.085
-1.000
-1.000
-1.000
-1.000
-1.000
-1.000
-1.000
-1.000
-1.000
-1.000
-1.000
-1.000
4.102
-1.000
-1.000
-1.000
-1.000
-1.000
-1.000
-1.000
-1.000
-1.000
-1.000
-1.000
-1.000
-1.000
-1.000
-1.000
-1.000
-1.000
1.660
-1.000
-1.000
-1.000
-1.000
-1.000
-1.000
-1.000
4.121
-1.000
-1.000
-1.000
-1.000
-1.000
-1.000
-1.000
-1.000
-1.000
-1.000
-1.000
-1.000
5.943
5.048
-1.000
-1.000
-1.000
-1.000
4.765
-1.000
-1.000
-1.000
-1.000
-1.000
-1.000
-1.000
-1.000
-1.000
-1.000
-1.000
-1.000
-1.000
-1.000
-1.000
-1.000
4.378
-1.000
-1.000
-1.000
-1.000
-1.000
-1.000
-1.000
-1.000
-1.000
-1.000
-1.000
-1.000
-1.000
-1.000
-1.000
-1.000
-1.000
-1.000
-1.000
-1.000
-1.000
-1.000
3.414
-1.000
-1.000
-1.000
-1.000
-1.000
-1.000
-1.000
4.756
-1.000
-1.000
5.308
-1.000
5.206
-1.000
-1.000
-1.000
-1.000
-1.000
-1.000
4.718
-1.000
-1.000
-1.000
-1.000
-1.000
-1.000
5.316
-1.000
6.119
5.690
-1.000
-1.000
-1.000
-1.000
-1.000
4.398
-1.000
-1.000
-1.000
-1.000
4.111
4.786
-1.000
-1.000
-1.000
-1.000
-1.000
-1.000
-1.000
-1.000
-1.000
-1.000
-1.000
-1.000
-1.000
-1.000
-1.000
-1.000
-1.000
-1.000
-1.000
4.858
-1.000
-1.000
4.775
-1.000
-1.000
-1.000
-1.000
-1.000
-1.000
-1.000
-1.000
-1.000
-1.000
-1.000
-1.000
-1.000
-1.000
-1.000
-1.000
-1.000
-1.000
4.416
-1.000
-1.000
-1.000
3.643
-1.000
-1.000
-1.000
4.742
4.860
4.520
-1.000
-1.000
-1.000
-1.000
-1.000
-1.000
4.285
-1.000
-1.000
-1.000
-1.000
-1.000
-1.000
-1.000
-1.000
-1.000
-1.000
-1.000
-1.000
-1.000
-1.000
4.629
-1.000
-1.000
-1.000
-1.000
-1.000
-1.000
-1.000
-1.000
-1.000
-1.000
-1.000
3.820
-1.000
-1.000
-1.000
5.036
-1.000
-1.000
-1.000
5.543
4.687
-1.000
-1.000
3.734
-1.000
-1.000
-1.000
-1.000
-1.000
-1.000
-1.000
-1.000
-1.000
-1.000
-1.000
-1.000
-1.000
6.259
-1.000
-1.000
-1.000
-1.000
-1.000
4.944
-1.000
-1.000
-1.000
-1.000
4.375
-1.000
-1.000
-1.000
-1.000
-1.000
-1.000
-1.000
-1.000
3.964
-1.000
-1.000
-1.000
-1.000
-1.000
-1.000
-1.000
-1.000
4.043
-1.000
-1.000
-1.000
4.096
-1.000
4.584
-1.000
-1.000
-1.000
-1.000
-1.000
-1.000
-1.000
-1.000
-1.000
-1.000
-1.000
-1.000
-1.000
-1.000
-1.000
-1.000
-1.000
-1.000
4.733
-1.000
-1.000
-1.000
-1.000
-1.000
-1.000
5.048
4.737
4.517
-1.000
-1.000
5.821
3.568
-1.000
-1.000
-1.000
-1.000
-1.000
-1.000
-1.000
4.613
-1.000
-1.000
-1.000
-1.000
-1.000
-1.000
-1.000
5.255
-1.000
-1.000
-1.000
-1.000
3.922
-1.000
-1.000
-1.000
-1.000
-1.000
-1.000
-1.000
-1.000
4.261
3.752
-1.000
-1.000
-1.000
-1.000
-1.000
-1.000
-1.000
-1.000
4.537
-1.000
-1.000
-1.000
-1.000
4.608
-1.000
-1.000
-1.000
-1.000
-1.000
-1.000
-1.000
-1.000
-1.000
4.946
-1.000
-1.000
-1.000
-1.000
-1.000
3.908
-1.000
-1.000
-1.000
-1.000
-1.000
-1.000
-1.000
-1.000
-1.000
3.362
-1.000
-1.000
-1.000
-1.000
-1.000
-1.000
-1.000
-1.000
4.987
-1.000
-1.000
-1.000
-1.000
5.451
-1.000
-1.000
-1.000
-1.000
-1.000
-1.000
-1.000
-1.000
-1.000
-1.000
-1.000
-1.000
-1.000
-1.000
-1.000
-1.000
-1.000
-1.000
4.530
-1.000
-1.000
-1.000
-1.000
-1.000
-1.000
4.371
-1.000
-1.000
-1.000
-1.000
-1.000
3.808
-1.000
-1.000
-1.000
-1.000
-1.000
-1.000
-1.000
-1.000
-1.000
4.206
-1.000
-1.000
-1.000
-1.000
-1.000
-1.000
-1.000
-1.000
-1.000
-1.000
-1.000
-1.000
5.161
-1.000
-1.000
4.427
-1.000
-1.000
-1.000
-1.000
-1.000
-1.000
4.012
-1.000
-1.000
-1.000
-1.000
-1.000
5.666
-1.000
4.113
-1.000
3.375
-1.000
-1.000
-1.000
-1.000
-1.000
-1.000
-1.000
-1.000
-1.000
-1.000
-1.000
-1.000
-1.000
-1.000
-1.000
-1.000
-1.000
-1.000
4.435
-1.000
-1.000
-1.000
-1.000
4.319
-1.000
-1.000
-1.000
4.340
-1.000
3.624
-1.000
-1.000
4.881
-1.000
-1.000
-1.000
-1.000
-1.000
-1.000
-1.000
-1.000
-1.000
-1.000
-1.000
-1.000
-1.000
-1.000
-1.000
3.879
-1.000
-1.000
-1.000
5.694
5.615
4.185
-1.000
-1.000
-1.000
-1.000
-1.000
4.266
-1.000
-1.000
-1.000
-1.000
-1.000
-1.000
-1.000
-1.000
-1.000
-1.000
-1.000
-1.000
-1.000
-1.000
-1.000
-1.000
-1.000
-1.000
-1.000
-1.000
-1.000
-1.000
-1.000
-1.000
-1.000
-1.000
-1.000
-1.000
-1.000
-1.000
-1.000
-1.000
-1.000
-1.000
-1.000
-1.000
-1.000
-1.000
-1.000
3.910
-1.000
-1.000
5.102
4.831
-1.000
-1.000
-1.000
-1.000
-1.000
-1.000
-1.000
-1.000
-1.000
4.384
-1.000
-1.000
-1.000
-1.000
-1.000
4.479
-1.000
-1.000
-1.000
-1.000
-1.000
-1.000
-1.000
-1.000
-1.000
4.726
4.388
-1.000
-1.000
-1.000
-1.000
-1.000
-1.000
-1.000
4.625
-1.000
-1.000
-1.000
-1.000
-1.000
4.681
6.132
4.644
-1.000
-1.000
-1.000
-1.000
-1.000
-1.000
-1.000
-1.000
-1.000
-1.000
-1.000
4.040
-1.000
3.149
-1.000
-1.000
-1.000
5.140
-1.000
-1.000
-1.000
-1.000
-1.000
-1.000
-1.000
-1.000
-1.000
-1.000
-1.000
5.212
-1.000
-1.000
-1.000
-1.000
-1.000
-1.000
-1.000
-1.000
-1.000
-1.000
-1.000
-1.000
4.106
-1.000
-1.000
-1.000
-1.000
-1.000
-1.000
-1.000
5.072
5.436
3.320
-1.000
-1.000
-1.000
-1.000
-1.000
-1.000
-1.000
-1.000
-1.000
4.499
4.144
-1.000
-1.000
-1.000
-1.000
-1.000
-1.000
-1.000
-1.000
-1.000
-1.000
4.621
-1.000
4.185
-1.000
-1.000
-1.000
-1.000
-1.000
-1.000
-1.000
-1.000
4.646
-1.000
-1.000
-1.000
-1.000
-1.000
-1.000
-1.000
-1.000
-1.000
-1.000
-1.000
4.892
-1.000
-1.000
3.390
-1.000
-1.000
-1.000
-1.000
-1.000
-1.000
-1.000
-1.000
-1.000
-1.000
4.105
-1.000
-1.000
-1.000
-1.000
5.541
3.787
-1.000
-1.000
-1.000
-1.000
-1.000
-1.000
-1.000
5.018
-1.000
-1.000
-1.000
-1.000
-1.000
-1.000
4.546
-1.000
-1.000
-1.000
-1.000
-1.000
-1.000
-1.000
-1.000
-1.000
4.607
-1.000
-1.000
-1.000
-1.000
-1.000
-1.000
-1.000
-1.000
-1.000
4.281
-1.000
-1.000
-1.000
-1.000
-1.000
-1.000
-1.000
-1.000
-1.000
-1.000
-1.000
-1.000
5.452
-1.000
-1.000
-1.000
4.852
-1.000
-1.000
-1.000
-1.000
-1.000
-1.000
-1.000
-1.000
-1.000
5.010
-1.000
-1.000
-1.000
-1.000
-1.000
-1.000
-1.000
5.247
-1.000
-1.000
-1.000
-1.000
-1.000
3.999
3.878
5.803
-1.000
-1.000
-1.000
-1.000
-1.000
-1.000
-1.000
-1.000
4.538
-1.000
-1.000
-1.000
5.543
5.790
-1.000
-1.000
5.246
4.688
-1.000
-1.000
-1.000
-1.000
-1.000
-1.000
-1.000
-1.000
-1.000
-1.000
-1.000
-1.000
-1.000
-1.000
-1.000
-1.000
-1.000
-1.000
-1.000
-1.000
-1.000
-1.000
3.614
-1.000
-1.000
-1.000
4.736
-1.000
-1.000
-1.000
-1.000
-1.000
-1.000
3.839
-1.000
-1.000
-1.000
5.899
4.765
-1.000
-1.000
-1.000
-1.000
-1.000
4.686
-1.000
-1.000
-1.000
-1.000
-1.000
-1.000
-1.000
-1.000
-1.000
-1.000
-1.000
5.294
-1.000
-1.000
-1.000
-1.000
-1.000
-1.000
-1.000
-1.000
-1.000
-1.000
-1.000
-1.000
-1.000
-1.000
-1.000
-1.000
-1.000
4.166
-1.000
3.114
4.338
-1.000
-1.000
-1.000
-1.000
-1.000
4.353
-1.000
-1.000
5.589
-1.000
-1.000
5.561
-1.000
-1.000
-1.000
-1.000
-1.000
-1.000
-1.000
-1.000
-1.000
-1.000
-1.000
-1.000
-1.000
-1.000
3.820
-1.000
-1.000
-1.000
-1.000
5.216
-1.000
-1.000
4.144
-1.000
-1.000
-1.000
-1.000
-1.000
3.511
-1.000
-1.000
5.559
-1.000
-1.000
-1.000
-1.000
-1.000
-1.000
-1.000
-1.000
-1.000
5.096
-1.000
-1.000
-1.000
-1.000
-1.000
-1.000
-1.000
-1.000
-1.000
-1.000
-1.000
-1.000
5.044
3.281
-1.000
-1.000
4.091
-1.000
-1.000
-1.000
-1.000
-1.000
-1.000
-1.000
3.979
6.207
-1.000
-1.000
-1.000
-1.000
-1.000
-1.000
4.709
-1.000
5.084
-1.000
-1.000
-1.000
-1.000
-1.000
-1.000
-1.000
-1.000
-1.000
-1.000
-1.000
-1.000
-1.000
-1.000
-1.000
-1.000
-1.000
4.238
3.944
-1.000
-1.000
-1.000
-1.000
-1.000
-1.000
-1.000
-1.000
-1.000
-1.000
-1.000
-1.000
-1.000
3.941
-1.000
-1.000
-1.000
-1.000
-1.000
-1.000
-1.000
-1.000
-1.000
-1.000
-1.000
-1.000
-1.000
-1.000
4.983
-1.000
-1.000
4.672
-1.000
-1.000
-1.000
-1.000
-1.000
-1.000
-1.000
-1.000
-1.000
-1.000
-1.000
-1.000
5.033
-1.000
-1.000
4.266
-1.000
-1.000
-1.000
-1.000
4.660
-1.000
-1.000
-1.000
-1.000
-1.000
-1.000
-1.000
-1.000
-1.000
3.878
-1.000
-1.000
-1.000
-1.000
-1.000
-1.000
-1.000
-1.000
-1.000
-1.000
-1.000
-1.000
-1.000
-1.000
-1.000
-1.000
5.157
-1.000
-1.000
-1.000
5.510
-1.000
-1.000
5.159
-1.000
5.224
-1.000
-1.000
-1.000
3.474
-1.000
-1.000
-1.000
-1.000
-1.000
-1.000
-1.000
-1.000
-1.000
-1.000
-1.000
-1.000
-1.000
-1.000
-1.000
-1.000
-1.000
-1.000
-1.000
-1.000
-1.000
-1.000
-1.000
-1.000
-1.000
-1.000
-1.000
-1.000
3.421
-1.000
-1.000
-1.000
-1.000
-1.000
-1.000
4.545
-1.000
-1.000
-1.000
-1.000
-1.000
-1.000
-1.000
-1.000
-1.000
-1.000
-1.000
-1.000
-1.000
-1.000
-1.000
-1.000
-1.000
4.050
-1.000
-1.000
-1.000
-1.000
-1.000
-1.000
-1.000
-1.000
-1.000
3.599
-1.000
-1.000
-1.000
-1.000
-1.000
-1.000
-1.000
4.914
-1.000
-1.000
-1.000
-1.000
-1.000
-1.000
-1.000
-1.000
-1.000
-1.000
4.481
-1.000
-1.000
-1.000
-1.000
-1.000
4.513
-1.000
-1.000
-1.000
5.027
4.566
-1.000
-1.000
-1.000
-1.000
-1.000
-1.000
-1.000
-1.000
-1.000
4.196
-1.000
-1.000
-1.000
-1.000
-1.000
-1.000
-1.000
-1.000
5.031
-1.000
-1.000
4.123
-1.000
-1.000
-1.000
-1.000
-1.000
-1.000
-1.000
-1.000
-1.000
3.866
-1.000
-1.000
-1.000
4.936
4.188
-1.000
-1.000
-1.000
-1.000
-1.000
-1.000
4.395
3.591
-1.000
-1.000
-1.000
-1.000
-1.000
-1.000
-1.000
-1.000
-1.000
-1.000
-1.000
-1.000
4.381
-1.000
-1.000
-1.000
-1.000
-1.000
4.187
-1.000
-1.000
-1.000
-1.000
-1.000
-1.000
-1.000
-1.000
-1.000
-1.000
4.099
-1.000
5.042
-1.000
-1.000
-1.000
-1.000
-1.000
-1.000
-1.000
-1.000
-1.000
-1.000
-1.000
5.482
-1.000
-1.000
-1.000
-1.000
-1.000
-1.000
-1.000
4.276
-1.000
-1.000
-1.000
-1.000
-1.000
4.583
-1.000
-1.000
-1.000
-1.000
-1.000
4.344
4.022
-1.000
-1.000
-1.000
-1.000
-1.000
-1.000
-1.000
-1.000
-1.000
-1.000
-1.000
-1.000
-1.000
-1.000
-1.000
-1.000
-1.000
-1.000
-1.000
-1.000
-1.000
-1.000
-1.000
-1.000
-1.000
-1.000
-1.000
4.072
-1.000
-1.000
-1.000
5.596
-1.000
-1.000
-1.000
-1.000
5.057
-1.000
4.188
-1.000
-1.000
-1.000
-1.000
-1.000
-1.000
4.137
-1.000
-1.000
-1.000
-1.000
-1.000
-1.000
-1.000
-1.000
-1.000
-1.000
-1.000
-1.000
-1.000
-1.000
-1.000
-1.000
-1.000
-1.000
-1.000
-1.000
-1.000
-1.000
-1.000
-1.000
-1.000
-1.000
-1.000
4.466
-1.000
4.536
-1.000
3.855
-1.000
-1.000
5.155
-1.000
-1.000
-1.000
-1.000
-1.000
-1.000
-1.000
4.662
-1.000
-1.000
-1.000
-1.000
4.779
-1.000
-1.000
-1.000
4.422
-1.000
-1.000
-1.000
-1.000
-1.000
4.797
-1.000
3.737
-1.000
-1.000
-1.000
-1.000
-1.000
-1.000
-1.000
-1.000
5.075
-1.000
5.195
-1.000
4.997
-1.000
-1.000
4.439
-1.000
-1.000
-1.000
-1.000
-1.000
-1.000
-1.000
-1.000
-1.000
-1.000
-1.000
-1.000
-1.000
-1.000
-1.000
4.124
-1.000
3.385
-1.000
5.227
-1.000
-1.000
-1.000
-1.000
-1.000
-1.000
4.714
-1.000
-1.000
-1.000
-1.000
-1.000
-1.000
-1.000
-1.000
-1.000
4.961
-1.000
-1.000
-1.000
-1.000
-1.000
-1.000
-1.000
-1.000
4.418
-1.000
-1.000
-1.000
6.022
-1.000
4.777
-1.000
-1.000
-1.000
-1.000
-1.000
-1.000
-1.000
-1.000
-1.000
-1.000
-1.000
-1.000
5.700
-1.000
-1.000
-1.000
-1.000
-1.000
-1.000
-1.000
-1.000
-1.000
-1.000
-1.000
-1.000
-1.000
-1.000
-1.000
-1.000
-1.000
-1.000
-1.000
5.179
-1.000
-1.000
-1.000
-1.000
-1.000
-1.000
-1.000
-1.000
-1.000
-1.000
-1.000
-1.000
-1.000
-1.000
-1.000
-1.000
4.697
-1.000
-1.000
4.434
-1.000
-1.000
-1.000
-1.000
-1.000
-1.000
5.206
-1.000
-1.000
-1.000
-1.000
-1.000
-1.000
-1.000
-1.000
-1.000
4.849
-1.000
3.428
-1.000
-1.000
-1.000
-1.000
-1.000
-1.000
-1.000
-1.000
-1.000
-1.000
-1.000
-1.000
-1.000
-1.000
-1.000
-1.000
-1.000
-1.000
5.470
5.865
-1.000
-1.000
-1.000
-1.000
-1.000
4.501
-1.000
-1.000
-1.000
-1.000
-1.000
-1.000
-1.000
-1.000
-1.000
-1.000
-1.000
-1.000
-1.000
4.558
4.931
-1.000
-1.000
-1.000
-1.000
-1.000
-1.000
-1.000
3.444
4.264
-1.000
-1.000
-1.000
-1.000
4.852
-1.000
-1.000
-1.000
5.137
6.161
-1.000
-1.000
5.303
-1.000
4.608
4.478
-1.000
-1.000
-1.000
-1.000
-1.000
-1.000
-1.000
4.365
-1.000
-1.000
-1.000
-1.000
-1.000
-1.000
-1.000
-1.000
-1.000
-1.000
-1.000
-1.000
-1.000
4.204
-1.000
-1.000
5.205
-1.000
-1.000
-1.000
-1.000
-1.000
-1.000
5.701
3.877
-1.000
-1.000
-1.000
-1.000
-1.000
-1.000
-1.000
3.894
-1.000
-1.000
-1.000
4.447
4.476
4.641
-1.000
-1.000
-1.000
-1.000
-1.000
-1.000
-1.000
-1.000
-1.000
-1.000
-1.000
-1.000
-1.000
-1.000
-1.000
-1.000
-1.000
-1.000
-1.000
-1.000
-1.000
-1.000
-1.000
-1.000
-1.000
-1.000
3.770
3.892
-1.000
-1.000
4.955
-1.000
-1.000
-1.000
-1.000
-1.000
-1.000
-1.000
4.661
-1.000
-1.000
-1.000
4.556
-1.000
-1.000
-1.000
-1.000
4.665
-1.000
-1.000
-1.000
-1.000
-1.000
-1.000
-1.000
-1.000
-1.000
-1.000
-1.000
-1.000
-1.000
-1.000
-1.000
-1.000
-1.000
-1.000
-1.000
-1.000
-1.000
-1.000
-1.000
-1.000
3.514
-1.000
-1.000
-1.000
-1.000
-1.000
-1.000
3.622
-1.000
4.164
-1.000
-1.000
-1.000
-1.000
-1.000
4.503
-1.000
3.349
-1.000
-1.000
-1.000
-1.000
-1.000
4.031
-1.000
3.142
-1.000
-1.000
-1.000
-1.000
-1.000
-1.000
-1.000
-1.000
-1.000
-1.000
-1.000
-1.000
-1.000
4.192
-1.000
-1.000
3.740
-1.000
-1.000
-1.000
-1.000
-1.000
-1.000
5.338
-1.000
4.330
-1.000
-1.000
-1.000
-1.000
-1.000
-1.000
-1.000
-1.000
-1.000
4.929
3.104
4.068
-1.000
-1.000
-1.000
-1.000
-1.000
-1.000
-1.000
-1.000
4.951
-1.000
-1.000
-1.000
3.313
-1.000
4.654
-1.000
2.866
-1.000
-1.000
-1.000
-1.000
-1.000
-1.000
-1.000
-1.000
-1.000
-1.000
-1.000
-1.000
-1.000
-1.000
-1.000
-1.000
-1.000
-1.000
-1.000
-1.000
-1.000
-1.000
-1.000
-1.000
-1.000
3.485
3.101
4.709
-1.000
-1.000
-1.000
-1.000
-1.000
-1.000
-1.000
-1.000
-1.000
-1.000
-1.000
-1.000
-1.000
5.516
4.194
-1.000
-1.000
-1.000
-1.000
-1.000
-1.000
4.458
-1.000
5.109
-1.000
6.021
-1.000
-1.000
-1.000
-1.000
-1.000
-1.000
-1.000
-1.000
-1.000
-1.000
-1.000
-1.000
4.650
-1.000
-1.000
4.803
-1.000
-1.000
-1.000
-1.000
-1.000
-1.000
-1.000
-1.000
-1.000
-1.000
-1.000
-1.000
-1.000
-1.000
-1.000
-1.000
-1.000
3.410
-1.000
5.140
-1.000
-1.000
-1.000
-1.000
-1.000
-1.000
-1.000
-1.000
5.332
-1.000
-1.000
4.196
-1.000
-1.000
-1.000
-1.000
-1.000
-1.000
-1.000
-1.000
-1.000
-1.000
-1.000
-1.000
-1.000
-1.000
-1.000
-1.000
-1.000
-1.000
-1.000
3.792
-1.000
-1.000
-1.000
-1.000
5.355
5.098
-1.000
-1.000
-1.000
-1.000
-1.000
-1.000
-1.000
-1.000
-1.000
-1.000
-1.000
-1.000
-1.000
-1.000
-1.000
-1.000
-1.000
5.037
-1.000
-1.000
3.948
4.965
-1.000
3.309
-1.000
-1.000
-1.000
-1.000
4.631
-1.000
-1.000
5.045
-1.000
-1.000
-1.000
-1.000
-1.000
3.916
-1.000
-1.000
-1.000
-1.000
-1.000
-1.000
-1.000
-1.000
-1.000
5.062
-1.000
-1.000
-1.000
-1.000
-1.000
-1.000
-1.000
-1.000
-1.000
3.452
-1.000
-1.000
-1.000
-1.000
-1.000
-1.000
-1.000
-1.000
-1.000
-1.000
-1.000
-1.000
-1.000
4.527
-1.000
-1.000
-1.000
-1.000
-1.000
-1.000
-1.000
-1.000
-1.000
-1.000
-1.000
-1.000
-1.000
-1.000
-1.000
-1.000
5.404
-1.000
-1.000
-1.000
-1.000
-1.000
-1.000
-1.000
-1.000
-1.000
-1.000
-1.000
-1.000
5.601
-1.000
-1.000
-1.000
-1.000
-1.000
-1.000
-1.000
-1.000
-1.000
-1.000
-1.000
-1.000
3.950
-1.000
-1.000
4.389
-1.000
-1.000
-1.000
-1.000
-1.000
-1.000
-1.000
4.022
-1.000
-1.000
-1.000
-1.000
-1.000
-1.000
4.068
-1.000
-1.000
5.010
-1.000
4.566
-1.000
4.533
-1.000
-1.000
-1.000
-1.000
-1.000
-1.000
-1.000
5.393
-1.000
-1.000
-1.000
4.845
-1.000
-1.000
-1.000
5.916
4.594
-1.000
-1.000
-1.000
-1.000
3.935
-1.000
-1.000
-1.000
4.729
-1.000
-1.000
5.013
-1.000
-1.000
-1.000
5.438
5.371
3.699
-1.000
4.587
-1.000
-1.000
4.619
-1.000
-1.000
-1.000
-1.000
-1.000
-1.000
-1.000
-1.000
-1.000
-1.000
5.149
-1.000
-1.000
-1.000
-1.000
5.320
-1.000
-1.000
-1.000
2.853
-1.000
4.242
-1.000
-1.000
3.785
-1.000
-1.000
-1.000
-1.000
3.334
4.045
-1.000
-1.000
-1.000
-1.000
-1.000
4.895
-1.000
-1.000
-1.000
-1.000
-1.000
-1.000
-1.000
-1.000
-1.000
-1.000
-1.000
-1.000
-1.000
-1.000
-1.000
-1.000
-1.000
-1.000
5.041
-1.000
-1.000
-1.000
-1.000
-1.000
4.049
4.613
-1.000
-1.000
-1.000
-1.000
-1.000
-1.000
-1.000
-1.000
-1.000
-1.000
-1.000
-1.000
-1.000
-1.000
-1.000
5.507
-1.000
-1.000
-1.000
-1.000
-1.000
-1.000
-1.000
-1.000
-1.000
-1.000
-1.000
-1.000
-1.000
-1.000
-1.000
-1.000
-1.000
-1.000
-1.000
3.641
-1.000
-1.000
-1.000
-1.000
-1.000
-1.000
-1.000
-1.000
1.606
4.224
-1.000
-1.000
4.720
-1.000
-1.000
5.616
5.771
4.873
-1.000
-1.000
-1.000
-1.000
-1.000
-1.000
-1.000
-1.000
-1.000
-1.000
-1.000
-1.000
-1.000
-1.000
-1.000
-1.000
4.403
-1.000
-1.000
-1.000
-1.000
3.233
-1.000
-1.000
-1.000
-1.000
-1.000
-1.000
-1.000
-1.000
-1.000
-1.000
-1.000
-1.000
4.746
-1.000
-1.000
-1.000
-1.000
-1.000
-1.000
3.734
5.708
-1.000
-1.000
-1.000
-1.000
-1.000
4.491
-1.000
-1.000
-1.000
-1.000
-1.000
-1.000
-1.000
-1.000
-1.000
-1.000
-1.000
-1.000
-1.000
-1.000
-1.000
-1.000
-1.000
-1.000
-1.000
-1.000
-1.000
-1.000
3.781
4.328
-1.000
-1.000
-1.000
-1.000
-1.000
-1.000
-1.000
-1.000
-1.000
-1.000
-1.000
2.599
-1.000
4.541
-1.000
-1.000
-1.000
-1.000
-1.000
4.583
-1.000
4.259
-1.000
-1.000
-1.000
-1.000
-1.000
-1.000
-1.000
-1.000
4.057
3.652
-1.000
-1.000
-1.000
-1.000
-1.000
3.685
-1.000
-1.000
3.237
4.208
-1.000
-1.000
4.789
4.192
-1.000
-1.000
-1.000
-1.000
-1.000
4.320
-1.000
-1.000
3.601
-1.000
-1.000
-1.000
-1.000
-1.000
-1.000
-1.000
-1.000
-1.000
-1.000
-1.000
-1.000
-1.000
-1.000
-1.000
3.326
-1.000
-1.000
-1.000
-1.000
4.577
-1.000
-1.000
-1.000
-1.000
-1.000
-1.000
-1.000
-1.000
-1.000
-1.000
-1.000
-1.000
-1.000
-1.000
-1.000
3.757
-1.000
-1.000
3.873
5.285
-1.000
-1.000
-1.000
-1.000
-1.000
-1.000
-1.000
-1.000
-1.000
-1.000
-1.000
-1.000
-1.000
-1.000
4.399
-1.000
-1.000
-1.000
-1.000
4.693
4.440
-1.000
5.954
-1.000
-1.000
-1.000
-1.000
-1.000
-1.000
-1.000
-1.000
4.902
-1.000
-1.000
-1.000
-1.000
-1.000
5.614
-1.000
-1.000
-1.000
-1.000
4.034
4.004
-1.000
-1.000
-1.000
-1.000
-1.000
-1.000
-1.000
-1.000
-1.000
-1.000
-1.000
3.979
-1.000
4.107
5.140
-1.000
-1.000
4.295
-1.000
-1.000
3.872
-1.000
3.944
-1.000
3.948
4.451
-1.000
-1.000
-1.000
-1.000
-1.000
-1.000
4.042
-1.000
-1.000
-1.000
-1.000
4.517
-1.000
-1.000
-1.000
-1.000
-1.000
4.100
-1.000
5.009
4.638
-1.000
-1.000
-1.000
-1.000
3.895
-1.000
-1.000
3.326
-1.000
-1.000
-1.000
-1.000
-1.000
3.003
-1.000
4.408
-1.000
-1.000
3.798
-1.000
-1.000
3.755
-1.000
4.194
4.645
-1.000
2.256
-1.000
-1.000
4.158
-1.000
-1.000
-1.000
4.269
-1.000
-1.000
-1.000
4.015
-1.000
-1.000
-1.000
-1.000
-1.000
-1.000
-1.000
-1.000
-1.000
4.354
3.861
-1.000
5.111
-1.000
-1.000
-1.000
-1.000
-1.000
-1.000
-1.000
5.307
-1.000
3.694
-1.000
-1.000
4.795
-1.000
-1.000
-1.000
5.191
-1.000
-1.000
-1.000
5.423
-1.000
-1.000
-1.000
-1.000
5.134
-1.000
4.448
-1.000
-1.000
-1.000
-1.000
4.727
-1.000
-1.000
-1.000
-1.000
-1.000
-1.000
4.770
-1.000
-1.000
-1.000
-1.000
-1.000
-1.000
3.451
-1.000
-1.000
-1.000
4.792
-1.000
-1.000
-1.000
-1.000
-1.000
-1.000
-1.000
-1.000
-1.000
-1.000
-1.000
-1.000
4.986
-1.000
4.448
4.236
4.576
3.857
-1.000
-1.000
-1.000
-1.000
4.753
-1.000
-1.000
4.119
-1.000
4.017
-1.000
-1.000
-1.000
-1.000
-1.000
-1.000
3.128
-1.000
-1.000
-1.000
-1.000
-1.000
-1.000
-1.000
2.932
-1.000
-1.000
-1.000
-1.000
-1.000
4.745
-1.000
3.759
5.114
-1.000
-1.000
-1.000
-1.000
-1.000
3.717
-1.000
-1.000
-1.000
-1.000
4.290
-1.000
5.621
-1.000
-1.000
-1.000
-1.000
-1.000
3.899
4.737
4.463
-1.000
-1.000
-1.000
-1.000
4.672
4.910
-1.000
-1.000
-1.000
6.285
-1.000
-1.000
-1.000
-1.000
-1.000
-1.000
-1.000
-1.000
4.368
-1.000
4.190
-1.000
4.957
-1.000
-1.000
3.415
-1.000
-1.000
-1.000
-1.000
3.748
-1.000
-1.000
-1.000
-1.000
2.598
3.156
-1.000
-1.000
4.509
-1.000
-1.000
-1.000
-1.000
-1.000
-1.000
-1.000
-1.000
-1.000
-1.000
-1.000
4.145
4.377
-1.000
-1.000
-1.000
-1.000
-1.000
-1.000
4.178
-1.000
-1.000
5.436
-1.000
-1.000
4.473
-1.000
3.806
-1.000
-1.000
-1.000
-1.000
-1.000
3.478
-1.000
4.072
-1.000
-1.000
3.975
-1.000
-1.000
-1.000
-1.000
-1.000
-1.000
-1.000
5.442
-1.000
3.632
-1.000
-1.000
-1.000
-1.000
3.916
-1.000
-1.000
-1.000
-1.000
-1.000
-1.000
-1.000
-1.000
4.001
-1.000
-1.000
4.326
4.943
4.131
-1.000
4.353
-1.000
-1.000
-1.000
-1.000
-1.000
-1.000
-1.000
-1.000
-1.000
-1.000
-1.000
-1.000
-1.000
-1.000
4.493
-1.000
-1.000
-1.000
-1.000
4.995
-1.000
-1.000
-1.000
-1.000
4.053
-1.000
-1.000
3.706
-1.000
-1.000
-1.000
-1.000
-1.000
-1.000
-1.000
-1.000
-1.000
-1.000
-1.000
-1.000
3.432
-1.000
-1.000
-1.000
3.509
-1.000
-1.000
-1.000
-1.000
-1.000
-1.000
-1.000
-1.000
-1.000
-1.000
-1.000
-1.000
-1.000
5.046
-1.000
4.914
-1.000
-1.000
-1.000
3.601
-1.000
-1.000
4.898
-1.000
-1.000
-1.000
-1.000
-1.000
-1.000
-1.000
-1.000
-1.000
4.132
5.536
-1.000
-1.000
-1.000
-1.000
-1.000
-1.000
-1.000
4.081
3.975
3.128
-1.000
-1.000
4.579
-1.000
-1.000
-1.000
-1.000
-1.000
4.695
-1.000
-1.000
-1.000
-1.000
-1.000
-1.000
4.648
-1.000
-1.000
-1.000
-1.000
-1.000
5.251
-1.000
-1.000
-1.000
-1.000
-1.000
-1.000
-1.000
-1.000
-1.000
-1.000
-1.000
4.103
-1.000
-1.000
-1.000
-1.000
4.062
-1.000
-1.000
-1.000
-1.000
-1.000
5.148
-1.000
-1.000
4.848
-1.000
5.942
-1.000
-1.000
-1.000
-1.000
-1.000
-1.000
-1.000
-1.000
-1.000
-1.000
-1.000
-1.000
-1.000
-1.000
-1.000
-1.000
-1.000
-1.000
-1.000
-1.000
-1.000
-1.000
3.998
-1.000
-1.000
-1.000
4.505
5.725
-1.000
-1.000
4.291
-1.000
-1.000
-1.000
-1.000
-1.000
4.565
-1.000
-1.000
3.550
-1.000
-1.000
-1.000
-1.000
-1.000
-1.000
-1.000
-1.000
-1.000
4.287
-1.000
-1.000
4.136
-1.000
5.094
4.299
4.336
-1.000
-1.000
4.605
-1.000
3.799
-1.000
-1.000
-1.000
4.497
-1.000
-1.000
-1.000
-1.000
-1.000
-1.000
-1.000
-1.000
-1.000
-1.000
-1.000
-1.000
-1.000
-1.000
-1.000
-1.000
-1.000
-1.000
-1.000
-1.000
5.462
4.377
-1.000
-1.000
-1.000
-1.000
-1.000
-1.000
3.558
4.493
-1.000
-1.000
-1.000
-1.000
-1.000
-1.000
-1.000
3.415
-1.000
-1.000
-1.000
-1.000
-1.000
-1.000
-1.000
-1.000
-1.000
-1.000
-1.000
-1.000
-1.000
4.837
-1.000
-1.000
-1.000
-1.000
-1.000
-1.000
-1.000
-1.000
3.809
-1.000
4.820
-1.000
-1.000
-1.000
-1.000
-1.000
4.491
-1.000
-1.000
-1.000
-1.000
-1.000
-1.000
-1.000
-1.000
4.564
-1.000
-1.000
4.566
-1.000
-1.000
4.597
-1.000
3.507
-1.000
-1.000
4.712
5.838
-1.000
-1.000
-1.000
-1.000
-1.000
-1.000
3.921
-1.000
-1.000
-1.000
-1.000
4.714
4.491
-1.000
-1.000
-1.000
-1.000
-1.000
-1.000
-1.000
-1.000
5.207
-1.000
-1.000
4.914
-1.000
-1.000
-1.000
4.950
-1.000
-1.000
-1.000
-1.000
-1.000
-1.000
-1.000
-1.000
4.772
-1.000
-1.000
5.034
-1.000
-1.000
-1.000
-1.000
3.461
-1.000
-1.000
-1.000
-1.000
-1.000
5.163
-1.000
4.748
3.806
-1.000
2.786
-1.000
-1.000
-1.000
-1.000
-1.000
-1.000
4.431
3.459
4.104
4.462
-1.000
4.954
-1.000
-1.000
-1.000
-1.000
-1.000
-1.000
-1.000
-1.000
3.304
-1.000
4.253
4.337
-1.000
-1.000
4.788
-1.000
-1.000
-1.000
-1.000
-1.000
4.581
-1.000
-1.000
4.976
-1.000
-1.000
-1.000
6.102
-1.000
5.020
-1.000
-1.000
-1.000
-1.000
5.094
-1.000
-1.000
-1.000
-1.000
-1.000
-1.000
-1.000
-1.000
-1.000
-1.000
-1.000
-1.000
-1.000
-1.000
-1.000
-1.000
5.079
4.203
5.639
4.218
-1.000
-1.000
-1.000
-1.000
3.443
-1.000
-1.000
-1.000
-1.000
-1.000
-1.000
-1.000
4.447
-1.000
-1.000
-1.000
-1.000
-1.000
4.675
-1.000
-1.000
-1.000
-1.000
-1.000
-1.000
-1.000
-1.000
5.050
-1.000
-1.000
-1.000
-1.000
-1.000
-1.000
-1.000
4.518
-1.000
-1.000
-1.000
-1.000
-1.000
-1.000
-1.000
-1.000
-1.000
-1.000
3.184
3.146
-1.000
-1.000
-1.000
5.427
-1.000
-1.000
-1.000
4.951
-1.000
-1.000
-1.000
-1.000
-1.000
-1.000
-1.000
-1.000
-1.000
-1.000
-1.000
4.329
-1.000
-1.000
4.369
-1.000
-1.000
-1.000
-1.000
-1.000
3.921
-1.000
-1.000
-1.000
-1.000
-1.000
4.511
-1.000
-1.000
-1.000
4.268
3.949
-1.000
-1.000
-1.000
-1.000
4.725
-1.000
-1.000
-1.000
4.529
-1.000
-1.000
-1.000
-1.000
-1.000
-1.000
-1.000
-1.000
4.632
-1.000
-1.000
2.727
-1.000
4.548
-1.000
-1.000
5.403
-1.000
-1.000
-1.000
4.044
-1.000
-1.000
-1.000
3.935
-1.000
-1.000
-1.000
-1.000
-1.000
-1.000
-1.000
-1.000
-1.000
5.741
-1.000
-1.000
-1.000
-1.000
-1.000
4.065
-1.000
4.724
3.705
-1.000
-1.000
-1.000
-1.000
3.296
-1.000
-1.000
4.144
-1.000
-1.000
-1.000
-1.000
-1.000
-1.000
-1.000
-1.000
-1.000
-1.000
-1.000
4.915
-1.000
-1.000
5.158
-1.000
-1.000
-1.000
-1.000
-1.000
-1.000
-1.000
-1.000
-1.000
-1.000
-1.000
-1.000
4.249
4.847
-1.000
4.076
-1.000
-1.000
-1.000
-1.000
-1.000
-1.000
4.518
-1.000
-1.000
-1.000
-1.000
4.602
4.445
-1.000
-1.000
-1.000
-1.000
-1.000
-1.000
-1.000
-1.000
4.150
4.929
-1.000
-1.000
-1.000
-1.000
3.831
-1.000
-1.000
-1.000
-1.000
3.820
-1.000
-1.000
3.545
4.580
-1.000
-1.000
-1.000
-1.000
-1.000
-1.000
-1.000
5.864
4.227
4.244
-1.000
-1.000
-1.000
-1.000
4.726
-1.000
-1.000
-1.000
-1.000
4.319
-1.000
3.032
-1.000
-1.000
5.631
-1.000
-1.000
-1.000
-1.000
5.556
-1.000
-1.000
4.134
-1.000
-1.000
-1.000
4.853
3.466
4.314
2.965
-1.000
-1.000
-1.000
-1.000
-1.000
-1.000
-1.000
-1.000
-1.000
-1.000
-1.000
-1.000
-1.000
-1.000
-1.000
-1.000
-1.000
6.330
-1.000
-1.000
-1.000
-1.000
-1.000
-1.000
-1.000
-1.000
-1.000
4.385
-1.000
-1.000
-1.000
-1.000
-1.000
-1.000
-1.000
-1.000
-1.000
6.090
-1.000
-1.000
4.442
-1.000
4.804
-1.000
-1.000
-1.000
-1.000
-1.000
-1.000
-1.000
4.002
-1.000
-1.000
-1.000
-1.000
-1.000
-1.000
-1.000
-1.000
-1.000
-1.000
-1.000
3.395
3.820
-1.000
-1.000
-1.000
-1.000
-1.000
-1.000
-1.000
-1.000
-1.000
-1.000
-1.000
4.539
-1.000
-1.000
-1.000
-1.000
4.210
-1.000
-1.000
3.889
-1.000
-1.000
-1.000
5.771
-1.000
4.421
-1.000
-1.000
4.549
-1.000
3.859
-1.000
-1.000
-1.000
-1.000
-1.000
-1.000
3.594
-1.000
-1.000
-1.000
-1.000
-1.000
-1.000
-1.000
-1.000
-1.000
-1.000
-1.000
-1.000
-1.000
-1.000
-1.000
3.758
-1.000
4.706
4.252
-1.000
-1.000
-1.000
-1.000
-1.000
4.864
-1.000
-1.000
-1.000
-1.000
-1.000
-1.000
-1.000
-1.000
-1.000
-1.000
-1.000
-1.000
4.639
-1.000
3.839
-1.000
-1.000
-1.000
-1.000
-1.000
-1.000
3.622
-1.000
-1.000
-1.000
-1.000
4.586
-1.000
-1.000
-1.000
-1.000
-1.000
-1.000
-1.000
-1.000
-1.000
-1.000
-1.000
-1.000
-1.000
4.525
-1.000
-1.000
-1.000
4.506
-1.000
-1.000
4.505
3.969
-1.000
-1.000
4.286
4.984
-1.000
-1.000
-1.000
-1.000
-1.000
-1.000
3.815
5.402
-1.000
-1.000
-1.000
-1.000
-1.000
-1.000
2.971
-1.000
-1.000
4.090
-1.000
-1.000
3.930
3.950
-1.000
-1.000
-1.000
-1.000
-1.000
5.048
-1.000
-1.000
-1.000
-1.000
-1.000
-1.000
-1.000
3.773
-1.000
-1.000
3.275
-1.000
5.632
4.403
-1.000
-1.000
-1.000
-1.000
-1.000
6.100
-1.000
-1.000
4.072
-1.000
5.684
-1.000
-1.000
4.975
-1.000
-1.000
-1.000
-1.000
-1.000
-1.000
-1.000
3.106
-1.000
-1.000
-1.000
5.924
-1.000
-1.000
-1.000
-1.000
-1.000
3.842
-1.000
-1.000
5.185
-1.000
-1.000
-1.000
-1.000
-1.000
-1.000
-1.000
-1.000
-1.000
3.907
-1.000
-1.000
-1.000
-1.000
4.208
-1.000
3.780
-1.000
-1.000
-1.000
-1.000
-1.000
-1.000
4.079
-1.000
-1.000
-1.000
-1.000
-1.000
-1.000
-1.000
-1.000
3.431
-1.000
-1.000
-1.000
4.508
-1.000
4.386
-1.000
-1.000
-1.000
-1.000
-1.000
-1.000
-1.000
-1.000
-1.000
-1.000
-1.000
4.124
-1.000
-1.000
-1.000
-1.000
3.896
4.282
-1.000
5.895
5.627
-1.000
-1.000
-1.000
-1.000
-1.000
-1.000
-1.000
-1.000
-1.000
-1.000
-1.000
4.393
-1.000
-1.000
4.266
-1.000
-1.000
-1.000
-1.000
-1.000
-1.000
-1.000
-1.000
4.377
-1.000
-1.000
-1.000
-1.000
4.055
5.741
3.774
-1.000
-1.000
-1.000
-1.000
-1.000
-1.000
-1.000
4.710
4.117
-1.000
3.854
-1.000
-1.000
-1.000
-1.000
-1.000
-1.000
-1.000
-1.000
-1.000
-1.000
-1.000
2.643
3.925
-1.000
4.616
-1.000
4.764
-1.000
-1.000
-1.000
-1.000
-1.000
-1.000
5.004
4.928
4.481
-1.000
-1.000
-1.000
-1.000
-1.000
-1.000
-1.000
4.513
4.487
-1.000
-1.000
-1.000
-1.000
-1.000
-1.000
5.477
-1.000
-1.000
-1.000
4.664
4.312
-1.000
-1.000
-1.000
-1.000
4.237
5.171
-1.000
-1.000
-1.000
-1.000
4.194
-1.000
4.211
-1.000
4.155
-1.000
-1.000
3.406
-1.000
-1.000
-1.000
-1.000
4.570
-1.000
-1.000
-1.000
-1.000
-1.000
-1.000
-1.000
-1.000
-1.000
-1.000
-1.000
-1.000
-1.000
-1.000
-1.000
-1.000
4.369
-1.000
3.786
3.929
-1.000
-1.000
-1.000
-1.000
4.168
-1.000
-1.000
-1.000
3.427
-1.000
4.369
4.215
-1.000
-1.000
-1.000
4.274
-1.000
4.489
-1.000
-1.000
-1.000
-1.000
-1.000
-1.000
-1.000
-1.000
-1.000
3.974
-1.000
-1.000
-1.000
-1.000
4.795
-1.000
3.796
-1.000
4.190
-1.000
-1.000
-1.000
4.445
-1.000
-1.000
-1.000
-1.000
-1.000
5.171
4.452
-1.000
-1.000
-1.000
-1.000
-1.000
-1.000
-1.000
-1.000
-1.000
4.527
-1.000
-1.000
-1.000
4.159
-1.000
-1.000
3.583
-1.000
-1.000
-1.000
3.836
-1.000
-1.000
4.591
-1.000
4.836
-1.000
-1.000
-1.000
-1.000
-1.000
-1.000
-1.000
-1.000
4.741
-1.000
-1.000
-1.000
-1.000
-1.000
-1.000
-1.000
-1.000
-1.000
-1.000
-1.000
-1.000
4.422
-1.000
-1.000
-1.000
-1.000
-1.000
-1.000
-1.000
-1.000
-1.000
-1.000
5.028
5.296
-1.000
-1.000
3.080
-1.000
-1.000
-1.000
-1.000
-1.000
3.887
-1.000
4.191
-1.000
-1.000
4.513
4.941
-1.000
-1.000
-1.000
-1.000
-1.000
-1.000
4.614
-1.000
-1.000
-1.000
-1.000
-1.000
-1.000
-1.000
4.997
-1.000
-1.000
-1.000
4.618
-1.000
-1.000
-1.000
-1.000
-1.000
3.854
-1.000
-1.000
4.618
4.492
-1.000
-1.000
-1.000
-1.000
-1.000
4.466
-1.000
-1.000
2.671
-1.000
-1.000
-1.000
-1.000
-1.000
-1.000
-1.000
5.033
-1.000
2.859
-1.000
-1.000
-1.000
-1.000
-1.000
-1.000
-1.000
5.171
-1.000
4.739
-1.000
3.717
4.571
-1.000
5.144
3.253
-1.000
-1.000
3.744
-1.000
-1.000
6.288
4.693
-1.000
5.408
-1.000
-1.000
-1.000
-1.000
-1.000
-1.000
4.451
-1.000
-1.000
-1.000
-1.000
-1.000
-1.000
-1.000
-1.000
-1.000
-1.000
-1.000
-1.000
3.558
-1.000
-1.000
-1.000
-1.000
-1.000
-1.000
-1.000
-1.000
-1.000
-1.000
-1.000
-1.000
-1.000
-1.000
-1.000
-1.000
3.147
-1.000
-1.000
4.351
-1.000
4.372
-1.000
-1.000
-1.000
-1.000
4.730
-1.000
-1.000
-1.000
-1.000
-1.000
-1.000
-1.000
-1.000
-1.000
-1.000
-1.000
-1.000
-1.000
-1.000
4.006
5.662
-1.000
4.848
-1.000
-1.000
4.338
-1.000
-1.000
2.644
-1.000
-1.000
-1.000
3.034
3.921
-1.000
-1.000
4.004
-1.000
-1.000
-1.000
-1.000
-1.000
-1.000
5.434
-1.000
4.809
-1.000
-1.000
3.361
-1.000
-1.000
-1.000
-1.000
-1.000
-1.000
-1.000
-1.000
-1.000
-1.000
4.639
3.994
-1.000
-1.000
-1.000
3.497
-1.000
4.433
-1.000
-1.000
3.851
-1.000
4.183
-1.000
-1.000
-1.000
3.498
3.893
3.868
-1.000
-1.000
4.922
-1.000
-1.000
-1.000
-1.000
-1.000
4.190
-1.000
-1.000
-1.000
-1.000
-1.000
-1.000
-1.000
-1.000
-1.000
-1.000
-1.000
-1.000
-1.000
4.200
-1.000
-1.000
-1.000
-1.000
-1.000
-1.000
-1.000
-1.000
4.714
-1.000
4.876
-1.000
-1.000
-1.000
4.861
-1.000
-1.000
5.386
-1.000
-1.000
-1.000
-1.000
-1.000
5.996
-1.000
-1.000
-1.000
-1.000
-1.000
4.651
-1.000
-1.000
2.480
-1.000
-1.000
-1.000
-1.000
-1.000
4.483
-1.000
-1.000
-1.000
-1.000
-1.000
-1.000
-1.000
-1.000
-1.000
-1.000
-1.000
-1.000
-1.000
-1.000
4.115
-1.000
-1.000
-1.000
4.002
-1.000
-1.000
-1.000
4.061
4.161
-1.000
5.313
-1.000
-1.000
-1.000
-1.000
5.153
-1.000
4.364
-1.000
-1.000
-1.000
-1.000
-1.000
4.303
-1.000
-1.000
-1.000
-1.000
3.905
-1.000
4.144
-1.000
-1.000
4.870
-1.000
-1.000
-1.000
-1.000
-1.000
-1.000
-1.000
-1.000
3.873
-1.000
-1.000
-1.000
5.521
-1.000
-1.000
-1.000
-1.000
-1.000
5.662
-1.000
-1.000
-1.000
-1.000
-1.000
5.437
-1.000
-1.000
-1.000
-1.000
-1.000
-1.000
6.054
5.978
4.843
-1.000
-1.000
-1.000
-1.000
-1.000
-1.000
-1.000
-1.000
-1.000
-1.000
-1.000
-1.000
-1.000
-1.000
-1.000
-1.000
-1.000
-1.000
-1.000
-1.000
4.498
-1.000
4.545
3.750
-1.000
-1.000
-1.000
-1.000
4.242
-1.000
-1.000
-1.000
-1.000
5.086
4.929
-1.000
4.938
-1.000
4.633
-1.000
-1.000
3.537
-1.000
-1.000
-1.000
-1.000
-1.000
-1.000
-1.000
-1.000
5.677
-1.000
-1.000
-1.000
-1.000
-1.000
-1.000
-1.000
-1.000
-1.000
-1.000
3.358
-1.000
-1.000
-1.000
-1.000
-1.000
-1.000
-1.000
5.090
-1.000
-1.000
-1.000
-1.000
-1.000
-1.000
-1.000
-1.000
-1.000
-1.000
-1.000
-1.000
-1.000
-1.000
-1.000
-1.000
-1.000
-1.000
-1.000
-1.000
-1.000
-1.000
-1.000
-1.000
-1.000
-1.000
3.957
-1.000
-1.000
3.825
-1.000
-1.000
-1.000
-1.000
-1.000
-1.000
-1.000
-1.000
-1.000
-1.000
-1.000
-1.000
-1.000
-1.000
-1.000
-1.000
-1.000
-1.000
4.878
-1.000
-1.000
-1.000
-1.000
-1.000
-1.000
4.665
4.232
-1.000
-1.000
-1.000
4.234
-1.000
-1.000
-1.000
-1.000
-1.000
-1.000
-1.000
-1.000
-1.000
-1.000
-1.000
-1.000
-1.000
-1.000
-1.000
4.268
-1.000
-1.000
4.545
-1.000
5.173
-1.000
-1.000
4.101
5.405
-1.000
-1.000
-1.000
-1.000
-1.000
-1.000
4.779
-1.000
3.474
-1.000
-1.000
-1.000
-1.000
-1.000
-1.000
-1.000
3.478
-1.000
-1.000
-1.000
-1.000
-1.000
4.212
-1.000
-1.000
-1.000
-1.000
5.394
-1.000
-1.000
-1.000
-1.000
-1.000
-1.000
4.362
-1.000
-1.000
-1.000
-1.000
3.956
5.761
2.938
-1.000
-1.000
-1.000
-1.000
-1.000
4.331
-1.000
-1.000
-1.000
-1.000
-1.000
4.085
-1.000
-1.000
-1.000
4.518
-1.000
-1.000
-1.000
4.666
-1.000
-1.000
-1.000
4.759
-1.000
-1.000
-1.000
-1.000
-1.000
-1.000
-1.000
-1.000
-1.000
-1.000
-1.000
-1.000
-1.000
-1.000
-1.000
-1.000
-1.000
-1.000
-1.000
-1.000
-1.000
-1.000
4.538
-1.000
-1.000
4.650
-1.000
-1.000
-1.000
5.503
4.589
-1.000
-1.000
-1.000
-1.000
-1.000
-1.000
-1.000
-1.000
-1.000
-1.000
4.642
-1.000
-1.000
-1.000
-1.000
-1.000
-1.000
-1.000
4.306
3.683
-1.000
-1.000
-1.000
6.134
-1.000
2.110
-1.000
-1.000
-1.000
-1.000
4.311
-1.000
-1.000
-1.000
-1.000
-1.000
-1.000
-1.000
-1.000
5.366
-1.000
-1.000
-1.000
-1.000
-1.000
-1.000
-1.000
-1.000
4.626
3.285
-1.000
-1.000
-1.000
3.788
-1.000
-1.000
-1.000
4.325
3.680
-1.000
4.160
-1.000
-1.000
-1.000
4.103
-1.000
4.339
-1.000
-1.000
-1.000
-1.000
4.245
-1.000
-1.000
-1.000
5.129
-1.000
-1.000
-1.000
-1.000
-1.000
4.821
-1.000
4.667
-1.000
-1.000
-1.000
-1.000
4.640
-1.000
-1.000
-1.000
-1.000
-1.000
-1.000
3.278
-1.000
-1.000
-1.000
4.504
-1.000
2.831
-1.000
-1.000
4.344
-1.000
-1.000
4.420
-1.000
-1.000
3.674
-1.000
-1.000
-1.000
-1.000
3.515
-1.000
-1.000
-1.000
-1.000
4.217
-1.000
-1.000
-1.000
-1.000
-1.000
-1.000
-1.000
-1.000
-1.000
4.031
-1.000
-1.000
-1.000
-1.000
4.157
-1.000
-1.000
-1.000
-1.000
4.639
-1.000
-1.000
4.209
5.096
-1.000
-1.000
4.565
-1.000
-1.000
-1.000
-1.000
-1.000
-1.000
-1.000
-1.000
-1.000
-1.000
-1.000
-1.000
-1.000
3.667
4.416
-1.000
-1.000
5.307
3.732
-1.000
-1.000
-1.000
-1.000
-1.000
-1.000
-1.000
3.163
4.237
3.930
3.870
-1.000
4.049
-1.000
-1.000
-1.000
4.794
-1.000
-1.000
-1.000
-1.000
4.042
5.071
4.731
3.869
-1.000
-1.000
-1.000
4.141
-1.000
-1.000
-1.000
-1.000
-1.000
5.033
4.353
4.705
4.082
-1.000
4.227
-1.000
4.380
-1.000
-1.000
-1.000
-1.000
3.895
-1.000
-1.000
4.941
-1.000
-1.000
-1.000
-1.000
-1.000
-1.000
4.299
-1.000
3.977
-1.000
-1.000
4.402
-1.000
-1.000
-1.000
3.621
-1.000
4.476
-1.000
3.109
-1.000
-1.000
-1.000
-1.000
-1.000
-1.000
-1.000
-1.000
-1.000
-1.000
-1.000
-1.000
-1.000
4.320
-1.000
-1.000
-1.000
-1.000
-1.000
-1.000
-1.000
-1.000
4.482
-1.000
-1.000
4.254
-1.000
4.742
5.104
-1.000
-1.000
5.329
-1.000
3.861
-1.000
-1.000
3.256
-1.000
3.376
-1.000
-1.000
-1.000
-1.000
-1.000
-1.000
4.093
3.710
-1.000
-1.000
-1.000
-1.000
-1.000
-1.000
-1.000
3.322
4.687
-1.000
-1.000
-1.000
-1.000
-1.000
-1.000
-1.000
-1.000
-1.000
2.817
-1.000
-1.000
3.573
-1.000
-1.000
-1.000
-1.000
-1.000
-1.000
-1.000
4.797
-1.000
-1.000
-1.000
-1.000
-1.000
-1.000
-1.000
-1.000
-1.000
-1.000
-1.000
4.502
4.693
-1.000
-1.000
-1.000
-1.000
-1.000
-1.000
-1.000
4.247
-1.000
-1.000
-1.000
-1.000
-1.000
-1.000
-1.000
-1.000
-1.000
-1.000
-1.000
-1.000
-1.000
-1.000
3.962
-1.000
-1.000
-1.000
-1.000
-1.000
-1.000
-1.000
3.946
-1.000
-1.000
-1.000
-1.000
-1.000
-1.000
3.666
-1.000
-1.000
-1.000
-1.000
-1.000
-1.000
-1.000
4.577
-1.000
-1.000
-1.000
-1.000
-1.000
-1.000
3.437
-1.000
3.625
-1.000
-1.000
-1.000
-1.000
3.707
4.705
-1.000
-1.000
-1.000
-1.000
-1.000
-1.000
-1.000
-1.000
-1.000
-1.000
-1.000
-1.000
4.197
-1.000
3.540
4.655
-1.000
-1.000
-1.000
-1.000
4.443
-1.000
-1.000
-1.000
-1.000
-1.000
-1.000
-1.000
-1.000
3.731
4.185
-1.000
-1.000
3.941
4.160
-1.000
-1.000
-1.000
-1.000
4.022
-1.000
-1.000
-1.000
-1.000
-1.000
-1.000
-1.000
-1.000
-1.000
-1.000
-1.000
-1.000
-1.000
3.703
-1.000
-1.000
-1.000
-1.000
-1.000
-1.000
6.048
3.365
-1.000
-1.000
-1.000
-1.000
-1.000
2.792
-1.000
2.991
-1.000
-1.000
5.136
-1.000
-1.000
-1.000
-1.000
-1.000
-1.000
-1.000
-1.000
3.750
-1.000
3.779
-1.000
-1.000
-1.000
3.729
-1.000
-1.000
-1.000
4.396
-1.000
-1.000
-1.000
-1.000
-1.000
4.596
-1.000
-1.000
-1.000
3.824
3.670
-1.000
-1.000
6.101
-1.000
-1.000
4.141
3.703
3.390
-1.000
-1.000
-1.000
3.637
3.972
-1.000
-1.000
-1.000
-1.000
-1.000
4.599
-1.000
-1.000
-1.000
-1.000
-1.000
4.013
-1.000
-1.000
-1.000
-1.000
2.957
-1.000
-1.000
-1.000
-1.000
-1.000
-1.000
-1.000
-1.000
3.587
-1.000
3.762
-1.000
-1.000
3.219
-1.000
4.958
-1.000
-1.000
-1.000
-1.000
-1.000
4.612
-1.000
-1.000
5.274
-1.000
4.282
-1.000
-1.000
-1.000
-1.000
-1.000
-1.000
-1.000
-1.000
-1.000
-1.000
-1.000
-1.000
-1.000
-1.000
-1.000
-1.000
-1.000
-1.000
-1.000
-1.000
-1.000
-1.000
-1.000
-1.000
-1.000
-1.000
-1.000
-1.000
-1.000
-1.000
-1.000
-1.000
-1.000
-1.000
-1.000
-1.000
-1.000
-1.000
3.167
-1.000
-1.000
-1.000
-1.000
-1.000
-1.000
-1.000
-1.000
3.243
-1.000
-1.000
-1.000
-1.000
-1.000
-1.000
-1.000
4.238
-1.000
-1.000
-1.000
-1.000
-1.000
-1.000
-1.000
-1.000
-1.000
-1.000
-1.000
-1.000
-1.000
4.258
-1.000
-1.000
-1.000
-1.000
-1.000
-1.000
-1.000
-1.000
-1.000
-1.000
-1.000
-1.000
-1.000
-1.000
-1.000
-1.000
-1.000
-1.000
-1.000
-1.000
-1.000
-1.000
-1.000
-1.000
-1.000
4.014
-1.000
-1.000
-1.000
-1.000
-1.000
3.769
-1.000
-1.000
-1.000
-1.000
-1.000
-1.000
4.580
-1.000
-1.000
-1.000
-1.000
-1.000
-1.000
-1.000
-1.000
-1.000
-1.000
-1.000
-1.000
-1.000
-1.000
-1.000
-1.000
-1.000
-1.000
-1.000
-1.000
-1.000
-1.000
-1.000
-1.000
-1.000
-1.000
-1.000
-1.000
-1.000
-1.000
-1.000
-1.000
-1.000
-1.000
-1.000
-1.000
-1.000
-1.000
-1.000
-1.000
-1.000
-1.000
-1.000
-1.000
-1.000
-1.000
-1.000
-1.000
-1.000
-1.000
-1.000
-1.000
-1.000
-1.000
-1.000
-1.000
-1.000
-1.000
-1.000
-1.000
-1.000
-1.000
-1.000
-1.000
-1.000
-1.000
-1.000
-1.000
-1.000
-1.000
-1.000
-1.000
-1.000
-1.000
-1.000
-1.000
-1.000
-1.000
-1.000
-1.000
-1.000
-1.000
-1.000
-1.000
-1.000
-1.000
-1.000
-1.000
-1.000
-1.000
-1.000
-1.000
-1.000
-1.000
-1.000
-1.000
-1.000
-1.000
-1.000
-1.000
-1.000
-1.000
-1.000
-1.000
-1.000
-1.000
-1.000
-1.000
-1.000
-1.000
-1.000
-1.000
-1.000
-1.000
-1.000
-1.000
-1.000
-1.000
-1.000
-1.000
-1.000
-1.000
-1.000
-1.000
-1.000
-1.000
-1.000
-1.000
-1.000
-1.000
-1.000
-1.000
-1.000
-1.000
-1.000
-1.000
-1.000
-1.000
-1.000
-1.000
-1.000
-1.000
-1.000
-1.000
-1.000
-1.000
-1.000
-1.000
-1.000
-1.000
-1.000
-1.000
-1.000
-1.000
3.622
-1.000
-1.000
-1.000
-1.000
-1.000
-1.000
-1.000
4.358
4.039
-1.000
-1.000
-1.000
-1.000
-1.000
-1.000
-1.000
-1.000
-1.000
-1.000
-1.000
-1.000
-1.000
-1.000
-1.000
-1.000
-1.000
-1.000
-1.000
-1.000
-1.000
-1.000
-1.000
-1.000
-1.000
-1.000
-1.000
-1.000
-1.000
-1.000
-1.000
-1.000
-1.000
-1.000
-1.000
-1.000
-1.000
-1.000
-1.000
-1.000
-1.000
-1.000
-1.000
-1.000
-1.000
-1.000
-1.000
-1.000
-1.000
-1.000
-1.000
-1.000
-1.000
-1.000
-1.000
-1.000
-1.000
-1.000
-1.000
-1.000
-1.000
-1.000
-1.000
-1.000
-1.000
-1.000
-1.000
-1.000
-1.000
-1.000
-1.000
4.433
-1.000
-1.000
-1.000
-1.000
-1.000
-1.000
-1.000
-1.000
-1.000
-1.000
-1.000
-1.000
-1.000
-1.000
-1.000
-1.000
-1.000
-1.000
-1.000
-1.000
-1.000
-1.000
-1.000
-1.000
-1.000
-1.000
-1.000
-1.000
-1.000
-1.000
-1.000
-1.000
-1.000
-1.000
-1.000
-1.000
-1.000
-1.000
-1.000
-1.000
-1.000
-1.000
-1.000
-1.000
-1.000
-1.000
-1.000
-1.000
-1.000
4.070
-1.000
-1.000
-1.000
-1.000
-1.000
-1.000
3.870
-1.000
-1.000
-1.000
-1.000
-1.000
-1.000
-1.000
-1.000
-1.000
-1.000
-1.000
-1.000
-1.000
-1.000
-1.000
-1.000
-1.000
-1.000
3.972
-1.000
-1.000
-1.000
-1.000
-1.000
-1.000
-1.000
-1.000
-1.000
-1.000
-1.000
-1.000
-1.000
-1.000
-1.000
-1.000
-1.000
-1.000
-1.000
-1.000
-1.000
-1.000
-1.000
-1.000
-1.000
-1.000
-1.000
-1.000
-1.000
-1.000
-1.000
-1.000
-1.000
-1.000
-1.000
-1.000
-1.000
-1.000
-1.000
-1.000
-1.000
-1.000
-1.000
-1.000
-1.000
-1.000
-1.000
-1.000
-1.000
-1.000
-1.000
-1.000
-1.000
-1.000
-1.000
-1.000
-1.000
-1.000
-1.000
-1.000
-1.000
-1.000
-1.000
-1.000
-1.000
-1.000
-1.000
-1.000
-1.000
-1.000
-1.000
-1.000
-1.000
-1.000
-1.000
-1.000
-1.000
-1.000
-1.000
-1.000
-1.000
-1.000
-1.000
-1.000
-1.000
-1.000
-1.000
-1.000
-1.000
-1.000
-1.000
-1.000
-1.000
-1.000
-1.000
-1.000
-1.000
-1.000
-1.000
-1.000
-1.000
-1.000
-1.000
-1.000
-1.000
-1.000
-1.000
-1.000
4.623
-1.000
-1.000
-1.000
-1.000
-1.000
-1.000
-1.000
-1.000
-1.000
-1.000
-1.000
-1.000
-1.000
-1.000
5.112
-1.000
-1.000
-1.000
-1.000
3.974
-1.000
4.608
-1.000
-1.000
-1.000
-1.000
-1.000
-1.000
-1.000
-1.000
-1.000
-1.000
-1.000
-1.000
-1.000
-1.000
-1.000
-1.000
-1.000
-1.000
-1.000
-1.000
5.039
5.396
-1.000
-1.000
-1.000
-1.000
-1.000
-1.000
-1.000
-1.000
-1.000
-1.000
-1.000
-1.000
-1.000
-1.000
-1.000
-1.000
-1.000
-1.000
-1.000
-1.000
-1.000
-1.000
-1.000
-1.000
4.431
-1.000
-1.000
-1.000
-1.000
-1.000
-1.000
-1.000
-1.000
-1.000
-1.000
-1.000
-1.000
-1.000
-1.000
-1.000
-1.000
-1.000
-1.000
-1.000
-1.000
-1.000
4.980
-1.000
-1.000
-1.000
-1.000
-1.000
4.838
-1.000
-1.000
4.697
-1.000
-1.000
-1.000
-1.000
-1.000
-1.000
-1.000
-1.000
4.881
-1.000
-1.000
-1.000
-1.000
-1.000
-1.000
-1.000
-1.000
-1.000
-1.000
-1.000
-1.000
-1.000
-1.000
-1.000
-1.000
-1.000
-1.000
-1.000
-1.000
-1.000
-1.000
-1.000
-1.000
4.985
4.989
-1.000
-1.000
3.627
-1.000
4.581
-1.000
-1.000
-1.000
-1.000
-1.000
-1.000
5.324
-1.000
-1.000
-1.000
-1.000
-1.000
5.107
-1.000
-1.000
-1.000
-1.000
-1.000
-1.000
-1.000
-1.000
4.860
-1.000
-1.000
-1.000
-1.000
-1.000
-1.000
-1.000
-1.000
-1.000
-1.000
-1.000
-1.000
-1.000
4.272
4.675
-1.000
-1.000
4.393
-1.000
-1.000
-1.000
-1.000
-1.000
-1.000
-1.000
-1.000
-1.000
-1.000
-1.000
-1.000
-1.000
5.174
-1.000
-1.000
-1.000
-1.000
4.792
-1.000
-1.000
-1.000
-1.000
-1.000
-1.000
-1.000
-1.000
-1.000
-1.000
-1.000
-1.000
-1.000
-1.000
-1.000
-1.000
-1.000
-1.000
-1.000
-1.000
-1.000
-1.000
-1.000
-1.000
-1.000
-1.000
-1.000
-1.000
4.722
4.638
-1.000
-1.000
-1.000
3.794
-1.000
-1.000
-1.000
3.532
4.646
-1.000
-1.000
-1.000
-1.000
-1.000
-1.000
-1.000
-1.000
-1.000
3.784
-1.000
-1.000
-1.000
-1.000
5.051
3.993
-1.000
-1.000
-1.000
-1.000
-1.000
-1.000
-1.000
-1.000
-1.000
-1.000
-1.000
-1.000
-1.000
-1.000
4.544
-1.000
-1.000
-1.000
4.725
-1.000
-1.000
-1.000
-1.000
-1.000
-1.000
-1.000
-1.000
-1.000
-1.000
5.344
-1.000
-1.000
-1.000
4.638
-1.000
-1.000
-1.000
-1.000
-1.000
-1.000
-1.000
-1.000
-1.000
-1.000
-1.000
-1.000
-1.000
-1.000
-1.000
-1.000
-1.000
-1.000
-1.000
-1.000
-1.000
4.473
-1.000
-1.000
-1.000
-1.000
-1.000
-1.000
-1.000
-1.000
-1.000
-1.000
-1.000
-1.000
-1.000
-1.000
-1.000
-1.000
-1.000
-1.000
-1.000
-1.000
-1.000
-1.000
-1.000
-1.000
-1.000
-1.000
-1.000
4.385
-1.000
-1.000
-1.000
-1.000
-1.000
-1.000
-1.000
-1.000
-1.000
-1.000
-1.000
-1.000
-1.000
-1.000
-1.000
-1.000
-1.000
-1.000
-1.000
-1.000
4.777
-1.000
-1.000
-1.000
-1.000
-1.000
-1.000
-1.000
-1.000
-1.000
-1.000
-1.000
-1.000
-1.000
-1.000
5.352
-1.000
-1.000
-1.000
-1.000
-1.000
-1.000
-1.000
4.712
-1.000
-1.000
-1.000
-1.000
-1.000
-1.000
-1.000
-1.000
-1.000
-1.000
-1.000
-1.000
-1.000
-1.000
-1.000
-1.000
-1.000
-1.000
4.833
4.103
-1.000
-1.000
-1.000
-1.000
5.011
-1.000
-1.000
-1.000
-1.000
5.300
-1.000
-1.000
4.031
-1.000
-1.000
-1.000
-1.000
-1.000
-1.000
-1.000
-1.000
-1.000
-1.000
-1.000
4.043
4.440
-1.000
-1.000
4.814
-1.000
-1.000
-1.000
-1.000
-1.000
-1.000
-1.000
-1.000
-1.000
4.288
-1.000
-1.000
-1.000
-1.000
-1.000
5.080
-1.000
5.466
-1.000
-1.000
4.285
-1.000
-1.000
-1.000
-1.000
-1.000
-1.000
-1.000
-1.000
-1.000
4.514
-1.000
-1.000
-1.000
-1.000
4.604
-1.000
-1.000
-1.000
-1.000
5.148
-1.000
-1.000
-1.000
-1.000
-1.000
-1.000
-1.000
-1.000
5.059
-1.000
-1.000
-1.000
-1.000
-1.000
-1.000
-1.000
-1.000
-1.000
-1.000
-1.000
-1.000
-1.000
-1.000
-1.000
4.000
-1.000
-1.000
-1.000
-1.000
-1.000
-1.000
-1.000
-1.000
-1.000
-1.000
-1.000
-1.000
-1.000
-1.000
-1.000
-1.000
-1.000
-1.000
-1.000
3.825
4.030
-1.000
-1.000
-1.000
-1.000
-1.000
3.813
-1.000
-1.000
-1.000
-1.000
-1.000
-1.000
-1.000
-1.000
-1.000
-1.000
-1.000
-1.000
-1.000
-1.000
-1.000
-1.000
-1.000
-1.000
-1.000
-1.000
-1.000
-1.000
-1.000
-1.000
-1.000
-1.000
-1.000
-1.000
-1.000
-1.000
-1.000
-1.000
-1.000
-1.000
-1.000
-1.000
-1.000
-1.000
-1.000
-1.000
-1.000
-1.000
-1.000
-1.000
-1.000
-1.000
-1.000
-1.000
-1.000
-1.000
-1.000
-1.000
-1.000
-1.000
-1.000
-1.000
-1.000
-1.000
-1.000
-1.000
-1.000
-1.000
-1.000
-1.000
-1.000
-1.000
-1.000
-1.000
-1.000
-1.000
-1.000
-1.000
-1.000
-1.000
-1.000
-1.000
-1.000
-1.000
-1.000
-1.000
-1.000
-1.000
-1.000
-1.000
-1.000
-1.000
-1.000
-1.000
-1.000
-1.000
-1.000
-1.000
-1.000
-1.000
-1.000
-1.000
-1.000
-1.000
-1.000
-1.000
-1.000
-1.000
-1.000
-1.000
-1.000
-1.000
-1.000
-1.000
-1.000
-1.000
-1.000
-1.000
-1.000
-1.000
-1.000
-1.000
-1.000
-1.000
-1.000
-1.000
-1.000
-1.000
-1.000
-1.000
-1.000
-1.000
-1.000
-1.000
-1.000
-1.000
-1.000
-1.000
-1.000
-1.000
-1.000
-1.000
-1.000
-1.000
-1.000
-1.000
-1.000
-1.000
-1.000
-1.000
-1.000
-1.000
-1.000
-1.000
-1.000
-1.000
-1.000
-1.000
-1.000
-1.000
-1.000
-1.000
-1.000
-1.000
-1.000
-1.000
-1.000
-1.000
-1.000
-1.000
-1.000
-1.000
-1.000
-1.000
-1.000
-1.000
-1.000
-1.000
-1.000
-1.000
-1.000
-1.000
-1.000
-1.000
-1.000
-1.000
-1.000
-1.000
-1.000
-1.000
-1.000
-1.000
-1.000
-1.000
-1.000
-1.000
-1.000
-1.000
-1.000
-1.000
-1.000
-1.000
-1.000
-1.000
-1.000
-1.000
-1.000
-1.000
-1.000
-1.000
-1.000
-1.000
-1.000
-1.000
-1.000
-1.000
-1.000
-1.000
-1.000
-1.000
-1.000
-1.000
-1.000
-1.000
-1.000
4.130
-1.000
-1.000
-1.000
-1.000
-1.000
-1.000
-1.000
-1.000
-1.000
-1.000
-1.000
-1.000
-1.000
-1.000
-1.000
-1.000
-1.000
-1.000
-1.000
-1.000
-1.000
-1.000
-1.000
-1.000
-1.000
-1.000
-1.000
-1.000
-1.000
-1.000
-1.000
-1.000
-1.000
-1.000
4.100
-1.000
-1.000
-1.000
-1.000
-1.000
-1.000
-1.000
-1.000
-1.000
-1.000
-1.000
4.553
-1.000
-1.000
-1.000
-1.000
-1.000
-1.000
-1.000
-1.000
-1.000
-1.000
-1.000
-1.000
-1.000
-1.000
3.731
-1.000
-1.000
-1.000
-1.000
-1.000
-1.000
-1.000
-1.000
-1.000
-1.000
4.294
-1.000
-1.000
-1.000
-1.000
-1.000
-1.000
-1.000
-1.000
-1.000
-1.000
-1.000
-1.000
-1.000
4.150
-1.000
-1.000
-1.000
-1.000
-1.000
-1.000
3.929
-1.000
-1.000
-1.000
-1.000
4.849
4.331
-1.000
-1.000
-1.000
-1.000
-1.000
-1.000
-1.000
-1.000
4.355
-1.000
-1.000
-1.000
4.725
-1.000
-1.000
-1.000
-1.000
-1.000
-1.000
-1.000
-1.000
4.147
4.816
-1.000
-1.000
-1.000
-1.000
-1.000
-1.000
-1.000
4.328
-1.000
-1.000
-1.000
-1.000
-1.000
-1.000
-1.000
-1.000
-1.000
4.500
-1.000
-1.000
-1.000
-1.000
-1.000
-1.000
-1.000
-1.000
-1.000
5.218
-1.000
4.242
-1.000
-1.000
-1.000
-1.000
-1.000
-1.000
-1.000
-1.000
-1.000
-1.000
-1.000
-1.000
-1.000
-1.000
-1.000
-1.000
5.032
4.238
-1.000
-1.000
-1.000
-1.000
-1.000
-1.000
4.156
3.721
-1.000
3.848
4.982
-1.000
-1.000
-1.000
4.708
-1.000
-1.000
-1.000
-1.000
-1.000
-1.000
-1.000
-1.000
-1.000
-1.000
3.673
-1.000
-1.000
-1.000
-1.000
-1.000
-1.000
-1.000
-1.000
-1.000
-1.000
-1.000
-1.000
-1.000
-1.000
-1.000
-1.000
-1.000
-1.000
-1.000
-1.000
-1.000
-1.000
-1.000
-1.000
-1.000
-1.000
-1.000
-1.000
-1.000
-1.000
-1.000
-1.000
-1.000
-1.000
-1.000
-1.000
-1.000
-1.000
-1.000
-1.000
-1.000
-1.000
-1.000
-1.000
-1.000
-1.000
-1.000
-1.000
-1.000
-1.000
-1.000
-1.000
-1.000
-1.000
-1.000
-1.000
-1.000
-1.000
-1.000
-1.000
-1.000
-1.000
-1.000
-1.000
-1.000
-1.000
-1.000
-1.000
-1.000
-1.000
-1.000
-1.000
-1.000
-1.000
-1.000
-1.000
-1.000
-1.000
-1.000
-1.000
-1.000
-1.000
-1.000
-1.000
-1.000
-1.000
-1.000
-1.000
-1.000
-1.000
-1.000
-1.000
-1.000
-1.000
-1.000
-1.000
-1.000
-1.000
-1.000
-1.000
-1.000
-1.000
-1.000
-1.000
-1.000
-1.000
-1.000
-1.000
-1.000
-1.000
-1.000
-1.000
-1.000
-1.000
-1.000
-1.000
-1.000
-1.000
-1.000
-1.000
-1.000
-1.000
-1.000
-1.000
-1.000
-1.000
-1.000
4.571
3.558
-1.000
-1.000
-1.000
-1.000
-1.000
-1.000
-1.000
-1.000
-1.000
-1.000
-1.000
-1.000
-1.000
-1.000
-1.000
-1.000
-1.000
-1.000
-1.000
-1.000
-1.000
-1.000
-1.000
-1.000
-1.000
-1.000
-1.000
-1.000
-1.000
-1.000
-1.000
-1.000
-1.000
-1.000
-1.000
-1.000
-1.000
-1.000
-1.000
-1.000
-1.000
-1.000
-1.000
-1.000
-1.000
-1.000
-1.000
-1.000
-1.000
-1.000
-1.000
-1.000
-1.000
-1.000
-1.000
-1.000
-1.000
-1.000
-1.000
-1.000
-1.000
-1.000
-1.000
-1.000
-1.000
-1.000
-1.000
-1.000
-1.000
-1.000
-1.000
-1.000
-1.000
-1.000
-1.000
-1.000
-1.000
-1.000
-1.000
-1.000
-1.000
-1.000
-1.000
-1.000
-1.000
-1.000
-1.000
-1.000
-1.000
-1.000
-1.000
-1.000
-1.000
3.370
-1.000
-1.000
-1.000
-1.000
-1.000
-1.000
-1.000
-1.000
-1.000
-1.000
-1.000
-1.000
-1.000
3.945
-1.000
-1.000
-1.000
-1.000
-1.000
-1.000
-1.000
-1.000
-1.000
-1.000
-1.000
-1.000
-1.000
-1.000
-1.000
-1.000
-1.000
-1.000
-1.000
-1.000
-1.000
-1.000
-1.000
-1.000
3.896
-1.000
-1.000
-1.000
3.969
3.664
-1.000
-1.000
-1.000
-1.000
-1.000
-1.000
-1.000
-1.000
-1.000
-1.000
-1.000
-1.000
-1.000
-1.000
-1.000
-1.000
-1.000
-1.000
3.906
-1.000
-1.000
-1.000
-1.000
-1.000
4.274
-1.000
-1.000
-1.000
-1.000
-1.000
-1.000
-1.000
4.118
3.778
3.876
-1.000
-1.000
-1.000
-1.000
4.544
-1.000
-1.000
-1.000
-1.000
-1.000
-1.000
-1.000
-1.000
-1.000
-1.000
-1.000
4.280
-1.000
-1.000
-1.000
-1.000
4.440
-1.000
-1.000
-1.000
4.160
-1.000
-1.000
-1.000
-1.000
-1.000
4.180
-1.000
-1.000
-1.000
-1.000
-1.000
-1.000
-1.000
-1.000
-1.000
-1.000
-1.000
-1.000
-1.000
-1.000
-1.000
-1.000
-1.000
-1.000
-1.000
-1.000
-1.000
-1.000
-1.000
-1.000
-1.000
-1.000
-1.000
-1.000
-1.000
-1.000
-1.000
-1.000
-1.000
-1.000
-1.000
-1.000
-1.000
-1.000
-1.000
-1.000
-1.000
-1.000
-1.000
-1.000
-1.000
-1.000
-1.000
-1.000
-1.000
3.793
-1.000
-1.000
-1.000
-1.000
-1.000
-1.000
3.633
-1.000
-1.000
-1.000
-1.000
3.405
-1.000
-1.000
2.994
-1.000
4.092
-1.000
-1.000
-1.000
-1.000
-1.000
-1.000
-1.000
-1.000
-1.000
-1.000
-1.000
-1.000
-1.000
-1.000
-1.000
-1.000
-1.000
-1.000
-1.000
-1.000
-1.000
-1.000
-1.000
-1.000
-1.000
-1.000
-1.000
-1.000
-1.000
-1.000
-1.000
-1.000
-1.000
-1.000
-1.000
-1.000
-1.000
-1.000
-1.000
-1.000
-1.000
-1.000
-1.000
-1.000
-1.000
-1.000
-1.000
-1.000
-1.000
-1.000
-1.000
-1.000
-1.000
-1.000
-1.000
-1.000
-1.000
-1.000
-1.000
-1.000
-1.000
-1.000
-1.000
-1.000
-1.000
-1.000
-1.000
-1.000
-1.000
-1.000
-1.000
-1.000
-1.000
-1.000
-1.000
-1.000
-1.000
-1.000
-1.000
-1.000
-1.000
-1.000
-1.000
-1.000
-1.000
-1.000
-1.000
-1.000
-1.000
-1.000
-1.000
-1.000
-1.000
-1.000
-1.000
-1.000
-1.000
-1.000
-1.000
-1.000
-1.000
-1.000
-1.000
-1.000
-1.000
-1.000
-1.000
-1.000
-1.000
-1.000
-1.000
-1.000
-1.000
-1.000
-1.000
-1.000
-1.000
-1.000
-1.000
-1.000
-1.000
-1.000
-1.000
3.448
-1.000
-1.000
-1.000
4.670
-1.000
-1.000
-1.000
-1.000
-1.000
-1.000
-1.000
-1.000
-1.000
-1.000
-1.000
-1.000
-1.000
-1.000
-1.000
-1.000
-1.000
-1.000
-1.000
-1.000
-1.000
-1.000
-1.000
-1.000
-1.000
4.215
-1.000
-1.000
-1.000
-1.000
-1.000
-1.000
-1.000
3.633
-1.000
-1.000
-1.000
-1.000
-1.000
3.514
-1.000
3.079
-1.000
-1.000
-1.000
-1.000
-1.000
-1.000
-1.000
-1.000
-1.000
-1.000
-1.000
-1.000
-1.000
-1.000
-1.000
-1.000
-1.000
-1.000
-1.000
4.572
-1.000
-1.000
-1.000
-1.000
-1.000
-1.000
-1.000
-1.000
-1.000
-1.000
-1.000
-1.000
4.930
-1.000
-1.000
-1.000
-1.000
-1.000
-1.000
4.788
-1.000
-1.000
-1.000
-1.000
-1.000
-1.000
-1.000
4.044
-1.000
-1.000
-1.000
-1.000
-1.000
4.328
-1.000
-1.000
-1.000
-1.000
-1.000
-1.000
-1.000
-1.000
4.148
3.398
-1.000
-1.000
-1.000
-1.000
-1.000
-1.000
-1.000
4.467
-1.000
-1.000
-1.000
-1.000
-1.000
3.828
-1.000
-1.000
-1.000
-1.000
-1.000
-1.000
-1.000
2.864
3.732
4.756
4.446
-1.000
-1.000
-1.000
-1.000
-1.000
-1.000
-1.000
-1.000
-1.000
-1.000
4.114
4.041
-1.000
-1.000
-1.000
-1.000
-1.000
-1.000
-1.000
4.524
-1.000
-1.000
-1.000
-1.000
-1.000
-1.000
-1.000
-1.000
-1.000
-1.000
-1.000
-1.000
4.638
-1.000
-1.000
-1.000
-1.000
-1.000
-1.000
-1.000
-1.000
-1.000
5.109
-1.000
-1.000
-1.000
-1.000
-1.000
-1.000
-1.000
5.050
-1.000
-1.000
4.178
-1.000
-1.000
-1.000
4.760
-1.000
-1.000
-1.000
-1.000
-1.000
-1.000
-1.000
-1.000
-1.000
4.651
-1.000
-1.000
3.686
-1.000
-1.000
-1.000
-1.000
-1.000
-1.000
-1.000
-1.000
-1.000
4.759
-1.000
-1.000
-1.000
-1.000
-1.000
-1.000
-1.000
-1.000
3.702
-1.000
-1.000
-1.000
-1.000
-1.000
4.754
-1.000
3.943
-1.000
-1.000
3.916
-1.000
-1.000
-1.000
-1.000
-1.000
4.659
4.498
-1.000
-1.000
-1.000
-1.000
-1.000
-1.000
-1.000
-1.000
-1.000
4.659
4.247
-1.000
-1.000
-1.000
4.019
4.758
-1.000
-1.000
-1.000
-1.000
-1.000
4.228
-1.000
-1.000
-1.000
-1.000
-1.000
-1.000
-1.000
-1.000
-1.000
5.143
-1.000
-1.000
-1.000
-1.000
-1.000
-1.000
-1.000
-1.000
-1.000
-1.000
-1.000
-1.000
-1.000
4.654
-1.000
-1.000
-1.000
-1.000
-1.000
-1.000
-1.000
-1.000
4.735
-1.000
-1.000
-1.000
-1.000
-1.000
-1.000
-1.000
-1.000
-1.000
-1.000
-1.000
-1.000
-1.000
-1.000
-1.000
-1.000
-1.000
-1.000
-1.000
-1.000
-1.000
-1.000
4.926
-1.000
-1.000
-1.000
-1.000
-1.000
-1.000
-1.000
-1.000
-1.000
-1.000
-1.000
-1.000
-1.000
-1.000
-1.000
-1.000
-1.000
-1.000
-1.000
4.403
-1.000
-1.000
-1.000
5.143
-1.000
-1.000
-1.000
-1.000
-1.000
-1.000
-1.000
-1.000
-1.000
-1.000
-1.000
-1.000
-1.000
-1.000
3.911
-1.000
-1.000
-1.000
4.074
-1.000
-1.000
-1.000
-1.000
-1.000
-1.000
-1.000
-1.000
-1.000
-1.000
-1.000
-1.000
-1.000
-1.000
-1.000
4.859
5.307
-1.000
-1.000
-1.000
-1.000
4.416
-1.000
-1.000
-1.000
-1.000
-1.000
-1.000
-1.000
-1.000
-1.000
-1.000
-1.000
-1.000
-1.000
-1.000
-1.000
-1.000
4.174
-1.000
-1.000
-1.000
-1.000
-1.000
-1.000
-1.000
-1.000
3.951
-1.000
3.680
-1.000
-1.000
-1.000
-1.000
-1.000
-1.000
-1.000
-1.000
-1.000
-1.000
-1.000
4.305
-1.000
-1.000
-1.000
-1.000
-1.000
-1.000
-1.000
3.222
4.371
4.668
4.370
-1.000
-1.000
-1.000
-1.000
-1.000
3.965
5.217
-1.000
-1.000
-1.000
-1.000
-1.000
-1.000
4.521
-1.000
-1.000
-1.000
-1.000
-1.000
-1.000
-1.000
3.777
-1.000
3.860
3.981
-1.000
-1.000
3.763
-1.000
-1.000
-1.000
4.154
-1.000
-1.000
-1.000
-1.000
-1.000
-1.000
-1.000
-1.000
-1.000
-1.000
-1.000
-1.000
-1.000
4.751
-1.000
-1.000
4.246
-1.000
-1.000
-1.000
-1.000
-1.000
-1.000
-1.000
-1.000
4.992
4.183
-1.000
3.957
-1.000
-1.000
-1.000
-1.000
2.798
4.695
-1.000
-1.000
-1.000
-1.000
-1.000
-1.000
-1.000
-1.000
-1.000
-1.000
-1.000
-1.000
-1.000
-1.000
-1.000
-1.000
-1.000
-1.000
-1.000
-1.000
-1.000
-1.000
-1.000
-1.000
-1.000
-1.000
-1.000
-1.000
-1.000
-1.000
-1.000
-1.000
-1.000
-1.000
-1.000
-1.000
-1.000
-1.000
-1.000
-1.000
-1.000
-1.000
-1.000
-1.000
-1.000
-1.000
-1.000
-1.000
-1.000
-1.000
-1.000
-1.000
-1.000
-1.000
-1.000
-1.000
-1.000
-1.000
-1.000
-1.000
-1.000
-1.000
-1.000
-1.000
-1.000
3.246
-1.000
-1.000
-1.000
-1.000
-1.000
-1.000
-1.000
-1.000
-1.000
-1.000
-1.000
-1.000
-1.000
-1.000
-1.000
-1.000
-1.000
-1.000
-1.000
-1.000
-1.000
-1.000
-1.000
-1.000
-1.000
-1.000
-1.000
-1.000
-1.000
-1.000
-1.000
-1.000
-1.000
-1.000
-1.000
-1.000
5.499
-1.000
3.626
-1.000
-1.000
4.187
-1.000
3.922
-1.000
4.415
3.967
-1.000
-1.000
-1.000
-1.000
-1.000
-1.000
-1.000
4.437
-1.000
-1.000
-1.000
-1.000
5.465
4.123
-1.000
-1.000
4.532
-1.000
3.483
3.487
-1.000
-1.000
4.372
-1.000
-1.000
4.505
-1.000
-1.000
-1.000
-1.000
-1.000
-1.000
3.675
-1.000
4.371
3.560
-1.000
-1.000
-1.000
-1.000
4.126
-1.000
-1.000
-1.000
3.745
4.964
5.560
-1.000
-1.000
-1.000
4.899
-1.000
-1.000
3.479
5.072
-1.000
-1.000
-1.000
4.563
-1.000
-1.000
-1.000
-1.000
-1.000
-1.000
-1.000
4.019
-1.000
-1.000
-1.000
-1.000
-1.000
-1.000
-1.000
-1.000
4.082
-1.000
-1.000
-1.000
-1.000
-1.000
-1.000
4.184
-1.000
5.092
4.849
-1.000
4.642
3.631
3.733
-1.000
3.645
-1.000
-1.000
4.912
-1.000
-1.000
-1.000
-1.000
-1.000
4.092
-1.000
5.199
-1.000
-1.000
-1.000
-1.000
-1.000
3.789
-1.000
-1.000
-1.000
3.551
-1.000
-1.000
-1.000
4.975
-1.000
3.331
-1.000
-1.000
-1.000
-1.000
-1.000
-1.000
-1.000
-1.000
-1.000
-1.000
-1.000
-1.000
-1.000
-1.000
-1.000
-1.000
-1.000
-1.000
-1.000
-1.000
-1.000
-1.000
3.276
-1.000
-1.000
-1.000
-1.000
-1.000
-1.000
-1.000
-1.000
-1.000
-1.000
-1.000
-1.000
-1.000
-1.000
-1.000
-1.000
-1.000
-1.000
-1.000
-1.000
-1.000
-1.000
-1.000
-1.000
-1.000
-1.000
-1.000
-1.000
-1.000
-1.000
-1.000
-1.000
4.501
-1.000
-1.000
-1.000
-1.000
-1.000
-1.000
-1.000
-1.000
-1.000
-1.000
-1.000
4.458
-1.000
-1.000
4.521
4.088
-1.000
-1.000
-1.000
-1.000
-1.000
-1.000
-1.000
-1.000
4.201
-1.000
-1.000
-1.000
-1.000
-1.000
-1.000
-1.000
-1.000
-1.000
-1.000
4.247
-1.000
-1.000
-1.000
-1.000
4.335
-1.000
-1.000
-1.000
-1.000
-1.000
4.269
-1.000
-1.000
-1.000
4.689
3.744
-1.000
-1.000
4.484
-1.000
2.949
4.448
-1.000
-1.000
-1.000
-1.000
4.430
3.798
-1.000
-1.000
-1.000
0.108
-1.000
4.169
3.660
-1.000
-1.000
4.025
-1.000
-1.000
-1.000
-1.000
-1.000
-1.000
4.488
-1.000
-1.000
-1.000
-1.000
-1.000
-1.000
4.698
-1.000
-1.000
-1.000
-1.000
4.451
-1.000
-1.000
2.144
-1.000
4.062
-1.000
-1.000
-1.000
-1.000
-1.000
4.935
4.481
-1.000
4.814
-1.000
-1.000
4.084
-1.000
-1.000
-1.000
-1.000
-1.000
-1.000
-1.000
-1.000
-1.000
-1.000
-1.000
-1.000
-1.000
-1.000
-1.000
-1.000
-1.000
-1.000
-1.000
-1.000
-1.000
-1.000
-1.000
-1.000
-1.000
-1.000
-1.000
-1.000
-1.000
-1.000
-1.000
-1.000
-1.000
-1.000
-1.000
-1.000
-1.000
-1.000
-1.000
-1.000
-1.000
-1.000
-1.000
-1.000
-1.000
-1.000
-1.000
-1.000
-1.000
-1.000
-1.000
-1.000
-1.000
-1.000
-1.000
-1.000
-1.000
-1.000
-1.000
-1.000
-1.000
-1.000
-1.000
-1.000
-1.000
-1.000
-1.000
-1.000
-1.000
-1.000
-1.000
-1.000
-1.000
-1.000
-1.000
-1.000
-1.000
-1.000
-1.000
-1.000
-1.000
-1.000
-1.000
-1.000
-1.000
-1.000
-1.000
-1.000
-1.000
-1.000
-1.000
-1.000
-1.000
-1.000
-1.000
-1.000
-1.000
-1.000
-1.000
-1.000
-1.000
-1.000
-1.000
-1.000
-1.000
-1.000
-1.000
-1.000
-1.000
-1.000
-1.000
-1.000
-1.000
-1.000
-1.000
-1.000
-1.000
-1.000
-1.000
-1.000
-1.000
-1.000
-1.000
-1.000
-1.000
-1.000
-1.000
-1.000
-1.000
-1.000
-1.000
-1.000
-1.000
-1.000
-1.000
-1.000
-1.000
-1.000
-1.000
-1.000
-1.000
-1.000
-1.000
-1.000
-1.000
-1.000
-1.000
-1.000
-1.000
-1.000
-1.000
-1.000
-1.000
-1.000
-1.000
-1.000
-1.000
-1.000
-1.000
-1.000
-1.000
-1.000
-1.000
-1.000
-1.000
-1.000
-1.000
-1.000
-1.000
-1.000
-1.000
-1.000
-1.000
-1.000
-1.000
-1.000
-1.000
-1.000
-1.000
-1.000
-1.000
-1.000
-1.000
-1.000
-1.000
-1.000
-1.000
-1.000
-1.000
-1.000
-1.000
-1.000
-1.000
-1.000
-1.000
-1.000
-1.000
-1.000
-1.000
-1.000
-1.000
-1.000
-1.000
-1.000
-1.000
-1.000
-1.000
-1.000
-1.000
-1.000
-1.000
-1.000
-1.000
-1.000
-1.000
-1.000
-1.000
-1.000
-1.000
-1.000
-1.000
-1.000
-1.000
-1.000
-1.000
-1.000
-1.000
4.667
-1.000
-1.000
3.491
-1.000
-1.000
-1.000
-1.000
3.943
3.884
-1.000
-1.000
4.408
-1.000
-1.000
-1.000
3.334
-1.000
-1.000
-1.000
-1.000
-1.000
-1.000
-1.000
-1.000
-1.000
-1.000
-1.000
-1.000
-1.000
-1.000
-1.000
-1.000
-1.000
-1.000
-1.000
-1.000
-1.000
-1.000
-1.000
-1.000
-1.000
-1.000
-1.000
-1.000
-1.000
-1.000
-1.000
-1.000
-1.000
-1.000
-1.000
-1.000
-1.000
-1.000
-1.000
-1.000
-1.000
-1.000
-1.000
-1.000
-1.000
-1.000
-1.000
-1.000
-1.000
-1.000
-1.000
-1.000
-1.000
-1.000
-1.000
-1.000
-1.000
-1.000
-1.000
-1.000
-1.000
-1.000
-1.000
-1.000
-1.000
-1.000
-1.000
-1.000
-1.000
-1.000
-1.000
-1.000
-1.000
-1.000
-1.000
-1.000
-1.000
-1.000
-1.000
-1.000
-1.000
-1.000
-1.000
-1.000
-1.000
-1.000
-1.000
-1.000
-1.000
-1.000
-1.000
-1.000
-1.000
-1.000
-1.000
-1.000
-1.000
-1.000
-1.000
-1.000
-1.000
-1.000
-1.000
-1.000
-1.000
-1.000
-1.000
-1.000
-1.000
-1.000
-1.000
-1.000
-1.000
-1.000
-1.000
-1.000
-1.000
-1.000
-1.000
-1.000
-1.000
-1.000
-1.000
-1.000
-1.000
-1.000
-1.000
-1.000
-1.000
-1.000
-1.000
-1.000
-1.000
-1.000
-1.000
-1.000
-1.000
-1.000
4.325
-1.000
-1.000
-1.000
-1.000
-1.000
3.395
-1.000
-1.000
3.506
-1.000
-1.000
-1.000
3.892
-1.000
-1.000
4.481
-1.000
-1.000
-1.000
-1.000
-1.000
-1.000
-1.000
4.056
-1.000
-1.000
2.207
-1.000
-1.000
4.044
-1.000
3.467
4.600
-1.000
3.774
3.990
3.195
-1.000
-1.000
4.547
-1.000
-1.000
-1.000
-1.000
3.937
4.342
3.989
4.002
4.650
3.425
-1.000
3.679
-1.000
-1.000
-1.000
4.279
-1.000
-1.000
4.427
-1.000
4.242
-1.000
-1.000
-1.000
-1.000
-1.000
-1.000
-1.000
-1.000
-1.000
-1.000
-1.000
-1.000
-1.000
-1.000
-1.000
-1.000
-1.000
-1.000
-1.000
-1.000
-1.000
-1.000
-1.000
-1.000
-1.000
-1.000
-1.000
-1.000
-1.000
-1.000
-1.000
-1.000
-1.000
-1.000
-1.000
-1.000
-1.000
-1.000
-1.000
-1.000
-1.000
-1.000
-1.000
-1.000
-1.000
-1.000
-1.000
-1.000
-1.000
-1.000
-1.000
-1.000
-1.000
-1.000
-1.000
-1.000
-1.000
-1.000
-1.000
-1.000
-1.000
-1.000
-1.000
-1.000
-1.000
-1.000
-1.000
-1.000
-1.000
-1.000
-1.000
-1.000
-1.000
-1.000
-1.000
-1.000
-1.000
-1.000
-1.000
-1.000
-1.000
-1.000
-1.000
-1.000
-1.000
-1.000
-1.000
-1.000
-1.000
-1.000
-1.000
-1.000
-1.000
-1.000
4.156
-1.000
-1.000
-1.000
-1.000
-1.000
-1.000
-1.000
-1.000
-1.000
-1.000
-1.000
4.034
-1.000
-1.000
-1.000
-1.000
-1.000
-1.000
-1.000
-1.000
-1.000
-1.000
-1.000
-1.000
-1.000
-1.000
-1.000
-1.000
-1.000
-1.000
-1.000
-1.000
-1.000
-1.000
-1.000
-1.000
-1.000
-1.000
-1.000
-1.000
4.195
-1.000
-1.000
-1.000
-1.000
-1.000
-1.000
-1.000
-1.000
-1.000
-1.000
-1.000
-1.000
-1.000
-1.000
-1.000
-1.000
-1.000
-1.000
-1.000
-1.000
-1.000
-1.000
-1.000
4.630
-1.000
-1.000
4.093
-1.000
-1.000
-1.000
-1.000
-1.000
-1.000
-1.000
5.016
-1.000
-1.000
-1.000
-1.000
-1.000
4.348
-1.000
-1.000
-1.000
-1.000
-1.000
-1.000
-1.000
-1.000
-1.000
-1.000
-1.000
-1.000
-1.000
-1.000
-1.000
-1.000
-1.000
-1.000
-1.000
4.378
-1.000
-1.000
-1.000
-1.000
-1.000
-1.000
-1.000
-1.000
-1.000
-1.000
-1.000
-1.000
-1.000
-1.000
-1.000
-1.000
4.147
-1.000
-1.000
-1.000
-1.000
-1.000
-1.000
3.294
3.500
-1.000
-1.000
-1.000
-1.000
-1.000
4.770
-1.000
-1.000
-1.000
-1.000
-1.000
-1.000
-1.000
-1.000
-1.000
-1.000
-1.000
-1.000
-1.000
-1.000
3.647
-1.000
-1.000
-1.000
-1.000
-1.000
-1.000
-1.000
-1.000
-1.000
4.288
-1.000
-1.000
-1.000
-1.000
-1.000
-1.000
-1.000
4.616
-1.000
-1.000
-1.000
-1.000
-1.000
-1.000
-1.000
-1.000
-1.000
-1.000
-1.000
-1.000
-1.000
5.123
3.787
-1.000
-1.000
5.069
3.714
-1.000
-1.000
-1.000
4.524
-1.000
-1.000
-1.000
-1.000
-1.000
-1.000
-1.000
3.976
-1.000
-1.000
-1.000
-1.000
-1.000
-1.000
-1.000
-1.000
3.856
-1.000
-1.000
-1.000
-1.000
-1.000
-1.000
-1.000
-1.000
4.499
-1.000
-1.000
-1.000
-1.000
-1.000
-1.000
-1.000
-1.000
4.735
4.160
-1.000
-1.000
-1.000
-1.000
-1.000
-1.000
-1.000
-1.000
-1.000
-1.000
-1.000
-1.000
-1.000
-1.000
-1.000
-1.000
-1.000
-1.000
-1.000
-1.000
-1.000
-1.000
-1.000
-1.000
-1.000
-1.000
-1.000
-1.000
-1.000
-1.000
-1.000
-1.000
-1.000
-1.000
-1.000
-1.000
-1.000
-1.000
-1.000
-1.000
-1.000
-1.000
-1.000
-1.000
-1.000
-1.000
-1.000
-1.000
-1.000
-1.000
-1.000
-1.000
-1.000
-1.000
-1.000
-1.000
-1.000
-1.000
-1.000
-1.000
-1.000
4.423
-1.000
-1.000
-1.000
-1.000
-1.000
-1.000
-1.000
-1.000
-1.000
-1.000
-1.000
-1.000
-1.000
-1.000
-1.000
-1.000
-1.000
-1.000
-1.000
-1.000
-1.000
-1.000
-1.000
-1.000
-1.000
-1.000
-1.000
-1.000
-1.000
-1.000
-1.000
-1.000
-1.000
-1.000
-1.000
-1.000
-1.000
-1.000
-1.000
-1.000
-1.000
-1.000
-1.000
-1.000
-1.000
-1.000
-1.000
-1.000
-1.000
-1.000
-1.000
-1.000
-1.000
-1.000
4.596
-1.000
-1.000
-1.000
-1.000
-1.000
-1.000
-1.000
-1.000
-1.000
-1.000
-1.000
-1.000
-1.000
-1.000
-1.000
-1.000
-1.000
-1.000
-1.000
-1.000
-1.000
-1.000
-1.000
-1.000
-1.000
-1.000
-1.000
-1.000
-1.000
-1.000
-1.000
-1.000
-1.000
-1.000
-1.000
-1.000
-1.000
-1.000
-1.000
-1.000
-1.000
-1.000
-1.000
-1.000
-1.000
-1.000
-1.000
-1.000
-1.000
-1.000
-1.000
-1.000
-1.000
-1.000
4.466
2.502
-1.000
-1.000
-1.000
-1.000
-1.000
-1.000
-1.000
-1.000
3.956
-1.000
-1.000
3.587
-1.000
-1.000
-1.000
4.056
3.592
-1.000
-1.000
4.275
-1.000
-1.000
4.207
2.723
-1.000
-1.000
-1.000
-1.000
4.576
-1.000
-1.000
-1.000
3.934
4.366
-1.000
-1.000
4.150
-1.000
3.401
4.255
-1.000
-1.000
-1.000
-1.000
3.926
-1.000
-1.000
-1.000
-1.000
-1.000
-1.000
-1.000
-1.000
-1.000
-1.000
-1.000
4.349
-1.000
-1.000
4.061
-1.000
-1.000
-1.000
-1.000
-1.000
-1.000
-1.000
4.303
-1.000
-1.000
3.677
-1.000
-1.000
-1.000
-1.000
-1.000
-1.000
4.461
-1.000
-1.000
-1.000
-1.000
-1.000
3.975
3.386
-1.000
-1.000
-1.000
-1.000
-1.000
-1.000
-1.000
-1.000
-1.000
-1.000
-1.000
-1.000
-1.000
-1.000
-1.000
-1.000
-1.000
-1.000
-1.000
-1.000
-1.000
-1.000
-1.000
-1.000
-1.000
-1.000
-1.000
-1.000
-1.000
-1.000
-1.000
-1.000
-1.000
-1.000
-1.000
-1.000
-1.000
-1.000
-1.000
-1.000
-1.000
-1.000
-1.000
-1.000
-1.000
-1.000
-1.000
-1.000
-1.000
-1.000
-1.000
-1.000
-1.000
-1.000
-1.000
-1.000
-1.000
-1.000
-1.000
-1.000
-1.000
-1.000
-1.000
-1.000
-1.000
-1.000
-1.000
-1.000
-1.000
-1.000
-1.000
-1.000
-1.000
-1.000
-1.000
-1.000
-1.000
-1.000
-1.000
-1.000
3.696
-1.000
-1.000
-1.000
-1.000
-1.000
-1.000
-1.000
-1.000
4.206
-1.000
-1.000
-1.000
-1.000
3.931
-1.000
-1.000
-1.000
-1.000
-1.000
-1.000
-1.000
-1.000
4.028
-1.000
-1.000
-1.000
-1.000
-1.000
-1.000
-1.000
-1.000
-1.000
-1.000
-1.000
-1.000
-1.000
-1.000
-1.000
-1.000
-1.000
-1.000
-1.000
-1.000
-1.000
-1.000
-1.000
-1.000
-1.000
-1.000
-1.000
-1.000
-1.000
-1.000
-1.000
3.632
-1.000
-1.000
-1.000
4.853
-1.000
4.556
-1.000
-1.000
-1.000
4.190
-1.000
-1.000
4.086
-1.000
-1.000
-1.000
-1.000
-1.000
-1.000
-1.000
-1.000
-1.000
-1.000
4.621
-1.000
-1.000
-1.000
-1.000
-1.000
3.821
5.037
-1.000
-1.000
-1.000
-1.000
-1.000
-1.000
-1.000
-1.000
-1.000
-1.000
-1.000
-1.000
-1.000
-1.000
-1.000
-1.000
4.127
-1.000
-1.000
-1.000
-1.000
-1.000
4.662
-1.000
4.375
-1.000
-1.000
-1.000
-1.000
-1.000
-1.000
-1.000
-1.000
-1.000
-1.000
-1.000
-1.000
4.313
-1.000
-1.000
-1.000
-1.000
-1.000
4.307
-1.000
-1.000
-1.000
-1.000
-1.000
-1.000
-1.000
-1.000
-1.000
-1.000
-1.000
-1.000
4.779
-1.000
-1.000
-1.000
-1.000
-1.000
-1.000
-1.000
-1.000
-1.000
-1.000
4.521
-1.000
-1.000
-1.000
-1.000
-1.000
-1.000
-1.000
-1.000
-1.000
-1.000
5.043
4.671
-1.000
-1.000
-1.000
-1.000
-1.000
-1.000
-1.000
-1.000
-1.000
-1.000
-1.000
-1.000
-1.000
-1.000
-1.000
-1.000
-1.000
-1.000
-1.000
-1.000
-1.000
-1.000
-1.000
-1.000
-1.000
-1.000
-1.000
-1.000
-1.000
4.927
-1.000
-1.000
-1.000
-1.000
-1.000
-1.000
-1.000
-1.000
-1.000
-1.000
-1.000
-1.000
4.350
-1.000
-1.000
3.587
5.249
-1.000
-1.000
4.525
-1.000
-1.000
-1.000
-1.000
-1.000
-1.000
-1.000
4.422
-1.000
-1.000
4.864
-1.000
-1.000
-1.000
-1.000
4.530
-1.000
-1.000
5.189
-1.000
-1.000
4.949
-1.000
-1.000
-1.000
4.686
-1.000
-1.000
-1.000
3.396
-1.000
-1.000
3.226
4.731
-1.000
-1.000
-1.000
-1.000
-1.000
-1.000
-1.000
-1.000
-1.000
-1.000
-1.000
-1.000
-1.000
-1.000
-1.000
-1.000
-1.000
-1.000
-1.000
-1.000
-1.000
-1.000
-1.000
-1.000
-1.000
-1.000
-1.000
-1.000
-1.000
-1.000
-1.000
-1.000
-1.000
-1.000
-1.000
-1.000
-1.000
-1.000
-1.000
-1.000
-1.000
-1.000
-1.000
-1.000
-1.000
-1.000
-1.000
-1.000
-1.000
-1.000
-1.000
-1.000
-1.000
-1.000
-1.000
-1.000
-1.000
-1.000
-1.000
-1.000
-1.000
-1.000
-1.000
-1.000
-1.000
-1.000
-1.000
-1.000
-1.000
-1.000
-1.000
-1.000
-1.000
-1.000
-1.000
-1.000
-1.000
-1.000
-1.000
-1.000
-1.000
-1.000
-1.000
-1.000
-1.000
-1.000
-1.000
-1.000
-1.000
-1.000
-1.000
-1.000
-1.000
-1.000
-1.000
-1.000
-1.000
-1.000
-1.000
-1.000
-1.000
-1.000
-1.000
-1.000
-1.000
-1.000
-1.000
-1.000
-1.000
-1.000
-1.000
-1.000
-1.000
-1.000
-1.000
-1.000
-1.000
-1.000
-1.000
-1.000
-1.000
-1.000
-1.000
-1.000
-1.000
-1.000
-1.000
-1.000
-1.000
-1.000
-1.000
-1.000
3.129
-1.000
-1.000
-1.000
3.846
-1.000
-1.000
-1.000
-1.000
3.797
3.861
-1.000
-1.000
3.550
-1.000
-1.000
-1.000
-1.000
-1.000
-1.000
-1.000
-1.000
-1.000
-1.000
-1.000
-1.000
-1.000
-1.000
-1.000
-1.000
-1.000
-1.000
-1.000
-1.000
-1.000
-1.000
-1.000
-1.000
-1.000
-1.000
-1.000
-1.000
-1.000
-1.000
3.961
-1.000
-1.000
-1.000
-1.000
-1.000
-1.000
-1.000
-1.000
-1.000
-1.000
-1.000
-1.000
-1.000
-1.000
-1.000
-1.000
-1.000
-1.000
4.532
-1.000
-1.000
-1.000
-1.000
-1.000
-1.000
-1.000
-1.000
-1.000
-1.000
-1.000
-1.000
-1.000
-1.000
-1.000
3.007
-1.000
-1.000
-1.000
-1.000
-1.000
-1.000
-1.000
-1.000
-1.000
-1.000
-1.000
-1.000
-1.000
-1.000
-1.000
-1.000
-1.000
-1.000
-1.000
-1.000
-1.000
-1.000
-1.000
-1.000
-1.000
-1.000
-1.000
-1.000
-1.000
-1.000
-1.000
-1.000
-1.000
-1.000
-1.000
-1.000
-1.000
-1.000
-1.000
