1.267
-1.000
1.471
2.217
2.742
-1.000
-1.000
1.411
2.286
3.196
2.154
-1.000
-1.000
-1.000
-1.000
3.624
-1.000
-1.000
2.892
5.580
4.682
-1.000
1.855
-1.000
-1.000
-1.000
2.027
-1.000
-1.000
3.368
2.547
-1.000
-1.000
-1.000
-1.000
3.418
-1.000
-1.000
-1.000
-1.000
1.997
3.569
3.701
1.982
-1.000
-1.000
1.866
-1.000
-1.000
-1.000
-1.000
-1.000
-1.000
-1.000
-1.000
-1.000
-1.000
-1.000
-1.000
2.654
-1.000
-1.000
-1.000
-1.000
-1.000
-1.000
-1.000
-1.000
-1.000
-1.000
-1.000
-1.000
-1.000
-1.000
-1.000
-1.000
-1.000
-1.000
2.154
2.752
-1.000
-1.000
-1.000
-1.000
-1.000
-1.000
-1.000
-1.000
-1.000
-1.000
-1.000
-1.000
-1.000
2.863
2.848
3.289
-1.000
-1.000
-1.000
-1.000
-1.000
-1.000
-1.000
-1.000
-1.000
-1.000
-1.000
-1.000
-1.000
-1.000
-1.000
-1.000
-1.000
-1.000
-1.000
-1.000
-1.000
-1.000
-1.000
3.046
-1.000
3.147
5.675
3.238
2.643
-1.000
3.434
2.862
2.787
4.340
-1.000
4.613
4.588
2.490
4.219
2.375
3.192
2.452
-1.000
3.338
-1.000
5.305
4.081
4.164
3.512
3.296
4.460
4.689
5.805
3.070
2.855
3.527
2.663
2.970
2.999
4.389
-1.000
2.974
3.667
3.120
5.081
-1.000
3.801
-1.000
3.345
3.811
3.931
3.654
4.191
-1.000
3.048
-1.000
-1.000
3.108
3.247
4.095
5.275
3.580
-1.000
5.703
-1.000
3.169
5.840
3.067
-1.000
-1.000
-1.000
-1.000
-1.000
-1.000
2.865
4.783
-1.000
4.148
6.002
-1.000
2.949
3.187
4.508
3.576
5.021
-1.000
-1.000
3.702
-1.000
-1.000
-1.000
-1.000
-1.000
4.095
4.451
-1.000
-1.000
-1.000
-1.000
3.584
-1.000
-1.000
-1.000
-1.000
3.117
5.515
-1.000
4.897
4.100
5.643
4.097
-1.000
2.777
3.452
4.480
3.332
4.544
4.514
3.086
-1.000
4.243
3.041
3.339
2.787
5.680
3.883
4.890
3.261
3.957
4.093
4.248
-1.000
-1.000
4.359
-1.000
2.966
3.504
-1.000
3.869
4.410
3.035
5.112
3.387
3.454
3.672
3.823
-1.000
-1.000
-1.000
3.525
-1.000
3.967
-1.000
-1.000
4.439
-1.000
3.531
4.981
3.362
3.233
4.461
4.803
2.831
3.818
-1.000
2.890
4.345
3.889
3.395
3.375
3.599
3.713
4.596
-1.000
5.928
3.868
4.323
3.732
5.788
5.252
3.086
3.626
3.303
-1.000
-1.000
5.598
-1.000
-1.000
-1.000
2.931
4.289
5.614
3.719
3.438
4.941
-1.000
3.319
3.741
3.428
4.614
3.339
-1.000
3.642
3.865
5.112
5.072
3.582
3.970
3.896
5.733
4.459
3.546
3.602
3.893
-1.000
4.068
4.628
5.942
3.379
3.814
4.324
3.587
3.671
-1.000
-1.000
4.842
-1.000
3.575
3.678
-1.000
-1.000
3.267
4.723
-1.000
3.447
-1.000
-1.000
3.761
3.210
4.229
3.722
3.516
-1.000
3.273
3.432
3.949
5.490
3.325
3.803
3.694
3.961
5.204
-1.000
3.083
4.441
-1.000
2.725
-1.000
4.973
3.635
-1.000
3.828
3.383
2.840
5.681
3.811
3.090
4.680
4.127
3.438
-1.000
4.411
5.848
4.594
3.505
-1.000
3.903
3.806
5.127
3.075
-1.000
4.183
5.634
5.514
3.580
-1.000
3.517
-1.000
4.399
3.568
3.758
-1.000
-1.000
4.269
5.575
5.777
4.355
4.192
3.648
4.275
4.952
4.121
3.932
-1.000
-1.000
5.592
4.213
-1.000
3.449
4.585
-1.000
3.492
6.004
5.774
-1.000
5.779
-1.000
-1.000
2.952
3.121
3.616
3.640
-1.000
-1.000
-1.000
2.907
3.361
3.451
2.553
3.304
3.747
3.972
2.588
-1.000
4.463
2.728
3.689
-1.000
3.087
2.646
3.638
-1.000
3.862
4.321
-1.000
3.184
3.783
-1.000
3.000
2.487
4.610
-1.000
-1.000
3.181
2.906
3.759
-1.000
-1.000
-1.000
3.544
3.869
3.722
3.843
3.972
2.706
4.872
3.480
-1.000
3.949
4.338
2.798
5.095
4.965
-1.000
-1.000
3.888
3.053
3.478
3.452
-1.000
5.489
2.825
4.220
2.795
3.224
-1.000
3.666
4.090
3.432
5.193
-1.000
-1.000
2.775
5.623
2.820
-1.000
-1.000
5.212
2.723
3.732
3.592
-1.000
-1.000
-1.000
4.538
-1.000
-1.000
-1.000
-1.000
-1.000
-1.000
-1.000
-1.000
-1.000
-1.000
-1.000
-1.000
-1.000
-1.000
-1.000
-1.000
-1.000
-1.000
-1.000
-1.000
-1.000
-1.000
-1.000
-1.000
-1.000
-1.000
-1.000
-1.000
-1.000
-1.000
-1.000
-1.000
-1.000
-1.000
-1.000
-1.000
-1.000
-1.000
-1.000
-1.000
-1.000
-1.000
-1.000
-1.000
-1.000
-1.000
-1.000
-1.000
-1.000
-1.000
-1.000
-1.000
-1.000
-1.000
-1.000
-1.000
-1.000
-1.000
-1.000
-1.000
-1.000
-1.000
-1.000
-1.000
-1.000
-1.000
-1.000
-1.000
-1.000
-1.000
-1.000
-1.000
-1.000
-1.000
-1.000
-1.000
-1.000
-1.000
-1.000
-1.000
-1.000
-1.000
-1.000
-1.000
-1.000
-1.000
-1.000
-1.000
2.838
4.899
-1.000
2.907
4.194
3.552
3.842
3.238
-1.000
3.142
4.107
4.817
-1.000
-1.000
3.883
-1.000
3.369
3.591
5.217
4.001
2.855
4.190
3.747
3.064
3.365
-1.000
-1.000
-1.000
-1.000
-1.000
-1.000
-1.000
-1.000
-1.000
-1.000
-1.000
-1.000
-1.000
-1.000
-1.000
-1.000
-1.000
-1.000
-1.000
-1.000
-1.000
-1.000
-1.000
-1.000
-1.000
-1.000
-1.000
-1.000
-1.000
-1.000
-1.000
-1.000
-1.000
-1.000
-1.000
-1.000
-1.000
-1.000
-1.000
-1.000
-1.000
-1.000
-1.000
-1.000
-1.000
-1.000
-1.000
-1.000
-1.000
-1.000
-1.000
-1.000
-1.000
2.803
-1.000
-1.000
4.048
-1.000
-1.000
-1.000
-1.000
-1.000
-1.000
-1.000
-1.000
-1.000
-1.000
-1.000
-1.000
-1.000
-1.000
-1.000
-1.000
-1.000
-1.000
-1.000
-1.000
-1.000
-1.000
-1.000
-1.000
-1.000
-1.000
-1.000
-1.000
-1.000
-1.000
-1.000
-1.000
-1.000
-1.000
-1.000
-1.000
-1.000
-1.000
-1.000
-1.000
-1.000
-1.000
-1.000
-1.000
-1.000
-1.000
-1.000
-1.000
-1.000
-1.000
-1.000
-1.000
-1.000
-1.000
-1.000
-1.000
-1.000
-1.000
-1.000
-1.000
-1.000
-1.000
-1.000
-1.000
-1.000
-1.000
-1.000
-1.000
-1.000
-1.000
-1.000
-1.000
-1.000
-1.000
-1.000
-1.000
-1.000
-1.000
-1.000
-1.000
-1.000
-1.000
-1.000
-1.000
-1.000
-1.000
-1.000
-1.000
-1.000
-1.000
-1.000
-1.000
-1.000
-1.000
-1.000
-1.000
-1.000
-1.000
-1.000
-1.000
-1.000
-1.000
-1.000
-1.000
-1.000
-1.000
-1.000
-1.000
-1.000
-1.000
-1.000
-1.000
-1.000
-1.000
-1.000
-1.000
-1.000
-1.000
-1.000
-1.000
-1.000
-1.000
-1.000
-1.000
-1.000
-1.000
-1.000
-1.000
-1.000
-1.000
-1.000
-1.000
-1.000
-1.000
-1.000
-1.000
-1.000
-1.000
-1.000
-1.000
-1.000
-1.000
-1.000
-1.000
-1.000
-1.000
-1.000
-1.000
-1.000
-1.000
-1.000
-1.000
-1.000
-1.000
-1.000
-1.000
-1.000
-1.000
-1.000
-1.000
-1.000
-1.000
-1.000
-1.000
-1.000
-1.000
-1.000
-1.000
-1.000
-1.000
-1.000
-1.000
-1.000
-1.000
-1.000
-1.000
-1.000
-1.000
-1.000
-1.000
-1.000
-1.000
-1.000
-1.000
-1.000
-1.000
-1.000
-1.000
-1.000
-1.000
-1.000
-1.000
-1.000
-1.000
-1.000
-1.000
-1.000
-1.000
-1.000
-1.000
-1.000
-1.000
-1.000
-1.000
-1.000
-1.000
-1.000
-1.000
-1.000
-1.000
-1.000
-1.000
-1.000
-1.000
-1.000
-1.000
-1.000
-1.000
-1.000
-1.000
-1.000
-1.000
-1.000
-1.000
-1.000
-1.000
-1.000
-1.000
-1.000
-1.000
-1.000
-1.000
-1.000
-1.000
-1.000
-1.000
-1.000
-1.000
-1.000
-1.000
-1.000
-1.000
-1.000
-1.000
-1.000
-1.000
-1.000
-1.000
-1.000
-1.000
-1.000
-1.000
-1.000
-1.000
-1.000
-1.000
-1.000
-1.000
-1.000
-1.000
-1.000
-1.000
-1.000
-1.000
-1.000
-1.000
-1.000
-1.000
-1.000
-1.000
-1.000
-1.000
-1.000
-1.000
-1.000
-1.000
-1.000
-1.000
-1.000
-1.000
-1.000
-1.000
-1.000
-1.000
-1.000
-1.000
-1.000
-1.000
-1.000
-1.000
-1.000
-1.000
-1.000
-1.000
-1.000
-1.000
-1.000
-1.000
-1.000
-1.000
-1.000
-1.000
-1.000
-1.000
-1.000
-1.000
-1.000
-1.000
-1.000
-1.000
-1.000
-1.000
-1.000
-1.000
-1.000
-1.000
-1.000
-1.000
-1.000
-1.000
-1.000
-1.000
-1.000
-1.000
-1.000
-1.000
-1.000
-1.000
-1.000
-1.000
-1.000
-1.000
-1.000
-1.000
-1.000
-1.000
-1.000
-1.000
-1.000
-1.000
-1.000
-1.000
-1.000
-1.000
-1.000
-1.000
-1.000
-1.000
-1.000
-1.000
-1.000
-1.000
-1.000
-1.000
-1.000
-1.000
-1.000
-1.000
-1.000
-1.000
-1.000
-1.000
-1.000
-1.000
-1.000
-1.000
-1.000
-1.000
-1.000
-1.000
-1.000
-1.000
-1.000
-1.000
-1.000
-1.000
-1.000
-1.000
-1.000
-1.000
-1.000
-1.000
-1.000
-1.000
-1.000
-1.000
-1.000
-1.000
-1.000
-1.000
-1.000
-1.000
-1.000
-1.000
-1.000
-1.000
-1.000
-1.000
-1.000
-1.000
-1.000
-1.000
-1.000
-1.000
-1.000
-1.000
-1.000
-1.000
-1.000
-1.000
-1.000
-1.000
-1.000
-1.000
-1.000
-1.000
-1.000
-1.000
-1.000
-1.000
-1.000
-1.000
-1.000
-1.000
-1.000
-1.000
-1.000
-1.000
-1.000
-1.000
-1.000
-1.000
-1.000
-1.000
-1.000
-1.000
-1.000
-1.000
-1.000
-1.000
-1.000
-1.000
-1.000
-1.000
-1.000
-1.000
-1.000
-1.000
-1.000
-1.000
-1.000
-1.000
-1.000
-1.000
-1.000
-1.000
-1.000
-1.000
-1.000
-1.000
-1.000
-1.000
-1.000
-1.000
-1.000
-1.000
-1.000
-1.000
3.252
5.800
3.649
3.146
4.092
-1.000
3.292
3.416
3.811
4.161
4.004
4.081
-1.000
3.925
3.630
3.666
3.867
4.035
5.886
-1.000
3.320
-1.000
3.062
2.898
4.794
3.085
3.548
3.629
3.588
4.565
4.006
3.716
3.129
-1.000
4.197
3.359
-1.000
-1.000
3.504
4.169
-1.000
3.655
3.471
2.889
2.890
3.614
-1.000
-1.000
3.440
-1.000
4.188
4.722
5.757
-1.000
-1.000
3.087
3.604
5.348
4.334
3.455
3.094
-1.000
-1.000
-1.000
-1.000
4.284
3.952
3.585
4.270
3.479
3.854
4.976
3.216
4.325
3.418
3.533
-1.000
5.482
3.442
3.767
4.715
3.956
4.120
3.665
3.648
3.837
-1.000
3.872
4.532
3.221
-1.000
5.040
5.420
-1.000
2.908
3.998
3.709
3.151
3.647
-1.000
3.337
4.404
4.300
-1.000
-1.000
3.535
3.558
-1.000
-1.000
3.778
3.437
-1.000
3.366
4.252
-1.000
4.527
-1.000
3.920
3.961
3.134
4.125
3.920
3.603
3.872
3.079
-1.000
-1.000
-1.000
-1.000
-1.000
-1.000
-1.000
-1.000
-1.000
-1.000
-1.000
-1.000
-1.000
-1.000
-1.000
-1.000
-1.000
-1.000
-1.000
-1.000
-1.000
-1.000
-1.000
-1.000
-1.000
-1.000
-1.000
-1.000
-1.000
-1.000
-1.000
-1.000
-1.000
-1.000
-1.000
-1.000
-1.000
-1.000
-1.000
-1.000
-1.000
-1.000
-1.000
-1.000
-1.000
-1.000
-1.000
-1.000
-1.000
-1.000
-1.000
-1.000
-1.000
-1.000
-1.000
-1.000
-1.000
-1.000
-1.000
-1.000
-1.000
-1.000
-1.000
-1.000
-1.000
-1.000
-1.000
-1.000
-1.000
-1.000
-1.000
-1.000
-1.000
-1.000
-1.000
-1.000
-1.000
-1.000
-1.000
-1.000
-1.000
-1.000
-1.000
-1.000
-1.000
-1.000
-1.000
-1.000
-1.000
-1.000
-1.000
-1.000
-1.000
-1.000
-1.000
-1.000
-1.000
-1.000
-1.000
-1.000
-1.000
-1.000
-1.000
-1.000
-1.000
-1.000
-1.000
-1.000
-1.000
-1.000
-1.000
-1.000
-1.000
-1.000
-1.000
-1.000
-1.000
-1.000
-1.000
-1.000
-1.000
-1.000
-1.000
-1.000
-1.000
-1.000
-1.000
-1.000
-1.000
-1.000
-1.000
-1.000
-1.000
-1.000
-1.000
-1.000
-1.000
-1.000
-1.000
-1.000
-1.000
-1.000
-1.000
-1.000
-1.000
-1.000
-1.000
-1.000
-1.000
-1.000
-1.000
-1.000
-1.000
-1.000
-1.000
-1.000
-1.000
-1.000
-1.000
-1.000
-1.000
-1.000
-1.000
-1.000
-1.000
-1.000
-1.000
-1.000
-1.000
-1.000
-1.000
-1.000
-1.000
-1.000
-1.000
-1.000
-1.000
-1.000
-1.000
-1.000
-1.000
-1.000
-1.000
-1.000
-1.000
-1.000
-1.000
-1.000
-1.000
-1.000
-1.000
-1.000
-1.000
-1.000
-1.000
-1.000
-1.000
-1.000
-1.000
-1.000
-1.000
-1.000
-1.000
-1.000
-1.000
-1.000
-1.000
-1.000
-1.000
-1.000
-1.000
-1.000
-1.000
-1.000
-1.000
-1.000
-1.000
-1.000
-1.000
-1.000
5.679
-1.000
3.824
4.265
3.393
3.806
4.890
3.704
4.235
4.257
4.005
4.895
4.316
3.988
-1.000
3.317
4.680
4.021
4.251
-1.000
4.883
3.720
3.148
-1.000
4.029
-1.000
4.748
5.027
4.344
5.434
3.881
4.243
4.079
-1.000
-1.000
4.524
5.048
3.268
4.366
3.838
3.520
3.917
-1.000
5.733
-1.000
-1.000
3.660
3.133
3.543
4.502
4.532
3.836
5.237
3.922
4.455
5.252
4.583
-1.000
4.434
3.291
-1.000
-1.000
5.777
-1.000
3.477
3.702
4.164
3.803
4.021
-1.000
-1.000
4.994
4.047
3.599
4.976
-1.000
3.607
4.274
4.396
4.407
-1.000
-1.000
4.550
5.765
-1.000
4.989
3.530
4.289
-1.000
-1.000
-1.000
-1.000
4.236
4.186
-1.000
5.048
-1.000
3.970
4.836
4.232
-1.000
3.869
4.036
3.646
4.872
3.795
3.360
5.049
3.828
4.459
4.071
3.467
5.672
-1.000
4.261
5.598
3.181
3.926
4.007
4.447
-1.000
4.494
5.629
3.797
-1.000
-1.000
-1.000
3.584
-1.000
3.939
3.846
-1.000
-1.000
3.581
-1.000
2.881
4.559
4.973
4.463
6.004
4.492
4.697
3.988
5.026
4.785
4.032
5.407
3.559
-1.000
-1.000
3.975
4.135
4.217
5.818
-1.000
5.105
5.433
5.368
3.861
3.139
4.940
3.852
3.298
4.231
4.422
3.213
4.087
-1.000
5.138
3.486
-1.000
4.625
3.447
4.139
4.192
4.160
3.690
-1.000
4.105
-1.000
-1.000
3.761
-1.000
-1.000
-1.000
3.632
4.208
4.116
4.189
5.714
-1.000
5.900
4.403
5.953
-1.000
-1.000
5.512
-1.000
-1.000
-1.000
3.762
4.792
2.963
-1.000
3.595
3.745
3.419
3.355
-1.000
-1.000
4.553
5.935
4.549
3.041
5.451
3.312
5.731
-1.000
-1.000
4.815
4.401
-1.000
-1.000
3.321
3.645
4.742
4.023
3.232
-1.000
4.995
3.135
3.941
-1.000
5.169
4.139
5.485
4.775
-1.000
5.035
-1.000
4.152
4.123
3.701
3.120
3.820
3.683
4.576
3.139
-1.000
-1.000
5.067
4.456
3.711
3.740
3.580
4.934
-1.000
3.513
3.508
-1.000
3.344
-1.000
4.278
-1.000
3.451
-1.000
-1.000
5.905
3.679
3.466
4.208
3.564
3.918
4.294
4.182
3.953
5.582
4.350
3.890
5.585
5.837
4.230
3.536
3.290
3.215
-1.000
3.129
3.500
3.510
4.387
4.469
4.298
4.379
-1.000
4.958
-1.000
3.199
-1.000
5.995
-1.000
-1.000
3.501
-1.000
3.805
4.953
4.364
4.620
-1.000
5.422
3.173
-1.000
5.911
3.828
-1.000
-1.000
-1.000
5.821
4.414
4.969
4.078
-1.000
4.827
5.185
4.249
-1.000
4.282
3.796
-1.000
-1.000
4.565
4.711
5.279
3.737
-1.000
3.542
-1.000
3.561
4.131
4.466
-1.000
3.739
5.775
4.967
5.579
4.270
3.329
4.770
4.300
-1.000
-1.000
-1.000
5.124
-1.000
4.144
3.984
-1.000
3.628
-1.000
-1.000
-1.000
4.118
4.225
5.041
3.744
4.804
4.972
-1.000
4.838
4.209
4.746
3.315
3.355
4.414
5.024
-1.000
4.026
5.608
4.853
3.727
5.048
4.895
-1.000
-1.000
3.853
4.146
-1.000
-1.000
4.341
4.356
3.862
3.957
5.604
3.321
4.278
-1.000
4.291
3.111
4.604
3.304
-1.000
4.110
3.288
4.241
4.486
3.605
5.654
3.968
-1.000
5.822
-1.000
5.261
-1.000
-1.000
4.586
4.813
5.675
4.470
4.043
4.392
3.296
-1.000
4.564
-1.000
4.998
5.893
3.582
-1.000
4.207
-1.000
3.821
5.611
-1.000
3.812
3.664
3.545
4.579
4.156
5.101
-1.000
3.822
-1.000
3.987
3.057
4.181
4.446
4.634
-1.000
4.284
-1.000
-1.000
4.517
3.686
-1.000
3.586
-1.000
4.235
5.278
-1.000
-1.000
4.533
5.248
4.467
-1.000
3.428
4.155
5.893
5.978
3.422
4.227
4.017
-1.000
4.265
-1.000
4.585
5.952
4.582
5.623
3.841
4.141
4.865
3.271
3.431
4.363
5.310
3.073
4.181
5.751
4.237
-1.000
-1.000
3.915
5.470
-1.000
-1.000
-1.000
-1.000
-1.000
3.716
4.649
4.036
3.866
-1.000
5.904
4.701
5.498
4.681
4.373
4.625
3.866
-1.000
4.203
-1.000
3.859
4.534
4.078
4.794
4.189
4.144
4.523
3.511
3.485
-1.000
3.148
4.834
3.241
4.147
4.997
4.452
3.772
-1.000
-1.000
-1.000
4.492
4.425
5.763
4.673
-1.000
3.819
-1.000
3.692
-1.000
-1.000
-1.000
4.236
-1.000
4.414
-1.000
3.143
-1.000
4.854
3.435
4.640
4.421
3.332
-1.000
-1.000
3.336
3.650
-1.000
3.789
-1.000
5.405
-1.000
4.133
3.583
4.196
3.281
3.969
4.283
4.151
3.341
-1.000
3.602
3.702
4.135
3.419
5.968
3.557
3.769
3.935
4.429
4.231
4.591
3.346
4.493
4.885
4.140
3.254
5.737
3.940
5.770
-1.000
4.028
-1.000
-1.000
3.616
4.497
4.000
-1.000
-1.000
-1.000
3.251
-1.000
-1.000
-1.000
3.172
5.026
5.195
5.408
-1.000
-1.000
4.389
5.199
4.868
4.184
5.977
4.112
3.192
4.172
4.154
3.756
3.795
-1.000
-1.000
4.566
3.925
-1.000
3.877
4.938
4.210
3.649
-1.000
4.559
3.293
4.146
5.828
4.070
4.087
3.996
4.761
5.781
3.838
4.856
3.949
-1.000
5.394
4.070
4.144
4.538
5.081
-1.000
3.544
-1.000
3.289
-1.000
-1.000
5.888
-1.000
-1.000
4.079
3.931
3.786
4.863
3.726
3.414
4.346
-1.000
3.824
3.978
-1.000
-1.000
-1.000
-1.000
5.762
4.851
3.589
-1.000
4.053
3.166
-1.000
-1.000
-1.000
3.745
4.795
4.589
3.550
3.387
4.507
4.167
5.110
4.257
3.998
4.674
5.275
-1.000
-1.000
5.371
3.160
4.273
-1.000
4.060
4.225
3.568
5.387
3.563
4.184
5.825
4.120
3.606
4.785
-1.000
5.135
-1.000
-1.000
5.051
-1.000
-1.000
4.132
3.980
3.742
-1.000
5.416
3.762
3.843
-1.000
4.453
-1.000
5.914
4.598
-1.000
2.939
3.595
5.018
4.860
3.888
-1.000
4.491
4.801
3.136
5.136
-1.000
4.554
-1.000
3.982
3.010
4.338
3.211
3.305
-1.000
4.098
4.417
4.058
2.811
4.564
4.311
-1.000
3.823
3.677
3.284
3.309
-1.000
-1.000
3.572
3.841
-1.000
-1.000
3.744
-1.000
4.314
3.945
3.469
5.590
4.656
5.586
3.518
3.361
-1.000
3.819
3.375
-1.000
4.627
3.332
5.623
-1.000
3.707
3.718
4.009
5.779
5.822
4.258
4.123
3.182
-1.000
4.740
-1.000
4.622
-1.000
3.192
3.752
3.758
4.484
3.956
4.837
3.481
3.780
3.687
-1.000
4.646
4.411
-1.000
4.409
4.191
-1.000
3.567
4.571
-1.000
3.531
4.940
4.967
4.428
3.757
-1.000
4.714
-1.000
3.551
4.432
4.817
4.694
3.895
4.871
5.882
-1.000
3.573
3.127
4.599
3.550
5.572
5.024
-1.000
-1.000
-1.000
-1.000
-1.000
4.786
3.178
5.914
3.100
4.915
5.453
-1.000
-1.000
4.521
-1.000
-1.000
4.127
-1.000
4.546
3.667
5.763
3.095
4.525
3.734
3.955
4.618
-1.000
-1.000
4.748
4.114
4.730
3.981
3.547
-1.000
4.714
-1.000
-1.000
3.997
3.549
3.484
3.661
3.627
3.894
4.145
-1.000
-1.000
4.774
5.012
-1.000
4.910
-1.000
-1.000
-1.000
-1.000
5.975
4.421
3.846
-1.000
5.093
5.861
4.146
4.169
5.376
4.089
-1.000
-1.000
-1.000
5.952
-1.000
4.230
4.622
4.412
4.631
4.584
4.558
5.147
4.851
-1.000
4.392
4.581
5.148
4.191
4.832
-1.000
4.923
-1.000
5.899
5.272
-1.000
-1.000
-1.000
4.893
-1.000
4.832
5.497
5.029
-1.000
5.185
5.327
4.754
4.489
5.388
4.563
5.966
-1.000
3.977
4.720
-1.000
4.805
5.342
-1.000
4.444
4.483
-1.000
-1.000
5.675
4.896
3.997
4.879
5.619
4.048
4.722
4.177
4.747
4.660
-1.000
4.380
4.807
4.650
5.026
3.948
4.390
-1.000
5.537
-1.000
-1.000
5.239
4.316
4.946
5.928
-1.000
-1.000
5.062
-1.000
4.986
4.037
4.438
-1.000
5.550
4.803
5.586
5.775
4.200
4.912
-1.000
-1.000
4.548
5.780
4.508
-1.000
5.428
5.238
4.926
-1.000
4.380
5.875
4.511
4.951
-1.000
4.753
4.030
-1.000
6.003
-1.000
4.931
5.600
4.530
4.545
4.999
-1.000
4.525
-1.000
4.677
-1.000
4.094
4.487
4.775
-1.000
4.411
4.528
-1.000
-1.000
5.176
-1.000
-1.000
5.849
-1.000
4.557
-1.000
-1.000
4.933
-1.000
5.171
4.810
-1.000
-1.000
5.273
-1.000
4.429
4.474
4.712
4.243
4.803
-1.000
4.095
4.558
3.992
4.771
-1.000
4.735
-1.000
5.183
-1.000
4.058
3.643
4.611
5.707
4.950
5.010
-1.000
4.757
-1.000
4.623
-1.000
-1.000
4.320
4.461
4.361
4.297
-1.000
4.781
3.454
4.422
-1.000
4.910
5.373
5.397
-1.000
4.260
4.983
4.242
-1.000
5.442
5.117
4.747
-1.000
-1.000
4.416
-1.000
-1.000
5.284
4.882
-1.000
-1.000
3.899
4.068
5.765
5.021
-1.000
-1.000
-1.000
5.559
-1.000
5.086
-1.000
4.425
-1.000
5.183
5.295
4.506
4.283
-1.000
5.630
4.469
3.731
-1.000
4.357
-1.000
3.436
-1.000
5.749
5.524
4.919
4.515
5.535
4.929
4.571
-1.000
-1.000
-1.000
5.719
4.637
-1.000
4.583
4.519
4.275
4.464
-1.000
4.971
-1.000
5.082
4.316
5.969
4.020
-1.000
4.380
3.897
4.703
-1.000
4.310
4.439
4.495
3.930
4.460
4.228
-1.000
-1.000
4.113
5.678
5.726
4.741
4.546
5.346
5.759
4.536
5.023
4.217
-1.000
-1.000
4.783
4.325
4.134
4.722
3.976
5.790
4.581
-1.000
3.702
3.804
5.693
5.747
4.911
4.877
4.266
4.258
4.386
-1.000
4.679
4.484
4.892
4.437
4.871
-1.000
4.277
-1.000
4.040
4.880
4.441
4.455
-1.000
-1.000
5.226
5.174
-1.000
4.474
4.445
5.394
4.860
-1.000
4.015
4.129
-1.000
4.722
4.645
5.551
-1.000
4.477
-1.000
5.435
-1.000
3.918
4.373
-1.000
-1.000
5.243
5.655
-1.000
4.151
4.759
4.079
4.658
4.236
4.912
-1.000
4.223
-1.000
-1.000
4.619
-1.000
4.908
-1.000
4.695
4.767
5.081
5.301
5.043
5.845
4.695
4.872
4.633
4.996
4.339
3.988
5.831
4.701
-1.000
4.282
4.597
-1.000
5.313
-1.000
-1.000
-1.000
4.679
4.533
4.712
5.490
5.517
5.055
5.129
4.352
-1.000
-1.000
5.988
4.494
4.490
5.734
-1.000
-1.000
4.569
4.479
5.006
4.855
-1.000
4.196
5.018
-1.000
3.514
5.272
4.553
4.573
-1.000
-1.000
-1.000
4.585
4.787
4.108
-1.000
4.677
4.893
5.704
5.041
-1.000
4.652
4.469
-1.000
4.997
4.951
-1.000
4.874
-1.000
-1.000
4.016
4.887
5.482
4.683
5.171
5.925
-1.000
3.706
5.722
5.187
-1.000
3.580
3.889
5.181
5.736
-1.000
5.289
-1.000
-1.000
4.336
5.198
4.074
5.461
5.151
4.701
4.273
4.622
4.615
5.466
4.691
5.714
4.383
4.372
4.352
4.751
-1.000
4.890
-1.000
4.694
5.418
4.942
5.165
-1.000
4.427
4.552
5.923
-1.000
-1.000
4.871
3.547
5.634
4.245
4.022
4.534
5.586
-1.000
-1.000
5.076
-1.000
5.711
5.389
-1.000
-1.000
4.571
5.762
4.196
4.831
5.285
4.220
4.690
-1.000
4.585
4.929
4.715
4.698
5.221
-1.000
4.775
4.299
4.771
3.900
3.704
5.232
4.384
4.895
4.665
4.565
3.967
4.683
4.039
-1.000
-1.000
5.277
4.911
4.583
5.406
5.059
4.624
5.253
5.248
4.489
5.350
5.070
4.608
-1.000
4.423
4.806
5.005
5.455
4.094
4.695
5.052
4.268
4.919
-1.000
4.961
-1.000
-1.000
-1.000
4.880
4.624
5.058
-1.000
-1.000
3.810
5.050
-1.000
-1.000
5.573
4.541
4.832
4.552
-1.000
4.857
5.335
-1.000
4.617
4.392
4.412
5.635
4.436
5.273
4.763
4.104
-1.000
4.796
-1.000
4.669
4.725
4.304
-1.000
5.200
3.924
5.832
5.469
-1.000
5.130
4.394
5.311
3.891
4.531
4.007
4.616
-1.000
4.559
-1.000
-1.000
5.641
-1.000
4.430
4.458
4.635
4.887
4.765
4.366
5.625
-1.000
4.519
4.743
5.591
-1.000
-1.000
4.646
-1.000
4.464
-1.000
4.728
3.980
5.014
4.285
4.145
-1.000
5.057
4.411
5.174
4.417
4.570
4.472
5.860
5.674
4.768
5.274
5.783
5.671
5.074
4.425
3.979
4.633
4.175
5.110
5.280
-1.000
4.388
4.871
5.987
5.160
4.254
4.201
4.427
5.574
4.638
4.448
5.029
4.846
5.568
4.971
4.905
5.912
4.476
4.489
-1.000
4.855
-1.000
4.907
4.840
-1.000
3.983
-1.000
-1.000
-1.000
-1.000
-1.000
4.605
5.523
5.397
-1.000
4.401
4.555
4.558
4.079
4.711
4.270
-1.000
4.228
4.575
4.659
3.999
4.868
-1.000
5.401
-1.000
4.308
-1.000
-1.000
-1.000
4.083
-1.000
4.700
4.135
-1.000
4.149
5.160
4.031
4.364
4.659
4.951
4.458
-1.000
4.621
-1.000
-1.000
-1.000
4.945
-1.000
5.194
5.374
4.723
5.108
4.784
4.296
3.852
4.613
-1.000
4.588
3.759
-1.000
5.373
5.740
-1.000
4.843
5.540
-1.000
-1.000
4.910
-1.000
4.722
5.887
5.348
4.956
4.230
4.994
4.560
4.117
4.719
4.078
3.847
-1.000
4.290
5.450
4.938
4.506
4.577
4.561
3.801
4.538
5.451
4.053
4.587
5.470
-1.000
4.353
4.724
4.780
3.408
5.686
4.407
4.068
4.434
3.843
5.073
4.858
-1.000
4.954
4.797
-1.000
4.140
4.217
3.995
4.636
4.127
-1.000
4.450
4.674
4.042
4.915
-1.000
4.167
4.394
4.179
4.698
4.630
4.866
-1.000
5.927
-1.000
4.222
4.117
-1.000
4.749
5.263
5.637
4.448
4.893
4.642
5.084
-1.000
4.585
-1.000
4.666
-1.000
5.109
4.688
4.813
-1.000
-1.000
5.645
5.118
-1.000
4.379
-1.000
-1.000
5.661
-1.000
-1.000
5.135
-1.000
4.181
-1.000
5.333
5.469
4.356
4.350
-1.000
5.951
4.669
4.106
5.021
5.649
4.552
3.893
5.060
4.632
-1.000
-1.000
4.654
-1.000
3.976
5.501
5.414
-1.000
-1.000
-1.000
-1.000
4.733
5.256
-1.000
4.305
4.828
5.281
5.221
4.340
4.898
5.549
5.527
5.106
-1.000
-1.000
-1.000
5.511
3.909
5.137
5.587
4.793
-1.000
5.574
4.219
5.065
5.730
-1.000
5.424
3.717
-1.000
-1.000
4.825
4.618
3.918
4.661
4.974
4.057
4.610
4.673
-1.000
5.021
4.747
4.865
4.432
4.352
-1.000
5.120
-1.000
5.041
5.464
4.727
4.465
-1.000
-1.000
5.891
-1.000
-1.000
4.970
-1.000
-1.000
-1.000
4.441
5.034
5.983
4.127
4.865
-1.000
-1.000
-1.000
-1.000
4.558
5.025
5.368
4.035
5.639
-1.000
4.211
-1.000
4.771
5.835
4.656
4.933
-1.000
4.839
-1.000
-1.000
-1.000
5.235
-1.000
5.634
-1.000
5.062
4.461
5.412
-1.000
-1.000
4.754
5.365
-1.000
4.000
5.114
5.897
-1.000
4.243
4.537
5.237
3.968
5.595
4.281
5.451
-1.000
4.225
-1.000
4.417
4.209
4.952
-1.000
-1.000
-1.000
5.851
4.414
4.916
-1.000
4.705
3.897
4.316
5.343
4.816
5.455
4.580
5.719
5.334
-1.000
-1.000
4.918
5.282
-1.000
4.202
5.233
5.683
-1.000
4.171
4.173
4.422
-1.000
5.359
4.712
4.960
5.078
4.424
-1.000
5.347
4.698
5.589
4.585
-1.000
4.419
-1.000
4.142
4.462
4.425
4.680
5.260
4.694
4.283
-1.000
4.825
5.138
5.548
4.733
-1.000
5.131
5.339
4.400
4.567
-1.000
5.025
4.027
4.732
5.474
4.792
4.211
-1.000
4.124
4.471
4.955
-1.000
4.221
4.683
-1.000
-1.000
4.733
4.970
4.474
3.556
5.244
5.270
-1.000
4.432
4.871
4.694
4.357
5.117
5.336
5.146
4.687
4.636
4.555
4.493
5.072
4.594
5.501
-1.000
4.998
5.092
-1.000
5.165
4.597
4.321
4.878
5.611
4.871
4.639
4.131
4.991
-1.000
-1.000
-1.000
4.709
4.433
4.436
4.986
5.162
5.920
3.950
4.516
5.091
4.326
5.168
-1.000
-1.000
-1.000
4.566
-1.000
4.858
4.259
4.568
4.390
4.355
5.946
-1.000
-1.000
4.370
3.991
5.695
-1.000
4.074
5.181
-1.000
-1.000
3.978
-1.000
-1.000
-1.000
-1.000
4.195
-1.000
4.098
4.745
5.513
5.213
5.362
5.047
-1.000
5.091
5.194
4.681
4.580
-1.000
4.668
4.717
5.007
-1.000
-1.000
5.140
-1.000
4.551
4.647
5.502
5.138
5.060
4.367
-1.000
5.239
4.494
5.829
4.427
5.683
5.374
5.313
-1.000
-1.000
5.252
5.836
-1.000
4.439
5.297
4.459
-1.000
-1.000
4.593
3.969
4.830
-1.000
-1.000
4.763
5.307
4.361
-1.000
4.528
4.594
4.857
-1.000
4.760
-1.000
4.212
4.520
5.897
-1.000
-1.000
-1.000
4.822
-1.000
-1.000
-1.000
4.806
5.460
4.211
5.232
-1.000
-1.000
4.985
4.396
5.623
5.702
5.228
4.751
-1.000
-1.000
4.934
5.894
-1.000
4.875
4.409
5.329
5.666
4.822
-1.000
5.006
5.168
-1.000
-1.000
5.280
5.194
5.993
5.694
4.595
4.318
-1.000
-1.000
5.377
4.970
-1.000
4.890
4.642
5.036
-1.000
4.692
5.203
4.956
4.872
5.482
4.851
5.572
5.094
5.094
-1.000
-1.000
4.419
5.528
4.813
-1.000
5.346
-1.000
5.332
4.471
4.730
4.646
4.170
5.470
4.065
4.785
5.248
4.138
4.169
4.452
-1.000
4.159
-1.000
5.975
4.920
5.750
-1.000
5.156
5.495
4.545
4.784
-1.000
-1.000
5.132
4.824
4.289
4.569
4.172
4.408
5.652
4.942
5.967
4.786
-1.000
5.049
4.736
4.901
4.424
5.631
4.872
5.315
3.939
-1.000
4.313
5.255
3.971
4.667
4.684
4.581
5.194
5.054
4.570
5.082
4.386
-1.000
-1.000
-1.000
-1.000
3.760
3.897
4.829
5.461
4.245
5.816
5.338
4.765
5.772
5.920
-1.000
4.575
4.302
5.616
5.978
5.769
-1.000
5.896
4.445
4.659
5.351
3.893
-1.000
4.581
-1.000
-1.000
5.239
5.480
5.451
-1.000
-1.000
4.869
5.928
5.136
5.086
-1.000
-1.000
-1.000
4.459
-1.000
-1.000
-1.000
-1.000
4.974
-1.000
4.838
-1.000
-1.000
4.934
-1.000
4.859
4.816
-1.000
5.136
-1.000
5.150
4.330
5.393
4.768
4.395
5.964
4.373
-1.000
-1.000
4.301
4.357
5.356
4.824
4.050
5.979
5.515
5.057
-1.000
4.733
-1.000
4.826
5.281
4.434
-1.000
4.997
4.557
5.478
4.491
4.850
5.192
-1.000
4.906
5.243
-1.000
5.092
4.187
4.998
5.059
-1.000
4.316
5.346
-1.000
4.304
5.460
-1.000
4.464
-1.000
5.098
4.643
3.693
-1.000
5.428
4.595
4.127
4.417
4.026
4.968
-1.000
4.622
4.304
4.867
4.627
-1.000
4.748
-1.000
-1.000
-1.000
4.656
3.934
-1.000
5.014
4.152
5.964
5.722
5.236
5.889
4.819
3.941
-1.000
5.241
-1.000
4.727
5.670
4.778
4.806
4.655
4.594
4.748
5.646
4.571
5.408
4.876
4.850
5.345
4.042
-1.000
4.854
4.664
4.766
4.691
4.443
5.272
-1.000
-1.000
4.536
4.651
4.840
4.891
3.987
-1.000
-1.000
4.862
4.072
5.010
3.914
-1.000
-1.000
4.472
-1.000
4.153
-1.000
4.380
-1.000
4.313
-1.000
5.354
4.880
4.776
4.834
5.477
-1.000
4.414
5.667
4.644
5.460
-1.000
-1.000
4.449
5.265
-1.000
5.996
4.754
-1.000
-1.000
5.758
-1.000
5.335
4.592
-1.000
4.294
4.186
-1.000
5.518
4.092
-1.000
5.267
4.914
5.177
-1.000
4.978
4.075
3.988
4.866
-1.000
-1.000
5.466
-1.000
4.118
5.174
3.898
4.939
4.031
5.844
4.979
3.986
-1.000
4.400
-1.000
4.822
4.927
5.259
5.910
5.118
4.412
-1.000
4.603
4.608
5.486
4.499
4.246
-1.000
4.501
4.782
-1.000
-1.000
4.800
4.116
-1.000
-1.000
4.624
4.636
4.348
4.686
4.424
4.586
5.377
-1.000
-1.000
-1.000
4.548
-1.000
4.678
-1.000
4.572
-1.000
-1.000
5.108
4.625
4.427
5.081
-1.000
5.091
4.599
4.581
4.170
4.646
-1.000
-1.000
4.481
5.522
4.892
4.306
4.196
4.846
4.185
4.682
4.620
-1.000
4.473
4.772
-1.000
4.410
5.361
4.471
4.349
4.496
5.161
5.724
-1.000
-1.000
4.738
-1.000
5.522
4.332
4.675
4.474
4.318
4.693
5.653
-1.000
4.223
4.784
-1.000
-1.000
-1.000
4.661
-1.000
-1.000
4.971
5.486
4.172
3.676
4.935
3.882
4.958
5.150
4.281
4.584
5.827
4.261
-1.000
5.175
5.161
-1.000
-1.000
4.454
4.543
-1.000
-1.000
5.285
5.469
-1.000
5.370
4.177
5.086
4.479
-1.000
-1.000
4.798
4.850
5.156
5.210
-1.000
4.639
4.532
5.123
-1.000
-1.000
5.714
-1.000
4.402
4.617
5.306
-1.000
4.247
4.437
4.364
4.600
4.373
4.046
-1.000
-1.000
-1.000
4.985
5.147
4.288
4.841
4.689
4.914
4.943
5.254
4.319
4.408
-1.000
-1.000
4.435
5.452
4.063
4.092
-1.000
4.624
5.634
4.510
-1.000
4.914
5.341
5.457
4.447
-1.000
5.482
4.085
-1.000
4.007
4.183
4.661
3.944
5.307
4.567
4.121
4.411
4.103
-1.000
-1.000
4.632
5.918
-1.000
4.682
5.825
5.054
5.531
5.151
4.510
3.929
5.426
4.740
4.435
5.635
4.582
-1.000
-1.000
4.631
4.714
4.613
-1.000
4.058
-1.000
4.877
5.618
3.896
4.229
-1.000
5.576
-1.000
4.523
5.118
5.004
4.837
4.941
5.148
4.416
4.817
4.556
4.706
5.658
4.372
-1.000
5.707
4.230
4.624
4.678
5.388
5.642
4.234
4.291
4.706
-1.000
4.117
4.688
-1.000
4.077
4.831
-1.000
-1.000
5.570
5.670
4.727
-1.000
5.140
4.555
5.032
-1.000
4.434
-1.000
4.857
5.705
5.640
5.268
4.581
3.868
5.043
-1.000
-1.000
-1.000
5.327
5.180
4.781
3.895
4.856
4.236
-1.000
5.469
4.010
-1.000
4.154
4.132
4.509
-1.000
-1.000
4.793
-1.000
5.085
4.850
4.328
4.702
5.238
-1.000
4.482
4.707
5.149
-1.000
4.997
-1.000
5.381
-1.000
3.729
5.015
5.114
5.150
4.836
-1.000
-1.000
5.852
4.670
4.758
3.936
4.899
5.062
-1.000
4.660
-1.000
3.900
4.735
4.036
4.346
5.200
-1.000
-1.000
5.029
-1.000
5.236
4.510
4.305
5.585
4.739
5.190
-1.000
5.892
5.269
4.223
4.365
4.652
4.328
4.621
4.259
5.499
4.181
5.276
5.046
4.473
5.028
4.797
4.970
4.849
-1.000
4.652
-1.000
5.743
4.521
5.106
4.225
-1.000
5.170
-1.000
-1.000
4.834
-1.000
4.366
-1.000
4.310
4.461
4.777
-1.000
4.802
4.600
-1.000
4.188
-1.000
3.928
-1.000
4.585
4.338
4.124
-1.000
4.820
-1.000
4.426
5.970
5.095
5.387
5.302
-1.000
-1.000
-1.000
5.911
4.890
4.778
4.074
4.204
4.599
4.610
5.123
-1.000
-1.000
4.799
5.040
4.112
-1.000
4.332
4.347
-1.000
-1.000
-1.000
4.566
4.453
-1.000
4.480
5.473
5.358
5.642
5.741
-1.000
5.614
5.260
5.582
4.134
4.931
4.618
5.452
4.333
4.902
4.846
4.570
-1.000
4.789
4.689
-1.000
4.585
5.293
5.169
-1.000
4.622
4.474
-1.000
5.401
4.757
4.415
4.556
-1.000
-1.000
5.039
4.169
5.109
-1.000
-1.000
4.899
4.320
4.759
-1.000
3.884
4.420
-1.000
4.040
4.882
-1.000
-1.000
5.955
-1.000
3.814
-1.000
3.905
-1.000
-1.000
5.145
4.616
4.833
4.604
-1.000
-1.000
-1.000
4.781
3.939
3.995
4.942
4.888
-1.000
4.979
-1.000
-1.000
4.875
-1.000
5.631
3.934
4.756
-1.000
5.375
4.887
4.996
5.654
5.066
4.437
5.093
-1.000
5.778
4.840
4.377
5.439
4.642
4.042
5.010
4.077
5.214
4.563
5.687
-1.000
-1.000
-1.000
5.212
4.915
4.944
3.910
4.727
4.941
-1.000
-1.000
5.761
-1.000
-1.000
4.323
4.604
-1.000
-1.000
4.432
-1.000
4.334
4.194
-1.000
4.787
4.709
4.964
5.290
-1.000
-1.000
4.702
5.551
4.501
5.282
5.533
5.076
4.882
5.077
4.763
5.649
5.865
5.208
-1.000
4.747
-1.000
4.719
4.523
-1.000
-1.000
4.529
4.849
-1.000
5.233
4.737
-1.000
4.973
4.754
4.682
5.707
-1.000
-1.000
5.386
4.334
-1.000
4.322
4.106
4.440
4.940
4.617
4.204
4.682
4.717
4.565
-1.000
-1.000
5.516
-1.000
5.139
-1.000
5.353
4.620
4.731
4.878
4.049
5.364
4.124
4.780
-1.000
5.303
5.583
5.918
5.034
5.693
4.238
-1.000
5.367
4.212
4.474
-1.000
4.387
4.460
4.216
-1.000
5.051
5.080
-1.000
5.306
5.532
4.809
4.850
5.259
-1.000
4.328
4.476
4.976
-1.000
-1.000
5.432
5.444
4.782
5.363
-1.000
4.605
4.400
-1.000
4.963
5.816
4.473
4.691
4.554
-1.000
5.891
3.971
-1.000
5.431
-1.000
4.461
4.058
-1.000
4.536
5.069
-1.000
4.474
-1.000
5.036
-1.000
4.680
5.479
4.410
4.761
-1.000
4.152
5.442
-1.000
4.110
5.051
5.687
4.592
5.627
3.872
3.903
-1.000
4.248
-1.000
4.478
-1.000
4.219
5.207
-1.000
-1.000
-1.000
5.167
-1.000
-1.000
-1.000
4.452
4.978
3.898
4.274
-1.000
5.123
-1.000
5.151
5.140
5.701
4.791
5.355
-1.000
-1.000
4.599
-1.000
-1.000
4.390
5.454
4.747
4.943
4.839
-1.000
5.361
4.128
5.307
4.566
-1.000
-1.000
4.504
5.033
-1.000
4.847
5.903
4.450
5.204
4.657
4.540
4.594
4.418
4.826
5.778
5.563
4.643
5.049
4.507
4.522
4.589
-1.000
4.985
-1.000
-1.000
5.861
4.838
4.092
-1.000
4.387
4.707
4.628
4.956
5.774
4.749
5.900
5.379
4.659
5.125
4.840
-1.000
-1.000
-1.000
-1.000
4.705
5.636
-1.000
-1.000
4.590
-1.000
5.620
-1.000
-1.000
-1.000
5.040
4.564
4.356
4.765
5.715
5.569
-1.000
4.576
4.266
-1.000
5.426
5.488
5.282
5.166
5.789
4.482
3.772
4.708
-1.000
-1.000
-1.000
-1.000
5.564
4.167
5.160
4.522
-1.000
5.736
4.793
5.779
4.787
4.923
4.776
-1.000
5.695
4.705
4.442
-1.000
4.575
4.292
5.824
-1.000
-1.000
4.586
5.404
-1.000
4.145
5.497
-1.000
5.071
5.980
4.055
4.800
-1.000
4.551
5.753
4.719
4.870
5.235
-1.000
5.550
5.038
4.694
5.027
5.219
-1.000
-1.000
4.661
-1.000
4.696
-1.000
-1.000
-1.000
5.259
5.196
5.500
4.494
4.137
4.802
-1.000
5.901
5.235
5.019
5.129
5.085
5.135
-1.000
5.805
-1.000
4.549
5.489
4.505
-1.000
4.804
-1.000
5.354
4.782
4.783
5.511
4.681
-1.000
-1.000
5.428
-1.000
4.396
-1.000
4.766
5.348
4.734
4.709
5.110
-1.000
5.671
-1.000
5.316
5.694
-1.000
5.731
-1.000
5.087
-1.000
-1.000
-1.000
4.075
5.701
-1.000
-1.000
4.632
4.629
4.691
-1.000
4.668
4.874
-1.000
-1.000
-1.000
4.667
5.094
4.836
-1.000
5.407
5.855
-1.000
4.986
-1.000
4.796
4.685
-1.000
-1.000
-1.000
4.976
-1.000
4.779
5.021
5.609
4.790
-1.000
-1.000
5.073
4.329
4.647
5.121
-1.000
-1.000
-1.000
-1.000
-1.000
-1.000
4.278
4.134
-1.000
-1.000
4.309
-1.000
4.849
4.485
5.333
4.787
5.639
4.699
-1.000
-1.000
4.825
5.204
5.546
3.959
4.572
-1.000
5.169
4.934
5.200
4.784
5.653
4.531
5.845
5.186
4.020
-1.000
5.259
-1.000
5.185
5.391
5.087
4.727
4.122
4.621
-1.000
4.504
4.693
-1.000
4.218
-1.000
-1.000
5.727
5.188
-1.000
5.728
-1.000
4.555
4.569
4.817
4.168
-1.000
4.273
4.684
4.780
4.407
4.670
4.545
-1.000
-1.000
-1.000
4.270
5.412
-1.000
4.972
-1.000
-1.000
5.845
-1.000
5.057
4.753
4.545
-1.000
4.742
4.594
4.387
4.886
-1.000
4.889
5.305
4.081
4.511
-1.000
4.327
5.061
4.625
4.429
4.261
5.122
4.841
-1.000
-1.000
4.638
4.123
5.720
-1.000
-1.000
4.527
-1.000
-1.000
4.529
5.275
4.694
4.288
4.810
-1.000
-1.000
4.951
5.105
5.535
5.939
-1.000
4.668
-1.000
5.278
-1.000
4.493
3.899
4.798
5.229
-1.000
4.812
-1.000
4.565
4.983
5.084
4.595
5.299
-1.000
5.229
4.509
5.787
-1.000
5.043
-1.000
5.100
4.681
4.749
4.586
-1.000
-1.000
4.734
4.777
-1.000
4.794
-1.000
4.475
-1.000
-1.000
4.857
5.468
4.150
-1.000
4.390
4.615
5.523
5.759
4.459
5.630
4.681
4.767
5.060
5.490
4.886
-1.000
4.401
4.495
4.990
-1.000
-1.000
-1.000
5.753
4.705
4.767
-1.000
5.876
-1.000
4.790
4.733
5.005
5.900
-1.000
4.532
5.481
4.743
4.751
5.540
4.585
5.254
4.655
4.716
-1.000
4.523
-1.000
5.999
-1.000
-1.000
4.467
5.816
4.729
4.525
5.549
5.353
4.892
4.563
-1.000
-1.000
4.610
4.608
5.108
4.850
5.897
5.152
4.759
4.767
5.637
-1.000
5.302
5.355
-1.000
-1.000
-1.000
4.741
4.735
5.158
4.445
4.462
-1.000
5.833
-1.000
-1.000
5.093
4.371
5.121
-1.000
5.055
-1.000
5.276
4.875
4.965
4.837
-1.000
5.444
4.615
5.888
-1.000
-1.000
-1.000
5.538
5.023
5.289
5.109
4.768
-1.000
-1.000
-1.000
-1.000
5.917
4.788
5.015
-1.000
-1.000
-1.000
-1.000
-1.000
5.199
4.942
4.698
5.731
4.128
4.727
5.771
5.777
-1.000
4.501
-1.000
4.916
-1.000
5.854
-1.000
4.786
-1.000
5.732
4.679
-1.000
4.517
4.910
4.188
4.489
4.592
4.963
4.425
5.070
-1.000
-1.000
5.107
4.496
-1.000
-1.000
4.617
-1.000
5.140
4.168
-1.000
-1.000
5.069
-1.000
4.427
5.362
4.690
5.047
4.561
4.335
5.632
-1.000
-1.000
-1.000
5.466
4.282
-1.000
5.272
4.952
5.272
5.947
4.554
-1.000
-1.000
-1.000
-1.000
5.736
5.686
4.642
5.071
4.381
4.806
-1.000
-1.000
-1.000
-1.000
4.354
-1.000
5.952
4.687
4.268
4.633
4.609
4.538
4.483
4.160
-1.000
5.038
5.092
5.141
4.830
4.828
5.643
4.932
-1.000
4.524
4.318
4.977
-1.000
4.527
5.465
-1.000
5.404
5.884
5.190
-1.000
4.278
5.321
4.724
5.225
5.879
4.557
-1.000
4.916
4.308
4.488
-1.000
-1.000
-1.000
4.275
4.366
5.631
4.340
5.242
4.159
4.107
-1.000
5.397
4.775
4.591
5.265
5.158
4.619
-1.000
4.699
-1.000
4.490
4.749
4.640
5.931
4.729
5.851
4.880
-1.000
-1.000
4.724
-1.000
-1.000
5.740
4.319
4.539
-1.000
5.415
-1.000
4.931
-1.000
5.251
5.696
4.357
5.187
4.782
4.602
-1.000
5.623
4.393
-1.000
-1.000
-1.000
-1.000
5.118
-1.000
-1.000
4.595
4.407
5.168
4.836
4.406
4.902
5.406
-1.000
-1.000
5.200
4.844
4.484
-1.000
5.535
4.382
4.821
-1.000
5.213
4.541
-1.000
4.544
5.179
-1.000
-1.000
-1.000
4.361
4.962
4.995
-1.000
5.120
-1.000
5.754
5.198
-1.000
4.739
4.701
4.368
-1.000
-1.000
4.767
4.759
-1.000
-1.000
5.728
4.784
5.210
4.705
-1.000
4.481
-1.000
4.401
4.630
-1.000
4.906
5.038
4.553
4.031
5.122
4.258
4.658
5.279
5.360
-1.000
4.539
4.642
-1.000
5.383
5.527
4.810
-1.000
5.112
5.880
-1.000
5.053
-1.000
4.759
-1.000
5.186
-1.000
4.401
-1.000
-1.000
4.579
-1.000
4.342
4.942
-1.000
-1.000
4.114
4.757
4.431
5.518
4.704
4.753
3.752
4.774
5.347
4.813
5.291
-1.000
5.108
5.827
5.028
4.591
5.424
4.400
4.305
4.772
5.134
4.579
-1.000
4.507
4.246
-1.000
4.825
-1.000
4.746
-1.000
5.978
-1.000
-1.000
5.237
4.744
4.249
4.630
4.564
-1.000
4.746
4.124
-1.000
4.584
5.467
-1.000
5.041
4.379
4.826
5.981
-1.000
5.327
4.732
4.985
4.949
-1.000
-1.000
5.559
-1.000
4.828
-1.000
5.456
4.811
-1.000
5.596
-1.000
4.678
-1.000
-1.000
-1.000
4.805
5.218
-1.000
4.907
-1.000
4.746
-1.000
-1.000
5.427
5.569
5.670
5.045
5.743
4.780
-1.000
4.867
4.832
-1.000
5.468
-1.000
5.444
5.764
4.959
-1.000
5.374
5.970
4.807
-1.000
4.652
-1.000
-1.000
-1.000
5.280
4.440
-1.000
-1.000
4.351
4.961
-1.000
5.701
-1.000
5.668
-1.000
-1.000
4.968
5.294
5.536
5.143
5.110
-1.000
-1.000
5.480
-1.000
-1.000
5.942
4.683
-1.000
4.428
4.344
-1.000
4.550
4.685
-1.000
4.915
4.564
5.180
5.045
4.676
4.557
-1.000
-1.000
-1.000
-1.000
5.357
-1.000
-1.000
-1.000
5.272
5.345
4.780
5.609
5.688
5.658
4.324
5.737
-1.000
4.805
-1.000
-1.000
4.807
4.601
5.221
5.429
4.521
-1.000
5.408
5.858
4.953
5.318
5.868
-1.000
4.078
-1.000
-1.000
5.391
5.565
5.282
5.214
-1.000
5.572
4.987
4.823
4.834
4.997
5.024
5.014
-1.000
-1.000
4.420
-1.000
5.046
-1.000
5.560
5.100
-1.000
5.223
-1.000
-1.000
4.781
4.861
-1.000
5.306
5.117
4.577
-1.000
5.125
4.776
5.285
-1.000
4.407
4.653
-1.000
5.544
4.248
4.653
5.281
5.553
4.610
-1.000
4.867
4.296
-1.000
4.825
-1.000
4.427
-1.000
4.903
5.138
-1.000
-1.000
-1.000
5.032
-1.000
4.739
-1.000
-1.000
-1.000
5.656
4.784
5.267
-1.000
4.887
-1.000
4.728
4.524
-1.000
5.423
4.658
5.486
5.563
4.725
-1.000
4.709
5.805
4.861
5.218
4.880
5.206
4.895
5.661
4.752
5.529
4.684
-1.000
-1.000
4.517
5.070
4.512
-1.000
4.413
-1.000
5.794
4.509
-1.000
4.903
4.603
-1.000
4.709
4.648
4.995
-1.000
4.904
5.824
4.691
-1.000
-1.000
5.045
5.000
-1.000
5.302
4.931
5.519
5.565
-1.000
-1.000
4.730
-1.000
4.998
-1.000
4.785
5.143
5.119
-1.000
-1.000
4.858
4.786
-1.000
4.460
4.365
4.229
5.131
4.913
-1.000
4.423
4.799
-1.000
4.981
-1.000
5.212
-1.000
5.170
5.462
4.439
-1.000
-1.000
4.372
-1.000
-1.000
-1.000
5.398
4.282
4.627
4.349
4.606
-1.000
5.053
4.348
4.871
-1.000
5.535
5.913
4.691
-1.000
5.762
4.980
4.815
4.745
-1.000
4.866
5.294
-1.000
5.333
5.401
5.355
4.656
-1.000
4.765
4.979
-1.000
4.788
-1.000
5.056
4.964
4.708
-1.000
-1.000
-1.000
-1.000
4.399
5.231
5.178
5.116
-1.000
-1.000
4.732
5.678
5.155
4.518
4.494
-1.000
5.217
-1.000
-1.000
5.213
4.857
5.487
-1.000
-1.000
5.060
-1.000
5.148
4.880
-1.000
5.641
5.927
4.787
4.325
5.172
4.797
4.627
5.420
5.651
-1.000
-1.000
5.015
-1.000
5.246
-1.000
-1.000
4.621
4.959
5.257
4.253
4.403
5.296
5.543
4.536
-1.000
5.751
5.320
5.209
5.866
4.545
-1.000
4.895
-1.000
5.988
5.409
5.412
4.665
5.607
-1.000
5.455
4.382
-1.000
5.071
-1.000
-1.000
-1.000
5.592
-1.000
5.852
5.688
4.631
4.920
-1.000
4.887
4.854
-1.000
4.781
-1.000
-1.000
4.953
5.026
5.193
-1.000
4.975
4.825
5.227
4.765
5.246
-1.000
5.872
4.889
4.997
4.824
-1.000
4.993
4.209
4.808
-1.000
-1.000
4.766
4.351
5.165
-1.000
4.642
-1.000
-1.000
4.848
5.542
-1.000
4.608
5.368
-1.000
5.488
4.617
5.801
5.160
4.772
-1.000
4.973
5.325
4.933
4.658
4.897
-1.000
4.635
5.166
4.248
-1.000
5.595
4.702
-1.000
-1.000
-1.000
5.159
5.064
4.611
5.338
4.423
5.327
-1.000
5.636
-1.000
-1.000
-1.000
3.983
4.633
-1.000
4.762
4.827
5.674
-1.000
-1.000
4.773
-1.000
-1.000
-1.000
4.503
4.931
-1.000
-1.000
5.070
-1.000
5.676
-1.000
4.851
-1.000
5.831
4.955
5.782
-1.000
4.680
-1.000
5.750
5.267
-1.000
5.564
5.535
5.669
-1.000
5.470
-1.000
5.319
-1.000
4.680
-1.000
-1.000
-1.000
-1.000
5.145
-1.000
5.749
5.931
5.318
4.917
5.220
4.739
4.579
4.444
5.046
-1.000
-1.000
4.792
5.551
-1.000
-1.000
-1.000
5.577
-1.000
4.093
-1.000
5.598
4.219
4.954
5.341
-1.000
5.316
4.821
5.743
5.621
5.395
4.987
4.657
4.758
-1.000
-1.000
5.537
-1.000
-1.000
5.929
4.724
5.325
-1.000
-1.000
-1.000
4.946
-1.000
5.053
-1.000
4.491
-1.000
4.737
5.049
-1.000
5.719
5.851
5.211
5.740
5.875
4.888
5.398
4.991
5.892
-1.000
4.768
4.596
5.230
5.345
-1.000
-1.000
4.862
5.863
5.473
4.981
-1.000
-1.000
-1.000
5.493
-1.000
5.896
4.564
5.025
-1.000
-1.000
4.746
4.990
5.202
5.162
4.512
5.065
4.589
4.966
4.845
-1.000
5.878
5.775
5.636
4.557
5.780
4.821
-1.000
5.153
5.119
-1.000
5.037
4.428
5.092
-1.000
4.829
4.946
-1.000
-1.000
5.529
-1.000
5.412
5.376
5.175
-1.000
-1.000
4.908
-1.000
4.569
-1.000
4.839
5.660
-1.000
4.634
-1.000
5.561
5.563
5.625
5.200
4.479
4.083
-1.000
5.818
4.392
5.281
-1.000
4.867
5.026
-1.000
-1.000
-1.000
5.049
5.550
5.664
5.489
-1.000
-1.000
-1.000
-1.000
-1.000
4.751
4.642
4.924
5.824
4.739
4.764
-1.000
4.801
4.665
-1.000
-1.000
4.637
4.326
4.776
4.713
5.337
4.940
-1.000
-1.000
-1.000
4.895
4.199
4.476
-1.000
-1.000
4.662
-1.000
5.674
-1.000
-1.000
-1.000
5.660
-1.000
5.770
-1.000
-1.000
5.732
5.017
-1.000
5.476
5.415
-1.000
-1.000
-1.000
5.458
5.416
5.540
5.427
5.718
-1.000
-1.000
5.173
5.411
5.026
5.219
-1.000
-1.000
-1.000
-1.000
5.784
-1.000
5.781
5.531
5.910
-1.000
5.449
5.381
-1.000
-1.000
5.336
5.584
5.387
5.816
5.359
4.991
-1.000
-1.000
5.668
5.255
-1.000
-1.000
-1.000
-1.000
5.528
5.644
-1.000
5.975
-1.000
5.591
-1.000
-1.000
-1.000
-1.000
5.629
5.467
5.635
-1.000
5.682
5.914
4.957
-1.000
5.273
5.555
-1.000
-1.000
-1.000
-1.000
5.230
-1.000
-1.000
-1.000
5.518
5.232
-1.000
5.365
-1.000
4.977
-1.000
5.219
5.329
5.377
-1.000
5.669
5.145
5.311
-1.000
-1.000
5.827
-1.000
5.998
-1.000
5.230
5.438
-1.000
-1.000
-1.000
5.390
-1.000
5.471
5.978
5.248
-1.000
5.459
5.632
5.417
-1.000
5.943
-1.000
-1.000
-1.000
5.978
5.226
5.821
5.402
-1.000
-1.000
5.827
5.398
-1.000
5.355
5.557
5.222
-1.000
5.313
-1.000
5.548
5.747
5.280
5.771
5.388
-1.000
5.479
-1.000
5.359
5.666
5.788
-1.000
5.704
-1.000
-1.000
-1.000
5.425
5.100
5.498
5.919
5.726
5.572
5.021
5.426
-1.000
5.045
-1.000
5.194
5.761
-1.000
5.893
5.685
-1.000
-1.000
-1.000
5.774
-1.000
5.841
5.167
-1.000
-1.000
-1.000
5.966
5.775
5.085
5.023
5.200
5.343
-1.000
4.898
5.701
-1.000
-1.000
-1.000
5.359
5.018
-1.000
5.966
5.593
-1.000
5.299
5.595
-1.000
-1.000
5.791
4.813
-1.000
-1.000
-1.000
5.822
-1.000
5.518
5.423
-1.000
5.476
5.427
5.002
-1.000
5.715
-1.000
-1.000
5.704
-1.000
-1.000
-1.000
5.062
-1.000
5.230
-1.000
5.117
5.075
5.593
5.431
5.603
5.463
5.119
-1.000
-1.000
-1.000
5.294
5.291
-1.000
-1.000
-1.000
-1.000
5.717
-1.000
5.312
-1.000
5.129
5.189
4.849
-1.000
-1.000
5.708
5.946
-1.000
5.646
-1.000
-1.000
-1.000
5.338
-1.000
5.364
-1.000
-1.000
-1.000
5.116
-1.000
-1.000
-1.000
5.787
5.110
5.713
5.079
4.990
5.557
-1.000
-1.000
5.027
-1.000
-1.000
5.236
5.469
-1.000
-1.000
-1.000
5.802
5.532
5.206
-1.000
5.967
-1.000
5.151
5.664
5.284
5.182
-1.000
-1.000
5.469
-1.000
5.721
5.347
5.647
5.173
-1.000
5.903
5.352
-1.000
-1.000
5.336
5.278
-1.000
-1.000
-1.000
5.806
-1.000
-1.000
-1.000
5.591
5.799
5.295
-1.000
5.108
-1.000
-1.000
5.020
5.657
4.930
-1.000
5.435
5.995
-1.000
5.541
5.324
5.085
5.849
-1.000
-1.000
5.732
-1.000
5.468
-1.000
5.522
5.124
5.373
-1.000
-1.000
5.205
5.275
5.473
5.289
5.175
-1.000
-1.000
-1.000
-1.000
5.103
-1.000
-1.000
-1.000
-1.000
-1.000
-1.000
-1.000
5.257
5.251
-1.000
-1.000
5.379
-1.000
-1.000
5.311
5.780
-1.000
-1.000
-1.000
-1.000
-1.000
5.539
-1.000
5.318
5.921
-1.000
-1.000
5.393
-1.000
-1.000
5.354
5.235
5.494
-1.000
-1.000
5.623
-1.000
5.368
-1.000
5.659
-1.000
5.282
5.581
5.695
5.136
-1.000
-1.000
-1.000
4.846
4.817
-1.000
5.731
-1.000
-1.000
4.728
-1.000
-1.000
5.288
5.522
5.437
5.035
5.871
5.523
5.249
5.586
5.188
5.855
5.414
4.888
-1.000
5.144
5.409
5.597
5.698
4.932
5.169
-1.000
5.138
5.228
5.509
5.358
5.045
-1.000
-1.000
4.777
-1.000
-1.000
4.877
5.424
-1.000
5.080
-1.000
4.975
5.364
5.789
-1.000
5.754
5.929
-1.000
-1.000
-1.000
-1.000
5.975
5.331
5.483
-1.000
-1.000
5.307
-1.000
-1.000
5.198
5.912
5.200
-1.000
-1.000
-1.000
-1.000
5.902
-1.000
5.697
-1.000
5.859
5.513
4.990
-1.000
5.643
5.250
-1.000
-1.000
5.717
5.012
5.808
-1.000
-1.000
5.591
-1.000
-1.000
-1.000
5.983
-1.000
-1.000
-1.000
-1.000
5.421
-1.000
-1.000
-1.000
5.279
-1.000
-1.000
5.903
5.672
-1.000
-1.000
-1.000
-1.000
-1.000
-1.000
-1.000
-1.000
-1.000
5.810
-1.000
5.208
-1.000
6.000
5.032
5.140
5.952
-1.000
5.476
-1.000
5.653
5.043
-1.000
-1.000
-1.000
-1.000
-1.000
-1.000
-1.000
-1.000
-1.000
-1.000
5.411
-1.000
5.892
-1.000
5.707
5.894
-1.000
-1.000
5.694
5.221
5.970
-1.000
5.528
-1.000
-1.000
5.300
-1.000
5.708
-1.000
-1.000
-1.000
-1.000
5.931
-1.000
5.948
-1.000
-1.000
5.633
5.439
5.590
5.139
5.176
-1.000
-1.000
5.811
4.915
5.973
-1.000
-1.000
-1.000
5.336
-1.000
5.510
5.255
-1.000
5.425
5.640
-1.000
-1.000
-1.000
5.313
-1.000
-1.000
-1.000
-1.000
-1.000
5.967
5.800
5.538
5.829
5.720
5.658
5.860
-1.000
5.023
-1.000
5.345
-1.000
-1.000
-1.000
-1.000
5.798
-1.000
-1.000
-1.000
-1.000
-1.000
-1.000
5.584
-1.000
5.865
-1.000
-1.000
-1.000
-1.000
-1.000
5.427
5.545
-1.000
-1.000
5.432
-1.000
-1.000
-1.000
-1.000
-1.000
-1.000
-1.000
-1.000
-1.000
-1.000
-1.000
5.561
5.281
-1.000
5.631
5.250
5.815
5.765
5.443
-1.000
-1.000
5.461
-1.000
-1.000
-1.000
5.225
5.379
5.448
5.607
-1.000
5.392
-1.000
5.699
5.203
5.903
5.819
-1.000
-1.000
4.958
-1.000
5.224
-1.000
-1.000
5.127
-1.000
-1.000
-1.000
-1.000
-1.000
5.925
-1.000
-1.000
5.901
5.955
-1.000
5.604
-1.000
-1.000
5.604
5.371
5.753
5.879
5.686
5.889
5.667
5.743
-1.000
-1.000
5.203
5.561
5.143
-1.000
-1.000
-1.000
-1.000
-1.000
5.582
-1.000
5.625
5.639
-1.000
-1.000
5.523
-1.000
5.507
-1.000
-1.000
-1.000
5.380
-1.000
4.980
5.404
-1.000
5.184
5.791
-1.000
5.221
-1.000
-1.000
5.627
5.689
5.522
-1.000
-1.000
-1.000
5.636
-1.000
-1.000
5.754
-1.000
5.083
5.243
5.686
-1.000
-1.000
-1.000
-1.000
-1.000
-1.000
-1.000
-1.000
-1.000
-1.000
5.763
-1.000
5.440
-1.000
-1.000
-1.000
-1.000
-1.000
-1.000
-1.000
4.969
5.217
-1.000
5.590
-1.000
5.407
5.615
5.832
-1.000
5.971
5.714
-1.000
5.551
-1.000
-1.000
5.358
5.761
5.570
-1.000
-1.000
-1.000
5.830
-1.000
-1.000
5.515
5.458
5.260
5.741
5.911
5.705
5.524
-1.000
-1.000
-1.000
-1.000
-1.000
5.492
-1.000
-1.000
-1.000
5.563
5.312
5.884
5.377
5.460
-1.000
5.434
5.432
5.849
-1.000
-1.000
5.182
5.419
-1.000
-1.000
-1.000
-1.000
-1.000
-1.000
-1.000
-1.000
-1.000
-1.000
4.936
-1.000
-1.000
-1.000
-1.000
4.903
-1.000
-1.000
-1.000
5.863
5.597
-1.000
5.790
-1.000
-1.000
-1.000
-1.000
5.402
-1.000
-1.000
-1.000
5.318
-1.000
-1.000
-1.000
-1.000
-1.000
-1.000
-1.000
-1.000
5.538
-1.000
-1.000
-1.000
-1.000
5.660
5.353
-1.000
5.370
-1.000
-1.000
5.857
-1.000
-1.000
-1.000
-1.000
-1.000
5.431
-1.000
-1.000
5.615
-1.000
-1.000
-1.000
-1.000
-1.000
5.638
-1.000
-1.000
-1.000
5.014
5.578
-1.000
-1.000
5.800
-1.000
-1.000
-1.000
5.652
-1.000
-1.000
-1.000
5.964
5.575
-1.000
-1.000
5.084
-1.000
-1.000
5.767
-1.000
-1.000
-1.000
-1.000
5.261
-1.000
-1.000
-1.000
-1.000
-1.000
-1.000
-1.000
-1.000
-1.000
-1.000
-1.000
-1.000
-1.000
5.641
5.574
-1.000
-1.000
-1.000
-1.000
-1.000
-1.000
5.755
-1.000
-1.000
-1.000
-1.000
5.125
-1.000
-1.000
-1.000
-1.000
-1.000
-1.000
5.473
5.989
-1.000
-1.000
-1.000
-1.000
-1.000
-1.000
-1.000
-1.000
5.602
-1.000
-1.000
-1.000
-1.000
-1.000
-1.000
5.861
-1.000
5.522
-1.000
-1.000
-1.000
-1.000
5.506
-1.000
5.694
-1.000
-1.000
-1.000
-1.000
-1.000
-1.000
5.409
-1.000
5.343
-1.000
5.355
5.772
-1.000
5.724
-1.000
-1.000
-1.000
-1.000
-1.000
-1.000
-1.000
-1.000
-1.000
-1.000
5.561
-1.000
-1.000
-1.000
5.634
-1.000
-1.000
-1.000
-1.000
5.806
5.903
-1.000
-1.000
-1.000
-1.000
-1.000
-1.000
-1.000
-1.000
-1.000
5.530
5.526
-1.000
5.976
-1.000
-1.000
5.986
-1.000
-1.000
5.968
-1.000
-1.000
5.870
-1.000
-1.000
-1.000
5.547
-1.000
-1.000
5.928
-1.000
5.912
-1.000
5.627
-1.000
-1.000
-1.000
-1.000
-1.000
-1.000
-1.000
-1.000
5.421
-1.000
-1.000
-1.000
-1.000
-1.000
5.503
-1.000
5.915
-1.000
-1.000
5.173
-1.000
-1.000
-1.000
-1.000
-1.000
-1.000
-1.000
-1.000
-1.000
-1.000
-1.000
-1.000
-1.000
-1.000
-1.000
-1.000
-1.000
-1.000
-1.000
5.911
-1.000
-1.000
-1.000
5.805
-1.000
5.955
-1.000
-1.000
-1.000
-1.000
-1.000
-1.000
5.867
-1.000
-1.000
-1.000
-1.000
5.855
-1.000
-1.000
-1.000
-1.000
-1.000
-1.000
-1.000
-1.000
5.513
-1.000
-1.000
5.906
-1.000
-1.000
5.774
-1.000
-1.000
-1.000
-1.000
-1.000
-1.000
5.854
-1.000
-1.000
-1.000
-1.000
-1.000
-1.000
-1.000
-1.000
-1.000
-1.000
-1.000
-1.000
-1.000
-1.000
-1.000
-1.000
-1.000
-1.000
-1.000
-1.000
-1.000
-1.000
-1.000
-1.000
-1.000
-1.000
-1.000
-1.000
5.838
-1.000
-1.000
-1.000
-1.000
5.858
-1.000
-1.000
-1.000
-1.000
-1.000
-1.000
-1.000
-1.000
-1.000
-1.000
-1.000
5.989
-1.000
-1.000
-1.000
-1.000
-1.000
-1.000
-1.000
-1.000
-1.000
-1.000
-1.000
-1.000
-1.000
5.988
5.875
-1.000
5.948
5.730
-1.000
-1.000
-1.000
-1.000
-1.000
-1.000
5.853
5.830
-1.000
-1.000
-1.000
-1.000
-1.000
-1.000
-1.000
-1.000
5.595
-1.000
-1.000
-1.000
5.954
-1.000
-1.000
5.966
-1.000
-1.000
-1.000
5.422
-1.000
-1.000
-1.000
-1.000
5.625
-1.000
-1.000
-1.000
-1.000
-1.000
-1.000
-1.000
-1.000
5.770
5.992
-1.000
-1.000
-1.000
5.492
-1.000
-1.000
-1.000
-1.000
5.846
-1.000
-1.000
-1.000
-1.000
-1.000
-1.000
6.004
-1.000
-1.000
-1.000
-1.000
-1.000
-1.000
5.970
-1.000
-1.000
-1.000
5.946
5.819
-1.000
-1.000
-1.000
-1.000
-1.000
-1.000
-1.000
-1.000
5.919
5.803
-1.000
-1.000
-1.000
-1.000
5.811
-1.000
5.797
-1.000
-1.000
5.845
-1.000
-1.000
-1.000
-1.000
-1.000
5.958
5.751
-1.000
-1.000
-1.000
-1.000
-1.000
-1.000
-1.000
-1.000
-1.000
-1.000
5.709
-1.000
-1.000
-1.000
-1.000
5.840
5.550
-1.000
-1.000
-1.000
-1.000
-1.000
-1.000
5.698
-1.000
-1.000
-1.000
-1.000
-1.000
-1.000
-1.000
5.808
-1.000
-1.000
-1.000
-1.000
-1.000
-1.000
-1.000
-1.000
-1.000
-1.000
-1.000
-1.000
-1.000
-1.000
-1.000
-1.000
-1.000
5.767
-1.000
-1.000
5.724
-1.000
5.961
-1.000
5.889
5.914
-1.000
-1.000
5.816
-1.000
-1.000
-1.000
-1.000
-1.000
-1.000
-1.000
-1.000
-1.000
-1.000
-1.000
-1.000
-1.000
-1.000
-1.000
5.876
-1.000
-1.000
-1.000
5.860
-1.000
-1.000
-1.000
-1.000
-1.000
-1.000
5.676
-1.000
-1.000
-1.000
-1.000
-1.000
-1.000
-1.000
-1.000
-1.000
-1.000
5.960
-1.000
5.547
-1.000
-1.000
-1.000
5.834
5.803
-1.000
-1.000
-1.000
-1.000
5.994
-1.000
-1.000
-1.000
5.985
-1.000
5.698
-1.000
5.793
-1.000
-1.000
-1.000
-1.000
-1.000
5.874
-1.000
-1.000
-1.000
-1.000
-1.000
-1.000
-1.000
-1.000
5.966
-1.000
-1.000
5.857
5.721
-1.000
-1.000
-1.000
-1.000
-1.000
-1.000
-1.000
-1.000
5.919
5.731
-1.000
-1.000
-1.000
-1.000
-1.000
-1.000
-1.000
5.894
-1.000
-1.000
-1.000
-1.000
-1.000
-1.000
-1.000
-1.000
-1.000
5.855
-1.000
-1.000
-1.000
-1.000
-1.000
5.947
5.712
5.707
-1.000
-1.000
-1.000
5.825
-1.000
-1.000
-1.000
5.928
-1.000
5.852
-1.000
-1.000
-1.000
-1.000
-1.000
5.734
-1.000
-1.000
-1.000
5.799
-1.000
-1.000
-1.000
5.736
-1.000
5.767
-1.000
-1.000
-1.000
-1.000
-1.000
5.951
-1.000
-1.000
-1.000
5.754
-1.000
-1.000
-1.000
-1.000
5.865
5.969
-1.000
5.711
-1.000
-1.000
-1.000
5.944
-1.000
-1.000
-1.000
-1.000
-1.000
5.685
-1.000
-1.000
-1.000
-1.000
-1.000
-1.000
5.576
-1.000
-1.000
-1.000
5.853
-1.000
-1.000
-1.000
-1.000
-1.000
5.925
-1.000
-1.000
-1.000
-1.000
-1.000
5.843
-1.000
5.957
-1.000
-1.000
-1.000
-1.000
-1.000
-1.000
-1.000
-1.000
-1.000
5.832
5.723
-1.000
5.705
-1.000
-1.000
-1.000
-1.000
-1.000
-1.000
-1.000
5.769
-1.000
-1.000
5.820
-1.000
-1.000
-1.000
-1.000
-1.000
-1.000
-1.000
-1.000
-1.000
5.972
-1.000
-1.000
-1.000
-1.000
5.744
-1.000
-1.000
-1.000
-1.000
5.871
-1.000
-1.000
5.983
-1.000
-1.000
5.545
-1.000
-1.000
-1.000
-1.000
-1.000
-1.000
-1.000
-1.000
-1.000
-1.000
-1.000
-1.000
-1.000
-1.000
-1.000
-1.000
-1.000
-1.000
5.874
-1.000
5.775
-1.000
-1.000
5.966
-1.000
-1.000
-1.000
-1.000
-1.000
-1.000
5.921
-1.000
-1.000
-1.000
-1.000
5.926
-1.000
-1.000
-1.000
-1.000
-1.000
-1.000
-1.000
-1.000
-1.000
5.914
-1.000
-1.000
-1.000
5.789
5.591
5.727
-1.000
5.876
-1.000
-1.000
-1.000
-1.000
-1.000
-1.000
-1.000
-1.000
-1.000
5.957
-1.000
5.831
-1.000
-1.000
-1.000
-1.000
-1.000
-1.000
-1.000
5.814
-1.000
5.988
-1.000
-1.000
-1.000
-1.000
-1.000
5.820
-1.000
-1.000
-1.000
-1.000
-1.000
-1.000
-1.000
-1.000
-1.000
-1.000
-1.000
-1.000
-1.000
-1.000
-1.000
-1.000
-1.000
-1.000
-1.000
-1.000
-1.000
-1.000
5.826
-1.000
-1.000
-1.000
-1.000
-1.000
-1.000
-1.000
-1.000
-1.000
-1.000
-1.000
-1.000
-1.000
-1.000
5.805
-1.000
-1.000
-1.000
-1.000
-1.000
-1.000
-1.000
-1.000
-1.000
-1.000
-1.000
5.449
5.973
-1.000
-1.000
5.604
5.888
-1.000
-1.000
5.979
-1.000
-1.000
-1.000
5.925
-1.000
5.907
5.899
-1.000
-1.000
-1.000
-1.000
-1.000
-1.000
-1.000
5.993
-1.000
5.884
-1.000
-1.000
5.874
-1.000
-1.000
-1.000
-1.000
-1.000
-1.000
-1.000
-1.000
-1.000
-1.000
-1.000
-1.000
-1.000
-1.000
5.968
-1.000
-1.000
5.849
-1.000
-1.000
-1.000
-1.000
-1.000
-1.000
-1.000
5.787
5.798
-1.000
-1.000
-1.000
-1.000
-1.000
-1.000
-1.000
-1.000
5.822
5.995
-1.000
5.711
-1.000
5.969
-1.000
5.955
-1.000
-1.000
-1.000
-1.000
-1.000
-1.000
-1.000
-1.000
-1.000
-1.000
-1.000
-1.000
-1.000
5.901
-1.000
5.648
-1.000
-1.000
5.807
-1.000
5.966
5.600
-1.000
-1.000
-1.000
-1.000
-1.000
5.660
-1.000
-1.000
5.964
-1.000
-1.000
-1.000
-1.000
-1.000
-1.000
-1.000
-1.000
-1.000
-1.000
-1.000
-1.000
-1.000
-1.000
-1.000
-1.000
-1.000
-1.000
-1.000
5.926
-1.000
-1.000
-1.000
-1.000
-1.000
-1.000
-1.000
-1.000
-1.000
-1.000
5.643
5.899
-1.000
-1.000
-1.000
-1.000
-1.000
-1.000
-1.000
-1.000
-1.000
5.971
-1.000
-1.000
-1.000
5.908
5.690
-1.000
-1.000
5.875
-1.000
-1.000
-1.000
-1.000
-1.000
5.621
-1.000
-1.000
-1.000
-1.000
-1.000
-1.000
-1.000
-1.000
5.608
-1.000
5.927
-1.000
-1.000
-1.000
-1.000
-1.000
-1.000
-1.000
6.004
-1.000
-1.000
-1.000
-1.000
-1.000
-1.000
-1.000
-1.000
-1.000
-1.000
-1.000
-1.000
5.636
-1.000
-1.000
-1.000
-1.000
-1.000
-1.000
-1.000
-1.000
-1.000
-1.000
-1.000
-1.000
-1.000
-1.000
-1.000
-1.000
-1.000
-1.000
5.824
-1.000
-1.000
-1.000
-1.000
-1.000
-1.000
-1.000
-1.000
-1.000
-1.000
-1.000
-1.000
-1.000
-1.000
-1.000
-1.000
-1.000
-1.000
-1.000
-1.000
-1.000
-1.000
5.906
-1.000
-1.000
-1.000
-1.000
-1.000
-1.000
-1.000
-1.000
-1.000
5.726
-1.000
-1.000
-1.000
-1.000
-1.000
-1.000
5.775
5.937
-1.000
-1.000
-1.000
-1.000
-1.000
-1.000
-1.000
-1.000
-1.000
-1.000
-1.000
-1.000
5.976
5.971
-1.000
5.667
-1.000
-1.000
-1.000
-1.000
-1.000
-1.000
-1.000
-1.000
5.956
-1.000
-1.000
-1.000
-1.000
-1.000
5.635
-1.000
-1.000
-1.000
-1.000
5.844
-1.000
-1.000
-1.000
-1.000
5.551
-1.000
-1.000
-1.000
-1.000
-1.000
5.821
-1.000
-1.000
-1.000
5.834
-1.000
-1.000
-1.000
-1.000
-1.000
-1.000
-1.000
5.885
-1.000
-1.000
-1.000
-1.000
-1.000
-1.000
5.920
-1.000
-1.000
-1.000
-1.000
5.854
-1.000
6.001
-1.000
-1.000
-1.000
-1.000
-1.000
-1.000
-1.000
-1.000
5.898
-1.000
-1.000
-1.000
-1.000
-1.000
-1.000
-1.000
-1.000
-1.000
-1.000
-1.000
-1.000
-1.000
-1.000
-1.000
-1.000
-1.000
5.999
-1.000
5.844
5.914
-1.000
-1.000
5.715
-1.000
-1.000
-1.000
-1.000
-1.000
5.652
-1.000
5.948
-1.000
-1.000
-1.000
5.716
-1.000
-1.000
-1.000
-1.000
-1.000
-1.000
5.835
-1.000
-1.000
-1.000
5.976
-1.000
5.449
-1.000
5.956
-1.000
-1.000
-1.000
-1.000
-1.000
5.826
-1.000
-1.000
-1.000
-1.000
-1.000
-1.000
-1.000
-1.000
-1.000
-1.000
-1.000
-1.000
-1.000
-1.000
-1.000
-1.000
-1.000
-1.000
-1.000
-1.000
-1.000
-1.000
-1.000
-1.000
-1.000
-1.000
-1.000
-1.000
5.661
-1.000
-1.000
-1.000
-1.000
-1.000
5.664
5.947
-1.000
-1.000
-1.000
-1.000
-1.000
-1.000
-1.000
-1.000
-1.000
-1.000
-1.000
-1.000
5.488
-1.000
-1.000
5.870
-1.000
-1.000
-1.000
5.932
-1.000
-1.000
-1.000
5.955
-1.000
-1.000
-1.000
-1.000
-1.000
-1.000
5.554
-1.000
5.916
-1.000
-1.000
-1.000
5.913
-1.000
-1.000
5.725
-1.000
-1.000
-1.000
-1.000
-1.000
-1.000
-1.000
-1.000
-1.000
-1.000
5.985
-1.000
-1.000
-1.000
-1.000
-1.000
-1.000
-1.000
-1.000
-1.000
-1.000
-1.000
5.794
-1.000
-1.000
-1.000
-1.000
-1.000
-1.000
-1.000
-1.000
-1.000
-1.000
5.971
5.778
-1.000
-1.000
-1.000
-1.000
-1.000
-1.000
-1.000
-1.000
-1.000
-1.000
5.865
-1.000
-1.000
-1.000
-1.000
-1.000
-1.000
-1.000
-1.000
-1.000
-1.000
-1.000
-1.000
-1.000
-1.000
-1.000
5.670
-1.000
-1.000
-1.000
-1.000
-1.000
5.975
-1.000
5.989
-1.000
-1.000
-1.000
-1.000
-1.000
-1.000
-1.000
-1.000
-1.000
-1.000
5.818
-1.000
-1.000
-1.000
-1.000
-1.000
-1.000
-1.000
5.960
-1.000
-1.000
-1.000
-1.000
-1.000
-1.000
-1.000
-1.000
-1.000
5.908
-1.000
5.890
-1.000
-1.000
-1.000
-1.000
-1.000
-1.000
-1.000
5.972
5.570
5.970
-1.000
-1.000
6.003
-1.000
-1.000
-1.000
-1.000
-1.000
-1.000
-1.000
-1.000
-1.000
5.622
-1.000
-1.000
-1.000
-1.000
-1.000
-1.000
-1.000
5.828
-1.000
-1.000
-1.000
-1.000
-1.000
-1.000
5.917
-1.000
-1.000
-1.000
-1.000
-1.000
-1.000
-1.000
-1.000
-1.000
-1.000
-1.000
-1.000
5.969
-1.000
-1.000
-1.000
5.748
-1.000
-1.000
-1.000
-1.000
5.840
-1.000
-1.000
5.807
-1.000
-1.000
-1.000
-1.000
-1.000
-1.000
5.899
-1.000
-1.000
-1.000
5.991
-1.000
-1.000
-1.000
-1.000
-1.000
-1.000
-1.000
-1.000
-1.000
-1.000
-1.000
-1.000
5.902
-1.000
-1.000
-1.000
5.729
-1.000
-1.000
5.648
-1.000
5.858
-1.000
5.772
-1.000
-1.000
-1.000
-1.000
-1.000
-1.000
-1.000
-1.000
-1.000
-1.000
-1.000
-1.000
5.850
-1.000
5.856
-1.000
-1.000
-1.000
-1.000
-1.000
5.931
-1.000
-1.000
-1.000
-1.000
-1.000
-1.000
-1.000
-1.000
-1.000
-1.000
-1.000
-1.000
-1.000
-1.000
-1.000
-1.000
5.761
-1.000
-1.000
-1.000
-1.000
-1.000
-1.000
-1.000
-1.000
-1.000
5.877
-1.000
-1.000
-1.000
-1.000
-1.000
5.823
5.943
5.930
-1.000
-1.000
5.988
-1.000
-1.000
-1.000
5.536
-1.000
-1.000
-1.000
-1.000
-1.000
-1.000
-1.000
-1.000
5.913
-1.000
-1.000
-1.000
-1.000
-1.000
-1.000
-1.000
-1.000
-1.000
-1.000
-1.000
-1.000
5.983
-1.000
-1.000
-1.000
5.872
-1.000
-1.000
-1.000
-1.000
-1.000
5.806
5.993
-1.000
-1.000
6.004
-1.000
-1.000
-1.000
-1.000
-1.000
5.765
-1.000
-1.000
-1.000
-1.000
-1.000
5.884
-1.000
-1.000
5.912
-1.000
-1.000
-1.000
5.967
-1.000
5.929
-1.000
-1.000
-1.000
5.970
5.962
-1.000
-1.000
-1.000
-1.000
-1.000
-1.000
-1.000
-1.000
-1.000
-1.000
5.874
5.953
-1.000
-1.000
5.820
-1.000
-1.000
5.863
-1.000
-1.000
-1.000
-1.000
-1.000
-1.000
-1.000
-1.000
5.968
-1.000
-1.000
-1.000
-1.000
-1.000
-1.000
-1.000
5.772
-1.000
-1.000
-1.000
-1.000
-1.000
-1.000
5.835
-1.000
-1.000
5.858
-1.000
-1.000
-1.000
-1.000
5.776
-1.000
-1.000
-1.000
5.922
-1.000
-1.000
-1.000
5.677
-1.000
-1.000
-1.000
-1.000
-1.000
-1.000
-1.000
-1.000
-1.000
-1.000
-1.000
-1.000
-1.000
-1.000
-1.000
-1.000
5.996
5.843
-1.000
-1.000
-1.000
-1.000
-1.000
-1.000
5.872
-1.000
-1.000
-1.000
-1.000
-1.000
-1.000
-1.000
-1.000
-1.000
-1.000
-1.000
-1.000
-1.000
-1.000
-1.000
-1.000
5.877
-1.000
-1.000
-1.000
-1.000
-1.000
-1.000
-1.000
-1.000
-1.000
-1.000
-1.000
-1.000
-1.000
-1.000
-1.000
-1.000
-1.000
-1.000
-1.000
-1.000
-1.000
-1.000
-1.000
-1.000
6.003
-1.000
-1.000
-1.000
-1.000
5.456
-1.000
-1.000
5.888
-1.000
-1.000
5.936
-1.000
-1.000
-1.000
-1.000
-1.000
-1.000
-1.000
-1.000
-1.000
-1.000
-1.000
-1.000
-1.000
-1.000
5.847
-1.000
5.975
-1.000
-1.000
-1.000
-1.000
6.000
5.837
-1.000
-1.000
-1.000
-1.000
5.717
-1.000
-1.000
-1.000
-1.000
-1.000
-1.000
-1.000
-1.000
5.870
-1.000
-1.000
-1.000
-1.000
-1.000
-1.000
-1.000
-1.000
-1.000
-1.000
-1.000
-1.000
-1.000
-1.000
-1.000
-1.000
-1.000
-1.000
-1.000
-1.000
-1.000
-1.000
5.706
5.776
-1.000
-1.000
-1.000
-1.000
-1.000
-1.000
-1.000
-1.000
-1.000
-1.000
-1.000
-1.000
-1.000
5.686
-1.000
-1.000
-1.000
-1.000
-1.000
5.685
-1.000
-1.000
-1.000
-1.000
-1.000
-1.000
-1.000
-1.000
-1.000
5.837
5.968
-1.000
5.623
-1.000
-1.000
-1.000
-1.000
-1.000
-1.000
-1.000
-1.000
-1.000
5.915
-1.000
-1.000
-1.000
-1.000
-1.000
-1.000
-1.000
-1.000
-1.000
-1.000
-1.000
-1.000
-1.000
-1.000
-1.000
5.953
-1.000
-1.000
-1.000
5.993
-1.000
-1.000
-1.000
-1.000
-1.000
5.901
-1.000
-1.000
-1.000
-1.000
-1.000
-1.000
5.879
-1.000
-1.000
-1.000
-1.000
-1.000
5.865
-1.000
-1.000
-1.000
-1.000
-1.000
-1.000
-1.000
-1.000
-1.000
-1.000
-1.000
-1.000
-1.000
-1.000
-1.000
-1.000
-1.000
-1.000
-1.000
5.945
-1.000
-1.000
-1.000
-1.000
-1.000
-1.000
-1.000
-1.000
-1.000
-1.000
-1.000
-1.000
5.929
5.898
-1.000
5.932
-1.000
-1.000
-1.000
-1.000
-1.000
-1.000
-1.000
-1.000
-1.000
-1.000
5.979
-1.000
-1.000
-1.000
-1.000
-1.000
-1.000
-1.000
-1.000
-1.000
-1.000
-1.000
-1.000
-1.000
5.715
-1.000
-1.000
-1.000
-1.000
-1.000
-1.000
-1.000
-1.000
-1.000
-1.000
5.917
-1.000
-1.000
-1.000
-1.000
-1.000
-1.000
-1.000
-1.000
-1.000
-1.000
-1.000
-1.000
-1.000
-1.000
5.666
5.957
-1.000
-1.000
-1.000
-1.000
5.748
-1.000
-1.000
-1.000
-1.000
-1.000
-1.000
-1.000
-1.000
-1.000
-1.000
-1.000
-1.000
-1.000
-1.000
-1.000
-1.000
-1.000
-1.000
-1.000
-1.000
-1.000
-1.000
-1.000
-1.000
-1.000
-1.000
-1.000
-1.000
-1.000
-1.000
-1.000
5.686
-1.000
-1.000
-1.000
-1.000
-1.000
-1.000
-1.000
-1.000
-1.000
-1.000
-1.000
-1.000
-1.000
-1.000
-1.000
-1.000
-1.000
-1.000
5.759
-1.000
-1.000
-1.000
-1.000
-1.000
5.864
-1.000
-1.000
-1.000
-1.000
-1.000
5.806
5.532
-1.000
-1.000
-1.000
5.840
5.984
-1.000
-1.000
5.818
-1.000
5.754
-1.000
-1.000
5.913
-1.000
-1.000
-1.000
-1.000
5.677
-1.000
-1.000
-1.000
5.934
-1.000
-1.000
-1.000
-1.000
-1.000
5.902
-1.000
-1.000
-1.000
-1.000
-1.000
-1.000
-1.000
-1.000
-1.000
-1.000
-1.000
-1.000
-1.000
-1.000
-1.000
-1.000
-1.000
-1.000
-1.000
-1.000
-1.000
-1.000
5.792
5.677
-1.000
-1.000
-1.000
-1.000
-1.000
-1.000
-1.000
-1.000
-1.000
-1.000
-1.000
-1.000
-1.000
-1.000
-1.000
-1.000
5.692
-1.000
-1.000
-1.000
-1.000
-1.000
-1.000
-1.000
5.929
-1.000
-1.000
-1.000
5.778
-1.000
5.799
-1.000
-1.000
-1.000
-1.000
-1.000
-1.000
-1.000
-1.000
5.781
-1.000
-1.000
-1.000
-1.000
-1.000
-1.000
-1.000
-1.000
-1.000
-1.000
-1.000
-1.000
-1.000
-1.000
-1.000
-1.000
-1.000
-1.000
-1.000
-1.000
-1.000
-1.000
-1.000
-1.000
-1.000
-1.000
-1.000
-1.000
-1.000
-1.000
5.720
-1.000
-1.000
-1.000
-1.000
-1.000
-1.000
-1.000
5.876
-1.000
-1.000
-1.000
-1.000
-1.000
-1.000
-1.000
-1.000
-1.000
-1.000
-1.000
-1.000
-1.000
-1.000
-1.000
-1.000
-1.000
-1.000
-1.000
-1.000
-1.000
-1.000
-1.000
-1.000
-1.000
5.917
-1.000
-1.000
-1.000
-1.000
-1.000
-1.000
-1.000
-1.000
-1.000
-1.000
5.718
-1.000
-1.000
-1.000
-1.000
-1.000
-1.000
-1.000
-1.000
-1.000
-1.000
-1.000
-1.000
-1.000
-1.000
-1.000
-1.000
-1.000
-1.000
-1.000
-1.000
-1.000
-1.000
-1.000
-1.000
-1.000
5.822
-1.000
-1.000
-1.000
-1.000
-1.000
-1.000
-1.000
-1.000
5.803
-1.000
-1.000
-1.000
-1.000
-1.000
-1.000
-1.000
-1.000
-1.000
-1.000
-1.000
5.786
-1.000
-1.000
-1.000
-1.000
-1.000
-1.000
-1.000
-1.000
-1.000
-1.000
-1.000
-1.000
-1.000
-1.000
-1.000
-1.000
-1.000
-1.000
-1.000
-1.000
-1.000
-1.000
-1.000
-1.000
-1.000
-1.000
-1.000
-1.000
5.739
-1.000
5.778
-1.000
5.611
-1.000
-1.000
-1.000
-1.000
-1.000
-1.000
-1.000
-1.000
-1.000
-1.000
-1.000
-1.000
-1.000
-1.000
-1.000
-1.000
-1.000
-1.000
-1.000
-1.000
-1.000
-1.000
-1.000
-1.000
-1.000
-1.000
-1.000
-1.000
-1.000
-1.000
-1.000
-1.000
-1.000
-1.000
-1.000
-1.000
-1.000
5.967
-1.000
-1.000
-1.000
-1.000
-1.000
-1.000
-1.000
-1.000
-1.000
-1.000
-1.000
-1.000
-1.000
-1.000
-1.000
-1.000
-1.000
-1.000
-1.000
-1.000
-1.000
-1.000
-1.000
-1.000
-1.000
-1.000
-1.000
-1.000
-1.000
-1.000
-1.000
-1.000
-1.000
-1.000
6.001
-1.000
-1.000
-1.000
-1.000
-1.000
-1.000
-1.000
-1.000
-1.000
-1.000
-1.000
6.003
-1.000
-1.000
-1.000
-1.000
-1.000
-1.000
-1.000
-1.000
-1.000
-1.000
-1.000
-1.000
-1.000
-1.000
-1.000
-1.000
-1.000
-1.000
-1.000
-1.000
5.970
-1.000
-1.000
-1.000
-1.000
-1.000
-1.000
5.632
-1.000
-1.000
-1.000
5.885
-1.000
5.722
-1.000
-1.000
-1.000
5.925
5.870
-1.000
-1.000
-1.000
-1.000
-1.000
-1.000
-1.000
-1.000
-1.000
-1.000
-1.000
-1.000
-1.000
-1.000
5.779
-1.000
5.696
-1.000
-1.000
-1.000
-1.000
-1.000
-1.000
-1.000
-1.000
-1.000
-1.000
-1.000
-1.000
-1.000
-1.000
5.980
-1.000
-1.000
-1.000
-1.000
5.840
-1.000
-1.000
5.583
5.832
5.841
-1.000
5.953
-1.000
-1.000
-1.000
-1.000
-1.000
-1.000
5.812
-1.000
-1.000
-1.000
5.915
-1.000
-1.000
-1.000
5.728
-1.000
-1.000
-1.000
-1.000
-1.000
-1.000
-1.000
-1.000
-1.000
-1.000
-1.000
5.769
-1.000
-1.000
-1.000
-1.000
-1.000
-1.000
-1.000
-1.000
5.689
-1.000
-1.000
5.726
-1.000
-1.000
-1.000
-1.000
-1.000
5.964
-1.000
-1.000
-1.000
-1.000
-1.000
-1.000
-1.000
-1.000
-1.000
5.635
-1.000
-1.000
-1.000
5.504
-1.000
-1.000
5.737
-1.000
-1.000
-1.000
-1.000
-1.000
-1.000
-1.000
-1.000
-1.000
5.922
-1.000
-1.000
-1.000
5.941
-1.000
-1.000
-1.000
-1.000
5.943
-1.000
-1.000
-1.000
-1.000
-1.000
-1.000
-1.000
-1.000
-1.000
-1.000
-1.000
-1.000
-1.000
-1.000
-1.000
5.755
-1.000
-1.000
-1.000
-1.000
-1.000
-1.000
-1.000
-1.000
-1.000
-1.000
5.547
-1.000
-1.000
-1.000
-1.000
-1.000
-1.000
5.971
-1.000
-1.000
-1.000
-1.000
-1.000
-1.000
-1.000
-1.000
-1.000
5.695
-1.000
-1.000
-1.000
5.889
-1.000
-1.000
-1.000
-1.000
-1.000
-1.000
-1.000
-1.000
-1.000
-1.000
-1.000
-1.000
-1.000
-1.000
-1.000
-1.000
-1.000
-1.000
-1.000
-1.000
-1.000
-1.000
-1.000
-1.000
-1.000
-1.000
-1.000
-1.000
-1.000
-1.000
-1.000
-1.000
5.898
-1.000
-1.000
-1.000
-1.000
-1.000
-1.000
-1.000
-1.000
-1.000
-1.000
-1.000
-1.000
-1.000
-1.000
-1.000
-1.000
-1.000
-1.000
-1.000
-1.000
-1.000
-1.000
5.912
-1.000
5.966
-1.000
-1.000
-1.000
-1.000
-1.000
-1.000
-1.000
-1.000
-1.000
-1.000
-1.000
-1.000
5.416
-1.000
-1.000
-1.000
-1.000
-1.000
-1.000
-1.000
-1.000
-1.000
-1.000
-1.000
-1.000
-1.000
3.065
2.166
1.557
-1.000
-1.000
-1.000
1.690
-1.000
1.463
1.460
-1.000
1.686
-1.000
1.424
2.685
-1.000
2.127
1.420
2.027
2.417
-1.000
2.719
4.528
3.677
2.602
2.258
1.775
3.455
2.050
4.054
3.223
5.513
1.464
-1.000
3.502
2.398
-1.000
-1.000
-1.000
5.519
1.682
2.143
-1.000
3.221
3.282
3.879
5.563
3.671
4.090
3.271
-1.000
4.670
3.234
3.773
3.344
-1.000
-1.000
4.775
3.424
3.534
-1.000
3.438
3.292
3.880
-1.000
-1.000
4.498
3.825
-1.000
5.217
3.140
4.923
3.395
3.356
-1.000
-1.000
4.503
5.652
2.638
2.929
2.622
5.640
5.151
3.487
2.742
-1.000
4.993
3.131
5.565
3.857
-1.000
4.176
5.994
2.945
3.558
3.678
-1.000
-1.000
2.891
4.730
-1.000
3.925
4.849
-1.000
3.267
2.576
3.568
-1.000
3.573
4.069
-1.000
4.289
5.127
3.762
-1.000
-1.000
-1.000
-1.000
-1.000
-1.000
-1.000
-1.000
-1.000
-1.000
-1.000
-1.000
-1.000
-1.000
-1.000
-1.000
-1.000
2.919
3.611
2.559
2.440
4.570
3.984
3.415
-1.000
2.649
-1.000
2.805
3.136
-1.000
-1.000
-1.000
-1.000
-1.000
-1.000
-1.000
-1.000
-1.000
-1.000
-1.000
-1.000
-1.000
-1.000
-1.000
-1.000
-1.000
-1.000
-1.000
-1.000
-1.000
-1.000
-1.000
-1.000
3.008
-1.000
-1.000
-1.000
-1.000
-1.000
-1.000
-1.000
-1.000
-1.000
-1.000
-1.000
-1.000
-1.000
-1.000
-1.000
-1.000
-1.000
-1.000
1.444
-1.000
-1.000
-1.000
1.437
-1.000
-1.000
0.995
-1.000
1.476
-1.000
1.396
3.695
2.314
2.577
3.334
-1.000
-1.000
5.860
2.404
3.690
1.549
2.443
1.365
1.369
-1.000
1.657
2.023
2.898
-1.000
-1.000
-1.000
-1.000
3.065
3.278
3.577
3.655
-1.000
3.946
3.401
1.350
2.068
-1.000
-1.000
1.383
-1.000
-1.000
-1.000
2.233
-1.000
-1.000
1.878
2.355
4.027
2.238
1.959
1.617
-1.000
1.544
2.403
3.184
4.075
2.515
2.810
2.471
4.029
3.025
3.679
5.582
3.953
5.213
2.278
-1.000
3.069
5.778
-1.000
-1.000
2.472
4.040
4.137
-1.000
-1.000
3.389
3.244
-1.000
-1.000
-1.000
-1.000
3.095
2.668
3.593
1.915
2.375
2.697
2.293
2.996
1.266
2.101
1.538
-1.000
3.151
1.602
3.591
2.040
0.807
-1.000
-1.000
1.975
1.359
-1.000
-1.000
-1.000
2.860
-1.000
-1.000
-1.000
0.956
-1.000
-1.000
2.384
1.192
-1.000
1.068
-1.000
1.556
1.273
2.411
4.189
2.132
3.685
1.546
1.323
2.554
1.542
4.771
1.819
2.362
3.423
2.902
3.122
3.881
1.498
1.746
1.496
1.860
4.165
2.244
2.038
-1.000
1.425
1.359
-1.000
-1.000
-1.000
2.152
1.906
2.118
2.772
1.594
1.617
1.800
1.845
-1.000
-1.000
-1.000
-1.000
-1.000
-1.000
-1.000
-1.000
-1.000
-1.000
-1.000
-1.000
-1.000
-1.000
-1.000
-1.000
-1.000
-1.000
-1.000
-1.000
-1.000
-1.000
3.749
1.737
3.544
1.640
4.021
3.216
2.630
-1.000
2.690
2.881
2.648
2.756
-1.000
3.425
4.568
2.176
1.578
2.867
1.821
-1.000
-1.000
4.009
2.677
3.122
2.213
4.011
-1.000
3.521
2.456
3.369
2.798
2.364
3.416
-1.000
4.278
4.191
4.093
3.258
3.763
3.827
-1.000
-1.000
-1.000
-1.000
-1.000
-1.000
2.551
1.842
2.258
4.007
2.227
2.606
2.756
1.691
1.981
-1.000
1.994
-1.000
5.426
1.781
-1.000
2.160
2.931
-1.000
-1.000
-1.000
-1.000
-1.000
-1.000
-1.000
-1.000
-1.000
1.903
3.248
2.259
1.737
-1.000
4.571
1.639
1.992
1.709
4.404
1.931
2.062
3.072
2.595
1.669
-1.000
-1.000
-1.000
-1.000
-1.000
-1.000
-1.000
-1.000
-1.000
-1.000
-1.000
-1.000
-1.000
-1.000
-1.000
-1.000
-1.000
-1.000
-1.000
-1.000
-1.000
-1.000
-1.000
-1.000
-1.000
-1.000
-1.000
-1.000
-1.000
-1.000
-1.000
-1.000
-1.000
-1.000
-1.000
-1.000
-1.000
-1.000
-1.000
-1.000
-1.000
-1.000
-1.000
-1.000
-1.000
-1.000
-1.000
-1.000
-1.000
-1.000
-1.000
-1.000
-1.000
-1.000
-1.000
-1.000
-1.000
-1.000
-1.000
-1.000
-1.000
-1.000
-1.000
-1.000
-1.000
-1.000
-1.000
-1.000
2.639
2.773
2.406
3.457
2.847
4.023
2.703
3.599
5.361
3.511
4.841
2.755
3.770
-1.000
-1.000
3.020
4.747
3.020
3.612
-1.000
2.985
-1.000
4.468
2.879
-1.000
5.482
3.077
3.248
3.501
3.131
3.749
5.672
3.547
2.941
2.842
2.940
3.067
4.649
2.722
2.420
5.546
4.242
-1.000
-1.000
2.990
3.526
2.621
3.109
3.306
3.902
4.028
3.898
3.187
3.533
4.868
4.137
3.472
4.738
2.894
2.847
-1.000
-1.000
2.929
-1.000
5.521
2.773
4.076
5.140
-1.000
4.160
2.965
2.926
3.168
2.610
4.201
2.566
3.099
2.897
3.815
3.877
2.619
2.876
3.335
3.088
4.705
2.908
3.323
-1.000
2.080
2.904
-1.000
-1.000
2.021
4.977
2.386
3.848
-1.000
3.838
2.057
-1.000
2.767
2.536
2.346
4.683
3.855
3.511
-1.000
-1.000
-1.000
2.743
5.530
2.824
2.712
3.612
4.342
2.788
2.769
3.975
2.619
2.662
3.146
4.142
3.844
4.011
4.095
4.077
4.230
3.483
2.892
4.272
2.317
4.159
3.631
-1.000
-1.000
4.191
5.414
-1.000
5.717
-1.000
5.192
3.702
3.365
2.950
3.164
3.801
-1.000
3.068
5.821
3.005
2.955
4.170
-1.000
4.823
3.999
2.674
5.031
5.927
4.452
3.778
2.482
-1.000
3.098
3.758
3.736
3.086
4.137
2.854
2.807
2.594
4.166
3.884
-1.000
2.759
3.660
-1.000
-1.000
3.114
3.127
-1.000
3.817
2.981
2.573
3.031
4.594
2.894
4.341
3.967
2.998
5.028
3.078
2.903
4.403
-1.000
2.608
5.679
4.274
3.157
-1.000
3.463
2.979
3.782
3.536
3.439
3.490
3.084
4.786
3.928
4.490
4.065
4.659
5.836
4.972
3.940
4.326
3.958
2.592
2.641
4.888
3.715
3.007
3.931
4.327
4.374
-1.000
-1.000
4.785
-1.000
-1.000
5.470
2.630
4.449
-1.000
-1.000
3.525
2.826
-1.000
-1.000
3.754
3.193
5.198
2.408
5.092
3.758
3.254
-1.000
4.719
-1.000
2.739
4.189
2.913
3.194
-1.000
-1.000
5.530
3.515
-1.000
3.939
4.279
3.954
4.037
4.657
3.539
4.244
-1.000
3.974
2.676
4.258
-1.000
4.116
4.047
4.068
-1.000
3.589
3.238
3.485
3.603
3.373
3.138
3.598
5.986
3.537
3.490
-1.000
3.099
4.137
5.915
-1.000
5.284
4.871
4.018
3.031
4.036
2.840
3.842
3.863
3.126
2.673
3.872
5.922
3.166
4.715
3.343
4.182
5.035
3.388
3.594
2.679
4.912
-1.000
4.924
-1.000
-1.000
2.934
2.570
5.298
3.526
2.885
-1.000
2.897
3.148
3.611
3.866
3.011
3.272
3.371
3.403
4.065
3.666
2.917
3.215
2.635
3.684
4.394
-1.000
3.899
2.769
-1.000
-1.000
3.693
2.756
3.386
5.190
4.971
3.449
-1.000
3.334
-1.000
-1.000
3.108
2.480
4.155
2.667
3.402
3.796
4.277
5.424
3.004
-1.000
3.386
3.433
4.472
3.963
-1.000
-1.000
-1.000
-1.000
-1.000
-1.000
-1.000
-1.000
-1.000
-1.000
-1.000
-1.000
4.009
3.907
-1.000
3.883
4.190
4.310
-1.000
4.425
4.250
3.487
5.189
4.613
5.470
3.345
-1.000
3.736
3.056
3.368
-1.000
2.694
3.390
3.589
3.935
-1.000
3.224
-1.000
-1.000
4.619
5.773
4.539
5.236
-1.000
3.321
3.691
4.918
3.138
-1.000
3.502
3.442
-1.000
3.064
3.129
4.138
3.459
3.374
4.794
4.424
5.016
4.835
-1.000
3.412
-1.000
-1.000
3.398
3.458
-1.000
3.711
4.976
3.543
3.294
4.759
3.860
3.549
3.876
4.363
-1.000
3.646
3.303
4.827
3.581
3.797
-1.000
3.983
-1.000
4.994
4.139
-1.000
5.409
4.123
3.562
4.463
4.370
3.949
4.115
-1.000
4.290
-1.000
4.385
3.661
4.348
4.963
-1.000
-1.000
3.689
4.513
3.476
-1.000
4.133
5.490
4.300
3.682
5.492
4.720
4.059
3.405
-1.000
3.058
5.222
-1.000
-1.000
4.297
3.227
-1.000
3.494
5.830
-1.000
3.956
3.999
3.189
3.839
3.896
-1.000
4.473
3.816
3.795
4.748
4.038
4.173
3.315
4.846
4.620
5.612
4.627
4.553
4.702
4.094
4.491
5.096
5.978
3.703
3.492
-1.000
-1.000
3.615
3.735
3.980
-1.000
3.023
-1.000
4.414
3.818
5.767
2.914
1.149
-1.000
-1.000
1.118
-1.000
-1.000
1.454
-1.000
1.695
5.364
1.498
4.409
2.485
5.304
1.787
1.872
2.682
1.543
2.404
1.628
3.755
2.726
3.224
4.872
3.193
4.016
2.953
-1.000
2.521
-1.000
2.646
1.618
-1.000
-1.000
-1.000
-1.000
5.569
1.527
3.388
2.688
2.529
2.316
4.120
1.011
1.912
-1.000
2.604
2.115
-1.000
1.322
-1.000
2.096
-1.000
1.465
-1.000
-1.000
2.425
-1.000
1.568
2.329
2.698
3.587
-1.000
5.202
2.947
-1.000
3.524
4.120
4.714
-1.000
4.380
-1.000
4.246
3.858
2.896
4.903
3.127
3.380
3.468
1.875
-1.000
1.209
1.365
-1.000
3.974
1.807
2.000
4.424
2.072
3.513
3.883
4.458
1.592
-1.000
2.174
-1.000
-1.000
-1.000
3.374
3.994
5.799
3.519
2.466
3.383
3.457
2.706
-1.000
-1.000
2.467
4.185
4.858
-1.000
5.512
3.794
-1.000
4.338
5.976
1.592
1.568
2.517
4.228
2.172
1.670
1.435
1.060
1.298
1.314
1.378
-1.000
4.032
2.822
-1.000
4.421
4.878
4.264
2.118
-1.000
5.039
3.999
4.257
2.906
2.687
2.730
4.449
2.653
2.913
3.202
3.291
4.355
4.195
4.013
5.533
3.936
3.758
5.639
2.785
4.471
4.658
1.976
3.485
-1.000
3.835
-1.000
-1.000
3.901
5.555
3.300
4.113
2.078
1.837
-1.000
2.682
2.987
5.070
3.724
1.799
2.482
-1.000
2.694
2.446
3.418
4.698
-1.000
0.850
2.334
-1.000
-1.000
3.381
4.391
-1.000
3.291
-1.000
1.014
2.694
1.561
2.388
1.460
3.092
3.938
1.788
2.062
1.927
3.525
3.033
2.300
1.151
1.489
-1.000
-1.000
-1.000
-1.000
-1.000
2.992
1.765
2.900
-1.000
1.357
1.922
2.102
1.581
1.289
1.846
1.295
-1.000
4.486
2.236
5.557
1.903
2.243
2.509
2.104
3.973
2.593
-1.000
-1.000
1.770
-1.000
-1.000
-1.000
-1.000
-1.000
-1.000
-1.000
5.106
5.650
3.410
2.324
2.741
1.629
2.073
-1.000
3.932
3.018
4.443
-1.000
-1.000
-1.000
4.117
5.967
3.120
2.751
2.741
-1.000
3.953
3.085
-1.000
2.008
2.328
5.076
3.176
2.824
1.725
3.849
4.906
3.016
1.824
3.607
-1.000
3.351
4.237
2.980
2.992
-1.000
3.037
3.589
3.319
4.570
2.973
-1.000
3.377
2.936
3.662
3.579
2.064
2.679
3.031
3.256
3.493
-1.000
2.833
2.635
2.822
-1.000
3.351
3.520
2.860
3.360
5.207
5.317
-1.000
3.586
4.855
4.418
3.917
-1.000
-1.000
4.440
2.950
5.027
-1.000
2.724
3.169
4.180
3.063
-1.000
2.818
2.503
2.743
-1.000
2.914
2.973
2.537
3.131
3.906
4.595
5.295
-1.000
-1.000
-1.000
5.111
3.595
-1.000
-1.000
-1.000
-1.000
2.548
-1.000
4.129
3.793
3.084
3.203
5.923
3.133
-1.000
-1.000
4.218
-1.000
3.426
3.660
3.589
5.128
2.746
3.597
3.098
2.904
4.601
-1.000
3.614
-1.000
3.806
5.436
-1.000
3.878
4.770
3.839
4.511
4.940
4.532
3.678
3.493
-1.000
3.010
5.282
3.699
-1.000
-1.000
-1.000
3.774
3.992
3.433
3.915
3.321
2.856
-1.000
-1.000
3.576
-1.000
-1.000
-1.000
3.675
-1.000
-1.000
3.513
4.119
-1.000
4.578
4.965
4.223
2.964
3.665
5.905
-1.000
-1.000
4.065
2.659
0.899
-1.000
1.824
1.561
3.344
1.740
1.199
2.579
-1.000
1.102
-1.000
-1.000
2.682
4.100
-1.000
4.443
2.590
2.532
2.168
-1.000
4.424
1.774
3.532
-1.000
-1.000
1.302
1.067
1.313
1.356
1.515
-1.000
2.875
2.373
2.956
1.565
2.094
1.976
1.296
1.543
2.550
-1.000
-1.000
2.208
2.835
3.059
2.471
3.881
2.011
-1.000
-1.000
3.489
4.757
4.068
2.767
4.585
-1.000
2.534
-1.000
-1.000
-1.000
-1.000
3.949
2.752
-1.000
-1.000
-1.000
-1.000
-1.000
5.048
-1.000
-1.000
-1.000
-1.000
2.602
2.445
4.242
1.395
3.550
1.558
1.797
2.422
-1.000
-1.000
2.612
4.400
-1.000
2.504
1.495
2.685
2.436
3.140
4.093
3.210
-1.000
3.920
4.376
2.946
2.111
1.873
2.082
5.984
-1.000
4.828
3.483
5.346
3.870
4.795
4.274
-1.000
-1.000
-1.000
-1.000
-1.000
1.836
2.610
2.153
2.603
3.732
-1.000
4.825
3.357
-1.000
2.664
5.563
2.877
-1.000
-1.000
2.883
5.891
5.060
2.551
-1.000
1.753
1.481
-1.000
2.178
2.033
3.474
3.429
2.137
2.740
4.203
2.635
3.171
-1.000
2.409
2.697
2.996
3.604
3.268
-1.000
4.895
4.751
4.819
1.057
1.710
-1.000
1.262
-1.000
1.530
2.104
1.368
2.053
2.571
2.663
2.873
2.810
1.784
-1.000
4.256
3.425
3.818
4.025
2.797
2.864
1.828
2.767
-1.000
2.384
-1.000
3.942
2.385
2.628
4.984
-1.000
2.177
3.863
6.000
2.749
3.923
3.529
-1.000
3.029
-1.000
4.232
2.077
-1.000
1.873
3.509
2.774
5.924
2.805
2.299
4.064
1.911
2.825
2.863
4.242
3.098
-1.000
2.467
4.822
3.198
2.602
4.290
5.837
4.293
4.859
5.454
3.444
-1.000
3.624
2.494
3.384
3.133
-1.000
3.311
4.957
-1.000
3.195
3.020
2.618
2.745
3.007
-1.000
5.476
5.330
4.679
3.382
5.825
-1.000
3.775
4.300
3.746
1.848
2.138
2.639
2.605
2.080
-1.000
2.376
2.174
1.926
-1.000
3.424
-1.000
2.466
-1.000
5.940
-1.000
3.113
4.441
3.227
-1.000
-1.000
4.985
1.674
1.902
5.090
2.741
1.609
2.577
2.050
-1.000
-1.000
-1.000
-1.000
3.958
-1.000
-1.000
-1.000
4.351
5.037
-1.000
5.214
2.375
3.391
5.774
2.959
-1.000
4.905
-1.000
2.762
3.475
4.401
-1.000
4.836
-1.000
-1.000
-1.000
5.089
4.023
3.023
3.332
-1.000
3.084
4.229
5.721
4.570
5.269
3.310
4.040
2.541
5.718
5.156
2.834
-1.000
4.355
3.097
3.065
2.891
-1.000
2.868
2.693
2.903
-1.000
3.066
2.945
2.789
3.010
2.723
-1.000
3.955
-1.000
2.633
-1.000
-1.000
-1.000
-1.000
1.536
3.572
1.192
-1.000
-1.000
-1.000
-1.000
-1.000
-1.000
-1.000
-1.000
0.927
-1.000
-1.000
-1.000
2.004
-1.000
1.542
1.551
-1.000
-1.000
1.769
-1.000
2.070
1.464
-1.000
4.146
4.476
4.161
2.731
3.238
1.947
4.753
4.610
2.591
3.738
4.794
3.141
-1.000
1.511
3.634
3.847
-1.000
1.956
2.116
3.800
1.969
2.066
1.896
-1.000
3.168
4.427
5.479
5.024
-1.000
5.012
3.014
-1.000
1.786
-1.000
2.066
2.248
3.901
2.329
1.588
2.507
-1.000
3.108
-1.000
-1.000
-1.000
2.426
-1.000
-1.000
2.962
1.967
1.453
1.973
-1.000
1.974
-1.000
-1.000
2.504
-1.000
3.472
-1.000
-1.000
-1.000
-1.000
1.239
-1.000
1.702
1.771
2.272
2.524
2.291
-1.000
-1.000
4.057
2.296
-1.000
-1.000
-1.000
4.213
3.238
1.949
2.962
5.803
4.992
-1.000
-1.000
2.239
2.974
-1.000
4.929
2.504
3.707
2.209
1.538
1.560
3.377
2.360
3.080
1.547
-1.000
-1.000
1.896
-1.000
2.417
3.399
-1.000
-1.000
1.893
-1.000
2.944
-1.000
-1.000
-1.000
2.898
2.483
-1.000
2.091
-1.000
2.018
-1.000
1.344
-1.000
0.955
-1.000
-1.000
-1.000
-1.000
2.330
2.918
2.711
1.634
3.173
1.405
-1.000
1.302
-1.000
-1.000
2.840
-1.000
-1.000
-1.000
-1.000
1.569
-1.000
3.634
1.719
5.009
1.845
1.859
2.129
3.920
4.367
2.146
3.865
2.833
2.110
4.223
2.528
-1.000
4.394
2.703
3.351
-1.000
3.073
2.876
4.800
2.428
2.829
3.250
3.831
2.986
3.057
1.781
4.295
2.139
1.796
2.931
2.864
-1.000
2.440
3.928
1.869
-1.000
3.946
2.425
4.245
2.808
3.570
-1.000
3.990
2.011
2.360
2.020
1.986
2.447
3.709
-1.000
5.787
3.736
3.229
2.834
3.205
-1.000
2.155
-1.000
3.241
-1.000
4.654
2.432
-1.000
2.768
3.763
2.451
3.691
3.294
3.896
2.333
2.947
5.287
2.401
2.702
2.836
2.242
3.016
-1.000
2.812
3.602
5.751
3.997
2.874
3.936
3.834
5.243
5.190
3.063
3.499
4.882
-1.000
2.917
2.907
3.672
3.165
-1.000
2.898
-1.000
5.692
5.350
3.234
3.464
3.403
2.804
2.777
-1.000
3.212
3.452
3.938
2.843
3.559
-1.000
3.178
3.968
3.302
3.256
3.737
3.932
3.697
3.233
-1.000
-1.000
4.657
3.975
3.354
4.998
5.828
3.104
2.688
-1.000
3.890
2.784
-1.000
3.055
-1.000
-1.000
5.997
2.724
4.396
3.538
5.470
4.003
-1.000
-1.000
-1.000
-1.000
-1.000
3.823
3.638
3.227
3.553
2.915
3.387
3.026
2.998
3.082
3.194
-1.000
-1.000
2.561
2.314
3.073
3.174
3.434
-1.000
3.789
-1.000
4.225
3.714
2.888
3.838
3.176
3.029
3.831
3.092
3.548
-1.000
5.835
4.293
-1.000
3.595
4.087
3.047
4.533
5.422
5.794
2.828
2.881
4.987
-1.000
-1.000
3.448
-1.000
-1.000
-1.000
-1.000
3.049
-1.000
5.492
-1.000
-1.000
3.234
3.056
2.640
-1.000
4.504
3.837
-1.000
-1.000
-1.000
-1.000
-1.000
-1.000
-1.000
-1.000
3.020
3.035
-1.000
3.601
3.315
3.715
-1.000
-1.000
-1.000
-1.000
-1.000
-1.000
-1.000
-1.000
4.041
5.595
4.093
3.663
3.060
3.369
4.197
-1.000
3.957
5.416
4.568
3.891
3.698
-1.000
4.224
-1.000
4.049
4.014
-1.000
3.898
3.210
3.569
4.224
3.290
-1.000
-1.000
4.392
4.363
4.204
3.626
3.800
4.666
4.581
5.079
3.359
-1.000
-1.000
4.353
4.379
4.252
-1.000
-1.000
3.405
3.476
3.931
3.667
3.978
-1.000
3.252
4.242
3.701
4.387
-1.000
4.331
4.681
3.870
2.973
-1.000
3.165
3.460
5.465
4.178
3.267
3.654
4.176
3.196
3.854
2.994
3.087
3.538
5.439
-1.000
3.437
4.152
5.611
3.174
3.045
3.472
5.922
3.614
-1.000
5.702
5.916
-1.000
3.805
-1.000
-1.000
-1.000
-1.000
-1.000
-1.000
-1.000
-1.000
-1.000
-1.000
-1.000
-1.000
-1.000
-1.000
-1.000
-1.000
-1.000
-1.000
-1.000
-1.000
-1.000
-1.000
-1.000
-1.000
-1.000
-1.000
-1.000
-1.000
-1.000
-1.000
-1.000
-1.000
-1.000
-1.000
-1.000
-1.000
-1.000
-1.000
-1.000
3.435
4.361
5.807
-1.000
3.757
5.062
4.169
5.756
3.711
-1.000
4.772
3.326
3.391
3.622
4.281
3.933
3.277
3.959
-1.000
4.075
3.649
-1.000
-1.000
-1.000
3.956
4.397
3.393
4.486
4.001
3.587
5.345
5.089
3.680
3.813
5.523
4.044
-1.000
3.488
-1.000
-1.000
-1.000
4.731
4.236
5.789
-1.000
-1.000
-1.000
3.651
4.118
-1.000
3.287
3.112
5.135
3.891
4.355
-1.000
4.143
-1.000
5.777
3.239
4.151
-1.000
-1.000
5.071
3.777
4.534
3.212
3.859
4.284
4.638
-1.000
4.830
-1.000
5.116
3.578
4.662
4.883
3.970
3.743
3.817
3.533
5.288
4.114
3.277
-1.000
3.343
-1.000
-1.000
4.603
4.635
3.343
3.989
-1.000
-1.000
-1.000
-1.000
-1.000
3.905
5.108
5.098
-1.000
-1.000
-1.000
3.735
-1.000
4.217
-1.000
4.656
5.452
-1.000
-1.000
4.577
4.099
5.502
-1.000
4.235
4.573
-1.000
5.065
-1.000
-1.000
5.274
4.684
-1.000
4.438
4.074
4.227
-1.000
4.482
5.755
4.964
3.499
-1.000
-1.000
4.186
-1.000
-1.000
-1.000
-1.000
-1.000
-1.000
-1.000
5.120
-1.000
-1.000
4.877
4.351
3.699
4.288
-1.000
5.525
5.610
5.581
-1.000
-1.000
5.182
-1.000
4.407
5.719
5.220
4.897
-1.000
-1.000
3.587
-1.000
-1.000
-1.000
-1.000
-1.000
-1.000
-1.000
-1.000
-1.000
-1.000
-1.000
-1.000
-1.000
-1.000
-1.000
-1.000
-1.000
-1.000
-1.000
-1.000
-1.000
-1.000
-1.000
-1.000
-1.000
-1.000
-1.000
-1.000
-1.000
-1.000
-1.000
-1.000
-1.000
-1.000
-1.000
-1.000
-1.000
-1.000
-1.000
-1.000
-1.000
-1.000
-1.000
-1.000
-1.000
-1.000
-1.000
-1.000
-1.000
-1.000
-1.000
-1.000
-1.000
-1.000
-1.000
4.329
3.543
4.023
-1.000
4.965
3.919
3.721
4.666
3.598
-1.000
3.843
4.155
5.396
-1.000
-1.000
-1.000
-1.000
-1.000
-1.000
-1.000
-1.000
-1.000
-1.000
-1.000
-1.000
-1.000
-1.000
-1.000
-1.000
-1.000
-1.000
-1.000
-1.000
-1.000
-1.000
-1.000
-1.000
-1.000
-1.000
-1.000
-1.000
-1.000
-1.000
-1.000
-1.000
-1.000
-1.000
4.030
-1.000
5.650
-1.000
-1.000
4.574
-1.000
-1.000
-1.000
-1.000
-1.000
-1.000
-1.000
-1.000
-1.000
5.687
4.720
-1.000
5.075
4.338
5.563
5.960
-1.000
-1.000
5.368
4.814
-1.000
4.526
-1.000
-1.000
-1.000
-1.000
-1.000
4.916
4.016
-1.000
-1.000
4.282
4.506
3.845
4.993
-1.000
-1.000
4.167
-1.000
-1.000
-1.000
3.979
5.185
4.562
-1.000
4.925
5.633
5.272
-1.000
-1.000
-1.000
5.331
5.386
3.649
-1.000
4.897
-1.000
-1.000
-1.000
5.517
4.932
5.805
-1.000
4.738
5.146
5.914
5.156
-1.000
4.324
-1.000
-1.000
5.588
-1.000
5.073
4.268
5.876
4.513
4.301
5.308
-1.000
-1.000
5.390
-1.000
5.402
5.480
4.323
-1.000
4.502
-1.000
-1.000
4.526
-1.000
-1.000
-1.000
4.229
-1.000
4.144
4.913
-1.000
5.778
5.470
5.696
5.413
5.345
-1.000
4.761
-1.000
5.042
5.747
4.238
5.044
5.752
-1.000
4.583
-1.000
4.114
-1.000
4.527
-1.000
-1.000
-1.000
3.992
-1.000
2.250
2.859
1.414
2.188
2.538
1.886
2.282
2.214
2.879
3.164
3.206
3.213
2.931
2.510
3.114
-1.000
3.313
2.050
2.920
2.849
2.680
2.285
-1.000
4.700
2.324
-1.000
2.319
1.929
2.338
2.605
2.467
5.573
2.373
2.500
2.365
2.908
2.508
2.643
3.057
2.576
5.396
2.851
2.271
3.884
-1.000
-1.000
2.220
5.623
3.004
-1.000
2.186
2.683
5.627
3.364
3.534
-1.000
4.996
5.095
4.176
2.885
4.129
2.723
2.457
2.580
3.016
-1.000
-1.000
-1.000
4.550
-1.000
-1.000
-1.000
4.724
3.858
2.558
3.519
2.635
-1.000
3.616
4.621
-1.000
3.189
2.914
3.072
-1.000
4.546
-1.000
-1.000
-1.000
-1.000
-1.000
-1.000
3.750
5.354
3.668
2.647
-1.000
2.944
3.921
3.352
3.036
-1.000
-1.000
4.281
2.911
5.011
-1.000
-1.000
2.577
3.634
-1.000
2.655
-1.000
-1.000
4.815
2.629
4.463
2.616
-1.000
-1.000
3.998
4.714
2.980
-1.000
3.261
-1.000
-1.000
3.986
5.382
-1.000
2.930
-1.000
3.710
3.226
3.884
4.132
-1.000
3.027
5.937
2.675
4.045
5.640
3.195
-1.000
4.499
4.577
2.910
3.296
-1.000
2.930
4.795
-1.000
2.674
-1.000
5.101
2.931
3.063
3.745
4.414
-1.000
-1.000
5.563
-1.000
3.274
5.362
-1.000
-1.000
2.538
1.437
2.359
2.075
-1.000
-1.000
2.241
-1.000
-1.000
1.947
1.421
2.043
1.925
-1.000
-1.000
2.557
2.420
2.225
0.952
-1.000
0.720
0.713
-1.000
-1.000
-1.000
-1.000
-1.000
2.878
1.844
3.117
-1.000
-1.000
-1.000
-1.000
1.075
-1.000
-1.000
-1.000
-1.000
-1.000
-1.000
5.014
1.583
2.827
4.446
1.709
1.736
-1.000
-1.000
-1.000
3.219
1.764
1.671
1.732
0.929
-1.000
-1.000
-1.000
-1.000
1.051
2.025
1.033
1.213
1.015
1.443
-1.000
-1.000
-1.000
-1.000
-1.000
-1.000
2.338
1.019
-1.000
-1.000
-1.000
-1.000
1.134
-1.000
-1.000
-1.000
-1.000
3.139
1.805
4.020
1.429
4.020
-1.000
1.398
2.390
1.554
3.222
1.599
1.913
2.222
3.017
4.133
1.662
1.140
1.117
1.440
-1.000
-1.000
4.287
1.386
1.265
-1.000
-1.000
-1.000
-1.000
2.167
-1.000
1.515
-1.000
-1.000
2.817
1.429
2.096
2.235
1.388
-1.000
-1.000
-1.000
-1.000
2.941
2.664
3.514
3.086
1.877
1.994
1.850
1.878
-1.000
-1.000
-1.000
-1.000
-1.000
-1.000
-1.000
-1.000
-1.000
3.048
2.549
2.910
3.075
2.558
3.725
-1.000
-1.000
-1.000
-1.000
2.998
2.139
1.495
1.974
1.935
2.146
-1.000
2.730
2.218
2.483
2.913
2.154
2.184
2.096
2.359
4.015
2.523
2.673
3.032
2.881
-1.000
-1.000
-1.000
2.913
2.121
-1.000
-1.000
-1.000
-1.000
5.413
2.601
4.119
-1.000
-1.000
-1.000
-1.000
-1.000
3.347
4.926
2.272
2.909
2.176
3.195
3.129
3.894
2.786
3.927
-1.000
-1.000
-1.000
-1.000
-1.000
-1.000
-1.000
-1.000
-1.000
-1.000
-1.000
-1.000
3.575
-1.000
3.073
5.582
-1.000
3.152
3.755
3.891
-1.000
-1.000
-1.000
-1.000
5.962
-1.000
4.526
5.159
-1.000
5.505
5.715
-1.000
-1.000
-1.000
-1.000
-1.000
-1.000
-1.000
4.191
5.223
-1.000
4.280
4.385
-1.000
-1.000
-1.000
-1.000
-1.000
-1.000
-1.000
2.171
2.410
3.405
2.906
1.787
3.234
2.412
-1.000
2.317
-1.000
2.095
2.524
-1.000
2.870
1.764
4.032
3.237
2.808
3.986
-1.000
-1.000
4.130
-1.000
3.180
2.213
1.612
2.813
2.273
-1.000
-1.000
5.009
2.969
1.417
3.238
3.075
2.173
4.905
5.424
-1.000
2.528
4.278
-1.000
-1.000
3.705
-1.000
-1.000
-1.000
-1.000
4.897
-1.000
4.987
-1.000
5.986
2.749
-1.000
2.929
2.863
3.217
1.182
-1.000
1.333
1.375
2.097
2.106
1.966
-1.000
1.361
-1.000
2.179
-1.000
2.492
1.945
2.853
3.777
2.711
2.676
-1.000
-1.000
-1.000
-1.000
-1.000
2.309
-1.000
-1.000
4.268
2.351
-1.000
-1.000
-1.000
-1.000
-1.000
-1.000
-1.000
-1.000
-1.000
-1.000
-1.000
-1.000
3.854
-1.000
3.736
2.945
2.520
2.599
-1.000
-1.000
-1.000
-1.000
-1.000
3.621
-1.000
4.210
-1.000
-1.000
-1.000
-1.000
-1.000
-1.000
-1.000
-1.000
4.860
5.906
3.848
4.080
4.298
5.968
4.556
3.156
5.997
5.622
5.662
-1.000
5.185
-1.000
5.767
5.990
4.134
-1.000
4.580
-1.000
4.447
4.302
-1.000
5.722
5.183
4.381
-1.000
5.818
3.997
-1.000
4.381
4.395
3.707
-1.000
4.090
3.938
3.879
-1.000
4.898
5.058
-1.000
5.634
5.537
-1.000
-1.000
-1.000
-1.000
-1.000
-1.000
-1.000
-1.000
5.500
-1.000
-1.000
-1.000
5.758
-1.000
5.310
-1.000
-1.000
-1.000
-1.000
-1.000
-1.000
-1.000
-1.000
-1.000
-1.000
-1.000
-1.000
-1.000
5.966
-1.000
-1.000
-1.000
-1.000
1.515
2.173
2.212
3.004
1.805
1.714
2.105
-1.000
3.108
-1.000
-1.000
3.380
-1.000
-1.000
-1.000
2.922
-1.000
-1.000
3.430
-1.000
-1.000
-1.000
-1.000
-1.000
3.480
3.129
3.357
3.401
3.820
3.390
-1.000
-1.000
-1.000
-1.000
-1.000
-1.000
4.016
4.354
4.639
-1.000
5.346
4.885
3.148
2.620
-1.000
-1.000
2.030
0.914
-1.000
-1.000
0.938
-1.000
-1.000
1.728
-1.000
-1.000
1.232
1.226
2.105
1.379
2.918
3.088
2.489
2.207
1.336
4.856
2.942
1.514
2.834
-1.000
1.932
1.313
-1.000
3.413
-1.000
5.638
1.734
1.971
5.636
3.801
4.199
3.645
2.980
1.616
3.950
1.510
1.699
2.356
1.677
1.711
3.270
2.472
2.028
-1.000
3.021
4.637
2.852
2.613
1.529
1.530
1.267
-1.000
-1.000
-1.000
-1.000
-1.000
-1.000
3.834
2.363
5.630
2.767
1.740
4.243
1.848
3.186
1.588
-1.000
-1.000
-1.000
-1.000
-1.000
-1.000
-1.000
1.816
2.285
2.001
1.443
1.364
1.740
1.580
1.331
1.473
1.516
1.861
-1.000
3.186
2.706
4.258
3.019
-1.000
2.665
3.138
2.299
4.991
2.029
-1.000
2.488
-1.000
2.773
4.795
2.975
4.840
3.063
2.474
2.763
-1.000
2.577
4.406
-1.000
2.680
4.311
-1.000
2.347
2.259
5.263
3.100
5.084
2.479
2.273
-1.000
3.065
2.576
3.674
3.030
4.643
-1.000
-1.000
3.163
3.120
-1.000
-1.000
2.867
2.645
4.480
2.434
2.307
4.296
3.727
4.386
3.029
2.669
4.686
2.100
2.600
2.592
-1.000
2.697
3.089
2.898
4.376
2.478
5.402
2.743
5.970
2.457
4.335
-1.000
2.369
4.697
2.599
5.057
3.114
-1.000
-1.000
2.981
-1.000
4.503
2.624
-1.000
-1.000
-1.000
3.582
2.895
2.948
3.251
4.722
-1.000
4.892
2.456
4.773
2.315
3.117
2.760
2.773
2.417
2.652
3.565
-1.000
4.065
3.036
-1.000
-1.000
3.466
4.168
2.989
4.628
3.900
3.039
3.099
3.422
3.223
-1.000
2.908
2.888
4.502
5.626
4.470
2.849
2.732
-1.000
3.186
3.482
-1.000
3.087
3.823
2.808
3.386
2.766
2.802
2.844
3.024
3.199
3.551
-1.000
-1.000
3.407
5.817
-1.000
-1.000
3.378
5.126
3.497
-1.000
4.486
3.825
3.272
5.157
4.169
4.309
3.352
-1.000
3.768
5.199
4.088
3.386
2.875
3.379
3.100
3.353
-1.000
4.526
3.176
3.217
3.142
5.255
3.085
2.793
3.327
-1.000
5.463
3.710
4.089
3.922
4.493
3.941
3.761
-1.000
-1.000
-1.000
-1.000
3.540
2.857
2.867
2.827
-1.000
4.234
4.418
3.116
3.403
1.821
-1.000
1.738
2.192
1.743
-1.000
1.313
2.609
4.082
-1.000
-1.000
-1.000
1.981
-1.000
2.506
3.213
2.668
1.159
-1.000
-1.000
-1.000
1.299
1.225
-1.000
1.650
1.591
1.894
2.497
1.459
-1.000
-1.000
1.364
-1.000
1.639
1.891
1.491
3.436
3.859
1.593
-1.000
2.242
4.345
-1.000
1.898
-1.000
3.741
4.505
3.917
3.092
2.177
4.696
-1.000
2.380
3.603
2.935
3.868
3.975
3.291
-1.000
5.859
-1.000
-1.000
-1.000
4.845
-1.000
-1.000
-1.000
-1.000
1.125
-1.000
1.385
1.371
2.147
1.652
1.505
2.760
1.633
4.811
2.265
3.112
3.314
-1.000
-1.000
-1.000
-1.000
-1.000
3.882
2.856
2.421
2.884
-1.000
1.978
1.801
1.977
-1.000
2.670
-1.000
3.602
2.075
-1.000
-1.000
-1.000
2.053
4.371
-1.000
-1.000
-1.000
3.051
-1.000
2.473
3.083
-1.000
-1.000
-1.000
-1.000
3.924
-1.000
0.999
-1.000
1.017
1.332
1.702
2.010
-1.000
1.993
3.749
1.404
1.678
1.817
-1.000
-1.000
3.005
4.172
-1.000
1.880
2.034
-1.000
2.039
-1.000
-1.000
1.793
-1.000
-1.000
1.926
-1.000
3.055
3.111
2.814
4.366
4.761
3.274
-1.000
4.151
3.993
2.172
-1.000
-1.000
-1.000
-1.000
4.178
3.674
-1.000
-1.000
3.120
3.272
3.816
2.864
2.624
2.667
3.161
-1.000
-1.000
3.641
3.182
-1.000
3.263
3.572
3.348
-1.000
-1.000
3.626
-1.000
-1.000
5.964
4.433
-1.000
-1.000
3.333
4.608
-1.000
3.459
-1.000
5.957
4.008
4.015
-1.000
-1.000
3.351
3.385
-1.000
4.748
-1.000
-1.000
4.006
3.580
4.964
-1.000
-1.000
4.143
4.326
4.836
5.951
5.089
3.237
3.575
-1.000
-1.000
-1.000
-1.000
-1.000
3.234
3.202
-1.000
-1.000
3.653
3.031
3.303
3.165
4.677
3.198
-1.000
3.523
4.707
-1.000
4.385
4.659
4.438
-1.000
-1.000
-1.000
-1.000
3.475
4.019
3.830
3.403
3.983
-1.000
-1.000
2.176
3.379
-1.000
2.799
1.115
1.191
1.429
2.239
-1.000
-1.000
1.915
-1.000
-1.000
-1.000
4.108
-1.000
2.203
2.020
3.085
3.082
2.887
-1.000
2.868
1.821
1.687
2.686
-1.000
-1.000
1.768
2.350
-1.000
-1.000
-1.000
2.387
-1.000
-1.000
-1.000
2.899
1.830
3.396
4.778
-1.000
2.612
2.335
2.677
-1.000
2.417
2.079
1.877
3.893
2.593
3.520
4.628
2.187
2.667
2.520
5.958
4.297
5.113
3.738
3.569
4.807
2.940
5.400
2.817
2.933
2.066
-1.000
2.696
2.037
3.876
5.007
2.427
2.734
-1.000
2.059
3.696
1.716
2.278
4.266
-1.000
3.168
4.453
4.871
-1.000
-1.000
-1.000
-1.000
-1.000
-1.000
2.779
5.932
3.501
2.243
-1.000
2.281
2.617
2.506
3.695
2.612
2.557
2.992
2.269
-1.000
2.730
3.657
3.292
2.658
2.795
3.025
3.540
3.129
5.304
3.694
-1.000
2.338
2.375
2.117
1.988
5.031
2.975
2.883
5.168
3.735
4.951
1.978
5.268
3.480
2.054
2.656
2.458
2.646
3.228
3.332
3.229
-1.000
4.346
2.729
4.310
-1.000
3.518
-1.000
2.186
-1.000
4.524
-1.000
4.680
4.749
-1.000
-1.000
5.588
2.322
-1.000
-1.000
3.839
4.353
2.557
2.524
5.193
-1.000
2.272
3.266
2.944
2.670
-1.000
-1.000
-1.000
4.112
3.523
3.240
2.885
2.647
2.886
2.432
2.253
2.415
2.512
3.273
3.956
2.751
2.720
5.838
3.993
-1.000
2.752
2.509
2.504
3.478
3.032
-1.000
5.890
-1.000
3.035
2.570
3.842
2.456
2.592
2.677
-1.000
2.897
4.731
3.901
3.360
2.697
-1.000
4.478
2.591
3.745
2.184
3.568
-1.000
5.362
3.768
3.026
3.430
-1.000
-1.000
-1.000
-1.000
-1.000
-1.000
3.165
2.571
-1.000
3.656
-1.000
-1.000
-1.000
-1.000
-1.000
-1.000
-1.000
-1.000
3.274
-1.000
2.806
2.735
3.081
4.793
5.910
4.362
3.303
2.501
4.605
3.687
-1.000
-1.000
-1.000
3.131
2.653
4.353
3.662
2.809
3.323
3.890
2.904
2.707
3.986
2.650
4.512
2.918
5.054
4.198
3.309
4.950
-1.000
3.802
2.722
2.996
3.384
3.358
3.491
3.206
3.070
3.022
3.942
-1.000
4.837
5.741
5.759
5.256
-1.000
-1.000
-1.000
5.170
-1.000
-1.000
-1.000
-1.000
-1.000
-1.000
5.754
-1.000
-1.000
-1.000
-1.000
-1.000
-1.000
-1.000
-1.000
-1.000
-1.000
5.997
-1.000
-1.000
-1.000
-1.000
-1.000
-1.000
-1.000
-1.000
-1.000
-1.000
-1.000
5.930
-1.000
-1.000
-1.000
-1.000
-1.000
-1.000
-1.000
-1.000
-1.000
-1.000
-1.000
-1.000
-1.000
-1.000
-1.000
-1.000
-1.000
1.403
-1.000
-1.000
-1.000
2.956
2.892
1.876
3.488
-1.000
2.194
-1.000
-1.000
-1.000
-1.000
1.855
-1.000
-1.000
2.316
3.375
2.054
3.101
1.460
-1.000
-1.000
4.305
2.654
3.167
2.444
1.770
-1.000
-1.000
1.300
-1.000
2.645
3.320
2.094
3.461
-1.000
-1.000
-1.000
4.459
2.354
2.341
3.082
4.156
2.258
3.474
2.145
5.174
2.202
4.887
2.633
2.308
-1.000
2.157
2.130
1.911
1.265
1.613
-1.000
-1.000
3.699
2.656
3.011
4.577
4.765
4.036
1.725
2.812
1.643
-1.000
-1.000
2.538
3.825
1.469
2.541
-1.000
3.353
4.802
2.080
1.954
1.690
1.803
-1.000
-1.000
2.323
-1.000
-1.000
-1.000
-1.000
5.026
2.098
3.377
-1.000
-1.000
3.443
4.924
2.139
2.793
1.731
1.901
2.005
3.135
5.469
2.371
4.200
4.555
4.770
5.391
3.503
1.490
2.995
3.664
2.320
1.759
1.734
1.752
-1.000
2.648
-1.000
-1.000
-1.000
-1.000
4.404
-1.000
-1.000
-1.000
4.160
4.512
-1.000
5.379
-1.000
-1.000
-1.000
4.113
-1.000
4.013
4.744
-1.000
3.761
-1.000
-1.000
4.739
3.710
-1.000
5.045
3.388
0.932
-1.000
-1.000
-1.000
1.582
-1.000
-1.000
1.205
-1.000
-1.000
-1.000
3.467
-1.000
-1.000
-1.000
-1.000
2.336
5.897
1.814
5.227
5.726
2.616
3.217
1.773
2.805
1.256
-1.000
5.805
-1.000
3.464
4.803
5.739
4.485
4.019
3.122
2.994
2.793
2.086
3.777
2.767
2.683
5.108
1.965
1.483
2.028
1.417
1.527
-1.000
-1.000
-1.000
-1.000
-1.000
-1.000
4.975
2.133
5.233
2.281
4.330
2.222
1.793
2.354
3.441
-1.000
-1.000
3.282
-1.000
3.204
3.616
-1.000
2.539
3.603
3.436
2.571
3.777
2.698
2.282
-1.000
-1.000
3.461
-1.000
-1.000
1.686
2.134
2.163
5.110
1.718
2.411
1.948
1.521
2.368
1.801
-1.000
1.866
1.646
2.320
4.198
-1.000
-1.000
1.827
5.213
1.868
4.176
3.195
