-1.000
-1.000
-1.000
-1.000
-1.000
-1.000
-1.000
-1.000
-1.000
-1.000
-1.000
-1.000
-1.000
-1.000
-1.000
-1.000
-1.000
-1.000
-1.000
-1.000
-1.000
-1.000
-1.000
-1.000
-1.000
-1.000
-1.000
-1.000
-1.000
-1.000
-1.000
-1.000
-1.000
-1.000
-1.000
-1.000
-1.000
-1.000
-1.000
-1.000
-1.000
-1.000
-1.000
-1.000
4.015
3.902
-1.000
-1.000
-1.000
-1.000
-1.000
-1.000
-1.000
-1.000
-1.000
-1.000
-1.000
-1.000
-1.000
-1.000
-1.000
-1.000
-1.000
-1.000
-1.000
-1.000
-1.000
-1.000
-1.000
-1.000
-1.000
-1.000
-1.000
-1.000
-1.000
-1.000
-1.000
-1.000
-1.000
-1.000
4.645
-1.000
-1.000
-1.000
-1.000
-1.000
-1.000
-1.000
-1.000
-1.000
-1.000
-1.000
-1.000
-1.000
-1.000
-1.000
-1.000
-1.000
-1.000
-1.000
-1.000
-1.000
-1.000
-1.000
-1.000
-1.000
-1.000
-1.000
-1.000
-1.000
-1.000
-1.000
-1.000
-1.000
-1.000
-1.000
-1.000
-1.000
4.638
-1.000
3.788
-1.000
-1.000
-1.000
-1.000
4.712
-1.000
-1.000
-1.000
-1.000
-1.000
-1.000
-1.000
-1.000
-1.000
-1.000
-1.000
-1.000
4.922
-1.000
4.109
-1.000
-1.000
-1.000
-1.000
-1.000
-1.000
-1.000
-1.000
-1.000
-1.000
-1.000
-1.000
-1.000
-1.000
-1.000
4.218
-1.000
-1.000
-1.000
-1.000
4.677
-1.000
3.788
-1.000
-1.000
-1.000
-1.000
-1.000
3.784
-1.000
3.375
5.057
-1.000
-1.000
-1.000
-1.000
-1.000
4.078
-1.000
-1.000
-1.000
-1.000
-1.000
-1.000
-1.000
-1.000
-1.000
-1.000
-1.000
-1.000
-1.000
4.479
-1.000
-1.000
-1.000
-1.000
-1.000
-1.000
-1.000
-1.000
5.488
3.853
-1.000
-1.000
4.695
4.969
5.052
-1.000
-1.000
-1.000
4.218
4.312
3.449
4.646
-1.000
3.537
5.453
4.008
-1.000
-1.000
-1.000
4.433
-1.000
-1.000
-1.000
-1.000
-1.000
-1.000
-1.000
-1.000
-1.000
-1.000
-1.000
-1.000
4.561
-1.000
-1.000
-1.000
-1.000
-1.000
-1.000
-1.000
-1.000
-1.000
-1.000
-1.000
4.204
5.159
-1.000
-1.000
-1.000
-1.000
3.593
-1.000
-1.000
-1.000
-1.000
-1.000
-1.000
-1.000
-1.000
4.595
4.836
4.518
-1.000
5.287
-1.000
4.563
5.149
-1.000
4.806
-1.000
-1.000
-1.000
-1.000
-1.000
-1.000
-1.000
-1.000
3.808
-1.000
-1.000
-1.000
-1.000
-1.000
-1.000
-1.000
-1.000
4.310
-1.000
-1.000
-1.000
-1.000
-1.000
-1.000
-1.000
-1.000
-1.000
3.336
-1.000
-1.000
3.610
4.379
5.646
-1.000
-1.000
-1.000
-1.000
-1.000
-1.000
-1.000
-1.000
-1.000
-1.000
-1.000
-1.000
4.240
-1.000
-1.000
-1.000
-1.000
-1.000
-1.000
-1.000
-1.000
-1.000
-1.000
-1.000
-1.000
4.506
-1.000
-1.000
-1.000
-1.000
-1.000
-1.000
-1.000
-1.000
4.218
4.461
-1.000
-1.000
-1.000
-1.000
4.020
-1.000
-1.000
-1.000
4.701
-1.000
4.560
4.566
-1.000
-1.000
-1.000
-1.000
-1.000
3.655
-1.000
-1.000
-1.000
-1.000
-1.000
-1.000
-1.000
-1.000
-1.000
5.099
-1.000
-1.000
4.427
-1.000
4.312
-1.000
-1.000
3.464
-1.000
-1.000
-1.000
-1.000
-1.000
-1.000
-1.000
-1.000
-1.000
3.890
-1.000
-1.000
-1.000
-1.000
4.325
-1.000
-1.000
-1.000
-1.000
-1.000
-1.000
-1.000
-1.000
-1.000
4.777
-1.000
3.462
-1.000
-1.000
-1.000
4.169
4.417
-1.000
-1.000
-1.000
-1.000
-1.000
-1.000
-1.000
-1.000
-1.000
-1.000
5.090
3.363
-1.000
-1.000
4.498
-1.000
-1.000
4.189
-1.000
-1.000
-1.000
4.287
-1.000
5.142
5.528
-1.000
-1.000
-1.000
-1.000
-1.000
-1.000
3.759
-1.000
-1.000
-1.000
-1.000
-1.000
-1.000
-1.000
-1.000
-1.000
-1.000
-1.000
-1.000
-1.000
-1.000
-1.000
-1.000
-1.000
-1.000
-1.000
-1.000
-1.000
-1.000
-1.000
-1.000
-1.000
-1.000
4.848
-1.000
-1.000
-1.000
-1.000
4.767
3.067
-1.000
-1.000
-1.000
-1.000
-1.000
-1.000
-1.000
-1.000
-1.000
-1.000
-1.000
-1.000
-1.000
-1.000
-1.000
-1.000
4.243
-1.000
-1.000
-1.000
-1.000
4.052
-1.000
-1.000
-1.000
-1.000
-1.000
5.067
-1.000
-1.000
-1.000
-1.000
-1.000
-1.000
-1.000
-1.000
-1.000
-1.000
4.512
-1.000
-1.000
-1.000
-1.000
4.564
4.555
3.394
-1.000
-1.000
-1.000
-1.000
-1.000
-1.000
-1.000
-1.000
-1.000
-1.000
-1.000
-1.000
-1.000
-1.000
-1.000
-1.000
-1.000
-1.000
-1.000
-1.000
-1.000
-1.000
-1.000
-1.000
-1.000
-1.000
-1.000
-1.000
-1.000
-1.000
-1.000
-1.000
-1.000
-1.000
-1.000
-1.000
-1.000
-1.000
-1.000
-1.000
-1.000
-1.000
-1.000
-1.000
-1.000
-1.000
-1.000
-1.000
-1.000
-1.000
-1.000
-1.000
-1.000
-1.000
-1.000
-1.000
-1.000
-1.000
-1.000
-1.000
-1.000
-1.000
-1.000
-1.000
-1.000
-1.000
-1.000
-1.000
-1.000
-1.000
-1.000
-1.000
-1.000
-1.000
-1.000
-1.000
-1.000
-1.000
-1.000
-1.000
-1.000
-1.000
-1.000
-1.000
-1.000
-1.000
-1.000
-1.000
-1.000
-1.000
-1.000
3.730
-1.000
-1.000
-1.000
-1.000
-1.000
4.024
-1.000
-1.000
-1.000
4.803
-1.000
-1.000
3.743
-1.000
-1.000
-1.000
-1.000
-1.000
-1.000
-1.000
-1.000
-1.000
3.957
-1.000
-1.000
-1.000
-1.000
-1.000
-1.000
-1.000
-1.000
-1.000
-1.000
-1.000
-1.000
-1.000
-1.000
-1.000
-1.000
-1.000
-1.000
-1.000
-1.000
-1.000
-1.000
-1.000
-1.000
5.258
-1.000
-1.000
-1.000
-1.000
-1.000
-1.000
-1.000
-1.000
-1.000
-1.000
-1.000
-1.000
-1.000
-1.000
-1.000
-1.000
-1.000
-1.000
-1.000
-1.000
-1.000
-1.000
-1.000
-1.000
-1.000
-1.000
5.696
-1.000
4.473
3.772
-1.000
-1.000
-1.000
-1.000
-1.000
-1.000
-1.000
-1.000
-1.000
-1.000
-1.000
-1.000
-1.000
-1.000
-1.000
-1.000
-1.000
-1.000
-1.000
-1.000
-1.000
-1.000
-1.000
-1.000
-1.000
-1.000
-1.000
-1.000
-1.000
-1.000
-1.000
-1.000
-1.000
-1.000
-1.000
-1.000
-1.000
-1.000
-1.000
-1.000
-1.000
-1.000
-1.000
-1.000
-1.000
-1.000
-1.000
-1.000
-1.000
-1.000
-1.000
-1.000
-1.000
-1.000
-1.000
-1.000
-1.000
-1.000
-1.000
-1.000
-1.000
-1.000
-1.000
-1.000
-1.000
-1.000
-1.000
-1.000
-1.000
-1.000
-1.000
-1.000
-1.000
-1.000
-1.000
-1.000
-1.000
-1.000
-1.000
-1.000
-1.000
-1.000
-1.000
-1.000
-1.000
-1.000
-1.000
-1.000
-1.000
-1.000
-1.000
-1.000
-1.000
-1.000
-1.000
-1.000
-1.000
-1.000
-1.000
-1.000
-1.000
-1.000
-1.000
-1.000
-1.000
-1.000
-1.000
-1.000
-1.000
-1.000
-1.000
-1.000
-1.000
-1.000
-1.000
-1.000
-1.000
-1.000
-1.000
-1.000
-1.000
-1.000
-1.000
-1.000
-1.000
-1.000
-1.000
-1.000
-1.000
-1.000
-1.000
-1.000
-1.000
-1.000
-1.000
-1.000
-1.000
-1.000
-1.000
-1.000
-1.000
-1.000
-1.000
-1.000
-1.000
-1.000
-1.000
-1.000
-1.000
-1.000
-1.000
-1.000
-1.000
-1.000
-1.000
-1.000
-1.000
-1.000
-1.000
-1.000
-1.000
-1.000
-1.000
-1.000
-1.000
-1.000
-1.000
-1.000
-1.000
-1.000
-1.000
-1.000
-1.000
-1.000
-1.000
-1.000
-1.000
-1.000
-1.000
-1.000
-1.000
-1.000
-1.000
-1.000
-1.000
-1.000
-1.000
-1.000
-1.000
-1.000
-1.000
-1.000
-1.000
-1.000
-1.000
-1.000
-1.000
-1.000
-1.000
-1.000
-1.000
-1.000
-1.000
-1.000
-1.000
-1.000
-1.000
-1.000
-1.000
-1.000
-1.000
-1.000
-1.000
-1.000
-1.000
-1.000
-1.000
-1.000
-1.000
-1.000
-1.000
-1.000
-1.000
-1.000
-1.000
-1.000
-1.000
-1.000
-1.000
-1.000
-1.000
-1.000
-1.000
-1.000
-1.000
-1.000
-1.000
-1.000
-1.000
-1.000
-1.000
-1.000
-1.000
-1.000
-1.000
-1.000
-1.000
-1.000
-1.000
-1.000
-1.000
-1.000
-1.000
-1.000
-1.000
-1.000
-1.000
-1.000
-1.000
-1.000
-1.000
-1.000
-1.000
-1.000
-1.000
-1.000
-1.000
-1.000
-1.000
-1.000
-1.000
-1.000
-1.000
-1.000
-1.000
-1.000
-1.000
-1.000
-1.000
-1.000
-1.000
-1.000
-1.000
-1.000
-1.000
-1.000
-1.000
-1.000
-1.000
-1.000
-1.000
-1.000
-1.000
-1.000
-1.000
-1.000
-1.000
-1.000
-1.000
-1.000
-1.000
-1.000
-1.000
-1.000
-1.000
-1.000
-1.000
-1.000
-1.000
-1.000
-1.000
-1.000
-1.000
-1.000
-1.000
-1.000
-1.000
-1.000
-1.000
-1.000
-1.000
-1.000
-1.000
-1.000
-1.000
-1.000
-1.000
-1.000
-1.000
-1.000
-1.000
-1.000
-1.000
-1.000
-1.000
-1.000
-1.000
-1.000
-1.000
-1.000
-1.000
-1.000
-1.000
-1.000
-1.000
-1.000
-1.000
-1.000
-1.000
-1.000
-1.000
-1.000
-1.000
3.954
-1.000
-1.000
-1.000
-1.000
-1.000
-1.000
-1.000
-1.000
-1.000
-1.000
-1.000
-1.000
-1.000
-1.000
-1.000
-1.000
-1.000
-1.000
-1.000
-1.000
-1.000
-1.000
-1.000
-1.000
-1.000
-1.000
-1.000
-1.000
-1.000
-1.000
-1.000
-1.000
-1.000
-1.000
-1.000
-1.000
-1.000
-1.000
-1.000
-1.000
-1.000
-1.000
-1.000
-1.000
-1.000
-1.000
-1.000
-1.000
-1.000
-1.000
-1.000
-1.000
-1.000
-1.000
-1.000
-1.000
-1.000
-1.000
-1.000
-1.000
-1.000
-1.000
-1.000
-1.000
-1.000
-1.000
-1.000
-1.000
-1.000
-1.000
-1.000
-1.000
-1.000
-1.000
-1.000
-1.000
-1.000
-1.000
-1.000
-1.000
-1.000
-1.000
-1.000
-1.000
-1.000
-1.000
-1.000
-1.000
-1.000
-1.000
-1.000
-1.000
-1.000
-1.000
-1.000
-1.000
-1.000
-1.000
-1.000
-1.000
-1.000
-1.000
-1.000
-1.000
-1.000
-1.000
-1.000
-1.000
-1.000
-1.000
-1.000
-1.000
-1.000
-1.000
-1.000
-1.000
-1.000
-1.000
-1.000
-1.000
4.539
-1.000
-1.000
-1.000
-1.000
-1.000
-1.000
-1.000
-1.000
-1.000
-1.000
-1.000
-1.000
-1.000
4.351
-1.000
-1.000
-1.000
-1.000
-1.000
-1.000
-1.000
-1.000
-1.000
-1.000
-1.000
-1.000
-1.000
4.829
-1.000
-1.000
4.469
5.167
-1.000
-1.000
3.572
-1.000
-1.000
-1.000
-1.000
-1.000
4.607
-1.000
-1.000
4.910
-1.000
-1.000
-1.000
4.993
-1.000
-1.000
-1.000
-1.000
-1.000
-1.000
-1.000
3.571
4.630
3.086
4.254
-1.000
-1.000
-1.000
-1.000
-1.000
-1.000
-1.000
-1.000
-1.000
-1.000
-1.000
4.354
-1.000
-1.000
-1.000
-1.000
-1.000
-1.000
-1.000
-1.000
-1.000
2.848
-1.000
-1.000
-1.000
5.171
-1.000
-1.000
3.197
-1.000
-1.000
-1.000
-1.000
-1.000
4.311
-1.000
-1.000
-1.000
4.409
4.636
-1.000
-1.000
4.889
3.995
-1.000
-1.000
4.677
-1.000
-1.000
-1.000
-1.000
3.680
-1.000
-1.000
-1.000
-1.000
-1.000
-1.000
-1.000
-1.000
-1.000
-1.000
-1.000
-1.000
-1.000
-1.000
-1.000
-1.000
-1.000
-1.000
-1.000
-1.000
-1.000
-1.000
-1.000
-1.000
-1.000
-1.000
-1.000
-1.000
-1.000
-1.000
-1.000
-1.000
-1.000
-1.000
-1.000
-1.000
-1.000
-1.000
-1.000
-1.000
-1.000
-1.000
-1.000
-1.000
-1.000
-1.000
-1.000
-1.000
-1.000
-1.000
-1.000
-1.000
-1.000
-1.000
-1.000
-1.000
-1.000
-1.000
-1.000
-1.000
-1.000
-1.000
-1.000
-1.000
-1.000
-1.000
-1.000
-1.000
-1.000
-1.000
-1.000
-1.000
-1.000
-1.000
-1.000
-1.000
-1.000
-1.000
-1.000
-1.000
-1.000
-1.000
-1.000
-1.000
-1.000
-1.000
-1.000
-1.000
-1.000
-1.000
-1.000
-1.000
-1.000
-1.000
-1.000
-1.000
-1.000
-1.000
-1.000
-1.000
-1.000
-1.000
-1.000
-1.000
-1.000
-1.000
-1.000
-1.000
-1.000
-1.000
-1.000
-1.000
-1.000
-1.000
-1.000
-1.000
-1.000
-1.000
-1.000
-1.000
-1.000
-1.000
-1.000
-1.000
-1.000
-1.000
-1.000
-1.000
-1.000
-1.000
-1.000
-1.000
-1.000
-1.000
-1.000
-1.000
-1.000
-1.000
-1.000
-1.000
-1.000
-1.000
-1.000
-1.000
-1.000
-1.000
-1.000
-1.000
-1.000
-1.000
-1.000
-1.000
-1.000
-1.000
-1.000
-1.000
-1.000
-1.000
-1.000
-1.000
-1.000
-1.000
-1.000
-1.000
-1.000
-1.000
-1.000
-1.000
-1.000
-1.000
-1.000
-1.000
-1.000
-1.000
-1.000
-1.000
-1.000
-1.000
-1.000
-1.000
-1.000
-1.000
-1.000
-1.000
-1.000
-1.000
-1.000
-1.000
-1.000
-1.000
-1.000
-1.000
-1.000
-1.000
-1.000
-1.000
-1.000
-1.000
-1.000
-1.000
-1.000
-1.000
-1.000
-1.000
-1.000
-1.000
-1.000
-1.000
-1.000
-1.000
-1.000
-1.000
-1.000
-1.000
-1.000
-1.000
-1.000
-1.000
-1.000
-1.000
-1.000
-1.000
-1.000
-1.000
-1.000
-1.000
5.475
-1.000
-1.000
4.361
-1.000
-1.000
-1.000
-1.000
-1.000
-1.000
-1.000
-1.000
-1.000
-1.000
-1.000
-1.000
3.591
-1.000
-1.000
-1.000
-1.000
4.586
-1.000
-1.000
-1.000
-1.000
-1.000
-1.000
-1.000
-1.000
-1.000
-1.000
-1.000
-1.000
-1.000
4.025
-1.000
-1.000
-1.000
-1.000
-1.000
-1.000
-1.000
-1.000
4.622
-1.000
3.938
3.525
-1.000
-1.000
-1.000
-1.000
-1.000
-1.000
-1.000
-1.000
-1.000
-1.000
-1.000
5.259
-1.000
-1.000
-1.000
4.678
-1.000
3.994
-1.000
-1.000
-1.000
-1.000
-1.000
5.438
5.630
-1.000
-1.000
-1.000
-1.000
4.850
-1.000
-1.000
-1.000
-1.000
4.601
4.394
-1.000
-1.000
4.190
-1.000
-1.000
-1.000
5.561
4.618
4.768
3.413
-1.000
-1.000
4.140
-1.000
4.518
-1.000
-1.000
-1.000
5.494
-1.000
-1.000
-1.000
-1.000
-1.000
-1.000
-1.000
-1.000
-1.000
-1.000
-1.000
-1.000
2.911
-1.000
-1.000
-1.000
-1.000
-1.000
-1.000
5.576
-1.000
-1.000
-1.000
4.791
5.369
4.490
-1.000
3.978
-1.000
-1.000
3.667
4.408
-1.000
4.216
-1.000
-1.000
-1.000
-1.000
-1.000
-1.000
-1.000
-1.000
-1.000
-1.000
-1.000
-1.000
-1.000
4.261
3.974
-1.000
-1.000
-1.000
-1.000
-1.000
-1.000
-1.000
-1.000
-1.000
-1.000
-1.000
-1.000
-1.000
-1.000
-1.000
-1.000
-1.000
4.596
-1.000
-1.000
3.970
-1.000
-1.000
-1.000
-1.000
-1.000
-1.000
4.426
-1.000
3.966
5.736
-1.000
-1.000
4.479
4.002
-1.000
-1.000
-1.000
-1.000
-1.000
4.568
-1.000
-1.000
-1.000
-1.000
-1.000
-1.000
-1.000
4.566
-1.000
-1.000
-1.000
-1.000
3.906
-1.000
-1.000
-1.000
-1.000
4.141
3.922
-1.000
-1.000
-1.000
-1.000
-1.000
-1.000
-1.000
4.991
4.719
-1.000
-1.000
5.418
4.230
-1.000
-1.000
-1.000
-1.000
-1.000
4.784
-1.000
-1.000
-1.000
3.989
-1.000
-1.000
-1.000
-1.000
3.859
-1.000
4.074
-1.000
-1.000
-1.000
-1.000
-1.000
-1.000
-1.000
-1.000
4.445
4.305
-1.000
-1.000
-1.000
-1.000
-1.000
-1.000
4.614
-1.000
-1.000
-1.000
-1.000
-1.000
-1.000
4.098
-1.000
4.585
4.090
-1.000
-1.000
-1.000
-1.000
-1.000
-1.000
-1.000
-1.000
-1.000
-1.000
-1.000
-1.000
-1.000
-1.000
-1.000
-1.000
-1.000
-1.000
4.667
-1.000
-1.000
-1.000
-1.000
-1.000
-1.000
-1.000
3.465
-1.000
4.897
-1.000
3.775
-1.000
4.983
-1.000
-1.000
4.895
-1.000
-1.000
-1.000
-1.000
5.237
-1.000
-1.000
4.690
-1.000
-1.000
2.650
3.885
5.892
-1.000
-1.000
-1.000
-1.000
-1.000
-1.000
-1.000
-1.000
-1.000
-1.000
-1.000
5.039
5.413
-1.000
-1.000
-1.000
-1.000
4.492
-1.000
4.011
-1.000
-1.000
-1.000
-1.000
-1.000
-1.000
-1.000
-1.000
-1.000
-1.000
-1.000
-1.000
-1.000
3.804
4.846
-1.000
4.645
-1.000
-1.000
3.624
-1.000
3.816
3.535
5.589
-1.000
-1.000
-1.000
-1.000
-1.000
-1.000
4.813
-1.000
-1.000
-1.000
-1.000
-1.000
-1.000
-1.000
3.158
-1.000
-1.000
-1.000
-1.000
-1.000
-1.000
4.327
-1.000
-1.000
-1.000
-1.000
-1.000
-1.000
-1.000
-1.000
-1.000
-1.000
-1.000
-1.000
5.044
-1.000
-1.000
-1.000
-1.000
5.075
-1.000
-1.000
-1.000
-1.000
-1.000
-1.000
-1.000
4.832
-1.000
5.455
-1.000
5.230
-1.000
-1.000
-1.000
-1.000
-1.000
-1.000
-1.000
-1.000
4.933
-1.000
4.502
-1.000
-1.000
-1.000
4.579
-1.000
4.821
-1.000
-1.000
3.663
-1.000
-1.000
-1.000
-1.000
-1.000
-1.000
4.156
-1.000
-1.000
-1.000
-1.000
-1.000
-1.000
-1.000
-1.000
-1.000
4.999
4.527
-1.000
-1.000
-1.000
-1.000
4.101
-1.000
-1.000
5.405
4.290
-1.000
-1.000
-1.000
5.032
-1.000
-1.000
-1.000
-1.000
-1.000
-1.000
-1.000
4.379
-1.000
5.381
-1.000
-1.000
-1.000
-1.000
-1.000
-1.000
-1.000
-1.000
-1.000
-1.000
-1.000
-1.000
-1.000
-1.000
-1.000
-1.000
4.352
-1.000
-1.000
2.199
4.591
4.254
5.976
-1.000
-1.000
-1.000
-1.000
-1.000
3.500
-1.000
-1.000
-1.000
-1.000
-1.000
-1.000
-1.000
4.714
-1.000
3.478
-1.000
-1.000
-1.000
-1.000
-1.000
-1.000
-1.000
-1.000
-1.000
-1.000
-1.000
-1.000
-1.000
-1.000
-1.000
-1.000
-1.000
4.510
3.335
3.525
-1.000
-1.000
-1.000
-1.000
4.131
-1.000
4.953
-1.000
3.234
4.683
3.964
-1.000
4.098
-1.000
4.088
-1.000
3.872
-1.000
-1.000
-1.000
-1.000
-1.000
4.786
4.577
-1.000
-1.000
3.467
-1.000
4.080
-1.000
3.794
-1.000
-1.000
-1.000
-1.000
-1.000
-1.000
-1.000
-1.000
4.062
-1.000
-1.000
-1.000
-1.000
-1.000
-1.000
-1.000
-1.000
-1.000
-1.000
-1.000
-1.000
-1.000
-1.000
-1.000
-1.000
-1.000
-1.000
-1.000
-1.000
-1.000
2.737
3.564
-1.000
-1.000
-1.000
5.747
4.452
2.678
-1.000
3.767
3.978
4.467
-1.000
-1.000
-1.000
-1.000
4.675
4.397
-1.000
-1.000
-1.000
-1.000
-1.000
-1.000
-1.000
-1.000
-1.000
-1.000
-1.000
3.608
-1.000
-1.000
-1.000
-1.000
-1.000
-1.000
-1.000
-1.000
-1.000
-1.000
-1.000
-1.000
-1.000
-1.000
-1.000
-1.000
-1.000
-1.000
-1.000
-1.000
-1.000
4.859
-1.000
-1.000
-1.000
-1.000
-1.000
-1.000
-1.000
3.535
-1.000
3.591
3.684
-1.000
4.505
4.457
-1.000
-1.000
-1.000
-1.000
-1.000
-1.000
-1.000
4.128
-1.000
-1.000
4.741
3.338
3.946
-1.000
-1.000
-1.000
-1.000
4.037
-1.000
-1.000
4.466
4.456
4.619
-1.000
-1.000
-1.000
-1.000
-1.000
-1.000
-1.000
-1.000
-1.000
-1.000
-1.000
-1.000
-1.000
4.263
-1.000
-1.000
-1.000
4.738
-1.000
-1.000
-1.000
-1.000
-1.000
-1.000
-1.000
-1.000
-1.000
-1.000
4.938
-1.000
4.284
4.865
-1.000
2.673
4.754
-1.000
-1.000
-1.000
4.617
-1.000
-1.000
-1.000
3.928
-1.000
5.240
-1.000
-1.000
5.484
-1.000
-1.000
-1.000
-1.000
-1.000
3.517
-1.000
-1.000
-1.000
-1.000
-1.000
-1.000
3.814
-1.000
-1.000
-1.000
-1.000
-1.000
3.915
-1.000
-1.000
-1.000
-1.000
-1.000
-1.000
-1.000
-1.000
-1.000
-1.000
-1.000
-1.000
3.886
-1.000
-1.000
4.669
-1.000
-1.000
-1.000
-1.000
-1.000
-1.000
-1.000
-1.000
-1.000
-1.000
-1.000
4.259
-1.000
-1.000
5.951
-1.000
-1.000
-1.000
4.752
-1.000
-1.000
-1.000
-1.000
-1.000
-1.000
-1.000
-1.000
4.903
-1.000
4.798
-1.000
5.561
-1.000
-1.000
-1.000
-1.000
-1.000
-1.000
-1.000
-1.000
-1.000
-1.000
-1.000
-1.000
4.530
-1.000
-1.000
3.377
-1.000
-1.000
3.601
-1.000
-1.000
-1.000
-1.000
-1.000
4.404
-1.000
4.838
-1.000
-1.000
-1.000
-1.000
-1.000
-1.000
-1.000
4.344
-1.000
-1.000
-1.000
-1.000
-1.000
-1.000
4.161
-1.000
3.723
3.983
-1.000
-1.000
-1.000
-1.000
-1.000
-1.000
-1.000
5.038
4.269
-1.000
-1.000
-1.000
-1.000
4.144
-1.000
-1.000
-1.000
-1.000
-1.000
-1.000
-1.000
-1.000
3.095
-1.000
-1.000
-1.000
-1.000
-1.000
-1.000
4.512
-1.000
4.472
-1.000
-1.000
-1.000
-1.000
-1.000
-1.000
-1.000
-1.000
5.181
5.627
-1.000
-1.000
3.305
-1.000
5.525
3.793
-1.000
4.744
-1.000
-1.000
-1.000
4.726
-1.000
-1.000
-1.000
-1.000
-1.000
-1.000
4.247
4.133
3.849
-1.000
4.269
-1.000
-1.000
-1.000
-1.000
-1.000
-1.000
-1.000
-1.000
3.243
-1.000
-1.000
-1.000
-1.000
-1.000
4.186
-1.000
3.737
-1.000
-1.000
4.885
4.878
4.000
-1.000
4.587
-1.000
-1.000
-1.000
3.594
-1.000
-1.000
-1.000
-1.000
-1.000
-1.000
-1.000
-1.000
-1.000
-1.000
3.981
-1.000
-1.000
4.182
-1.000
-1.000
4.756
4.194
-1.000
-1.000
-1.000
-1.000
-1.000
-1.000
-1.000
-1.000
-1.000
-1.000
-1.000
-1.000
-1.000
-1.000
-1.000
-1.000
-1.000
2.667
-1.000
2.643
4.224
-1.000
-1.000
-1.000
-1.000
5.401
6.027
-1.000
4.094
-1.000
-1.000
-1.000
4.222
-1.000
-1.000
-1.000
-1.000
-1.000
-1.000
4.638
3.534
-1.000
-1.000
-1.000
3.721
-1.000
-1.000
-1.000
3.872
-1.000
-1.000
-1.000
-1.000
-1.000
-1.000
-1.000
-1.000
-1.000
-1.000
-1.000
-1.000
-1.000
-1.000
-1.000
-1.000
-1.000
4.489
-1.000
4.409
-1.000
-1.000
-1.000
2.927
-1.000
-1.000
4.669
4.415
-1.000
3.822
4.621
-1.000
5.651
-1.000
4.160
3.516
-1.000
4.896
-1.000
-1.000
4.627
-1.000
-1.000
4.688
-1.000
-1.000
-1.000
-1.000
-1.000
5.779
-1.000
-1.000
-1.000
-1.000
4.225
-1.000
4.693
-1.000
3.955
-1.000
-1.000
-1.000
-1.000
-1.000
-1.000
4.387
-1.000
4.669
-1.000
3.951
3.403
-1.000
-1.000
-1.000
-1.000
4.235
-1.000
-1.000
-1.000
4.021
-1.000
-1.000
-1.000
4.954
-1.000
-1.000
-1.000
3.681
-1.000
-1.000
-1.000
-1.000
3.248
-1.000
3.550
-1.000
-1.000
-1.000
4.641
4.648
-1.000
-1.000
-1.000
-1.000
3.745
4.834
4.065
-1.000
3.950
-1.000
4.376
-1.000
4.630
-1.000
-1.000
-1.000
-1.000
3.758
-1.000
-1.000
-1.000
5.734
-1.000
-1.000
-1.000
5.083
-1.000
-1.000
-1.000
-1.000
-1.000
-1.000
-1.000
4.781
-1.000
4.242
-1.000
-1.000
-1.000
-1.000
-1.000
-1.000
-1.000
4.340
-1.000
5.025
-1.000
-1.000
-1.000
-1.000
4.478
-1.000
-1.000
-1.000
3.990
-1.000
-1.000
-1.000
-1.000
-1.000
-1.000
-1.000
5.378
-1.000
-1.000
-1.000
-1.000
-1.000
-1.000
-1.000
-1.000
-1.000
-1.000
3.302
4.507
-1.000
-1.000
-1.000
-1.000
-1.000
-1.000
-1.000
4.260
-1.000
-1.000
-1.000
-1.000
-1.000
-1.000
-1.000
-1.000
-1.000
4.127
-1.000
-1.000
-1.000
-1.000
-1.000
3.999
-1.000
4.395
-1.000
-1.000
-1.000
-1.000
4.993
4.120
-1.000
-1.000
4.089
-1.000
-1.000
-1.000
-1.000
3.821
-1.000
-1.000
4.166
-1.000
-1.000
-1.000
4.221
-1.000
4.344
-1.000
4.289
-1.000
-1.000
4.105
4.274
-1.000
-1.000
-1.000
-1.000
-1.000
-1.000
-1.000
-1.000
-1.000
3.930
-1.000
4.504
4.297
-1.000
3.255
-1.000
4.777
-1.000
-1.000
-1.000
-1.000
-1.000
-1.000
-1.000
-1.000
-1.000
-1.000
-1.000
-1.000
-1.000
-1.000
4.139
-1.000
-1.000
4.519
-1.000
3.715
4.942
4.864
-1.000
-1.000
-1.000
-1.000
-1.000
-1.000
-1.000
-1.000
4.447
4.259
-1.000
-1.000
-1.000
-1.000
-1.000
3.521
-1.000
-1.000
-1.000
-1.000
3.829
-1.000
-1.000
-1.000
-1.000
-1.000
-1.000
-1.000
4.109
-1.000
-1.000
-1.000
-1.000
-1.000
4.443
-1.000
-1.000
-1.000
-1.000
-1.000
-1.000
-1.000
3.675
-1.000
-1.000
-1.000
-1.000
3.244
3.998
-1.000
-1.000
-1.000
-1.000
-1.000
-1.000
4.468
-1.000
-1.000
-1.000
3.488
-1.000
-1.000
-1.000
-1.000
-1.000
-1.000
5.007
5.287
-1.000
-1.000
-1.000
-1.000
-1.000
-1.000
-1.000
-1.000
-1.000
-1.000
-1.000
-1.000
-1.000
-1.000
-1.000
-1.000
4.262
-1.000
4.148
-1.000
-1.000
-1.000
-1.000
-1.000
-1.000
-1.000
-1.000
4.658
4.234
-1.000
-1.000
-1.000
-1.000
-1.000
-1.000
-1.000
4.742
3.620
-1.000
5.110
-1.000
-1.000
4.943
6.079
-1.000
-1.000
-1.000
-1.000
-1.000
-1.000
-1.000
4.450
-1.000
-1.000
-1.000
-1.000
-1.000
4.754
-1.000
-1.000
-1.000
-1.000
-1.000
-1.000
-1.000
-1.000
-1.000
-1.000
-1.000
-1.000
-1.000
3.868
4.492
-1.000
-1.000
-1.000
-1.000
-1.000
-1.000
-1.000
-1.000
-1.000
-1.000
-1.000
-1.000
4.632
-1.000
-1.000
-1.000
-1.000
-1.000
-1.000
-1.000
-1.000
-1.000
-1.000
-1.000
4.319
-1.000
-1.000
-1.000
-1.000
-1.000
-1.000
3.914
-1.000
-1.000
4.781
5.453
-1.000
-1.000
-1.000
-1.000
4.836
-1.000
-1.000
-1.000
-1.000
-1.000
-1.000
-1.000
-1.000
-1.000
-1.000
-1.000
-1.000
-1.000
-1.000
-1.000
-1.000
-1.000
4.997
-1.000
-1.000
-1.000
-1.000
3.615
-1.000
-1.000
-1.000
-1.000
-1.000
-1.000
-1.000
4.020
-1.000
4.815
4.280
-1.000
4.838
-1.000
-1.000
-1.000
-1.000
-1.000
-1.000
-1.000
3.237
-1.000
-1.000
-1.000
-1.000
-1.000
-1.000
-1.000
-1.000
3.831
-1.000
-1.000
-1.000
-1.000
-1.000
4.943
-1.000
-1.000
-1.000
-1.000
-1.000
-1.000
-1.000
-1.000
-1.000
-1.000
-1.000
-1.000
-1.000
-1.000
-1.000
-1.000
-1.000
-1.000
-1.000
-1.000
-1.000
-1.000
-1.000
-1.000
-1.000
-1.000
-1.000
-1.000
-1.000
-1.000
-1.000
-1.000
-1.000
-1.000
-1.000
-1.000
-1.000
-1.000
3.854
-1.000
4.784
-1.000
-1.000
4.687
-1.000
3.325
4.191
4.457
4.393
4.433
-1.000
-1.000
-1.000
-1.000
-1.000
-1.000
-1.000
-1.000
-1.000
-1.000
4.021
-1.000
-1.000
-1.000
-1.000
-1.000
4.000
-1.000
5.047
-1.000
4.920
4.906
3.834
-1.000
-1.000
-1.000
-1.000
3.785
-1.000
-1.000
-1.000
-1.000
-1.000
-1.000
-1.000
5.196
-1.000
3.498
4.062
-1.000
-1.000
4.609
-1.000
-1.000
-1.000
-1.000
-1.000
-1.000
-1.000
-1.000
-1.000
-1.000
-1.000
4.158
-1.000
-1.000
3.975
-1.000
-1.000
5.110
2.716
-1.000
4.273
-1.000
-1.000
-1.000
-1.000
-1.000
-1.000
-1.000
-1.000
-1.000
-1.000
-1.000
3.806
-1.000
-1.000
-1.000
-1.000
-1.000
-1.000
-1.000
-1.000
-1.000
-1.000
-1.000
-1.000
4.349
-1.000
-1.000
-1.000
-1.000
-1.000
-1.000
-1.000
-1.000
-1.000
-1.000
-1.000
5.595
-1.000
-1.000
3.294
-1.000
-1.000
-1.000
-1.000
-1.000
3.688
-1.000
-1.000
-1.000
-1.000
5.108
-1.000
-1.000
-1.000
-1.000
-1.000
-1.000
5.049
-1.000
3.728
-1.000
-1.000
5.995
-1.000
-1.000
-1.000
-1.000
-1.000
-1.000
-1.000
4.201
-1.000
-1.000
-1.000
3.393
-1.000
-1.000
-1.000
3.913
5.385
-1.000
-1.000
3.970
-1.000
4.549
3.895
-1.000
6.033
4.092
-1.000
-1.000
-1.000
5.285
-1.000
-1.000
-1.000
-1.000
-1.000
-1.000
-1.000
-1.000
-1.000
-1.000
-1.000
-1.000
-1.000
-1.000
4.621
3.395
-1.000
3.795
-1.000
-1.000
-1.000
4.291
-1.000
4.445
4.677
-1.000
-1.000
-1.000
-1.000
-1.000
-1.000
-1.000
-1.000
-1.000
-1.000
-1.000
-1.000
-1.000
4.353
2.662
-1.000
-1.000
-1.000
-1.000
-1.000
-1.000
-1.000
-1.000
-1.000
-1.000
-1.000
-1.000
-1.000
4.395
3.928
-1.000
-1.000
-1.000
-1.000
-1.000
-1.000
-1.000
-1.000
3.943
-1.000
-1.000
-1.000
-1.000
-1.000
-1.000
-1.000
3.634
-1.000
-1.000
-1.000
-1.000
4.859
6.008
-1.000
-1.000
4.056
-1.000
4.353
4.766
3.692
-1.000
-1.000
-1.000
-1.000
-1.000
4.498
-1.000
4.741
5.103
-1.000
-1.000
-1.000
-1.000
-1.000
-1.000
-1.000
4.588
-1.000
-1.000
-1.000
-1.000
-1.000
-1.000
4.776
4.310
-1.000
-1.000
4.342
-1.000
2.563
-1.000
-1.000
-1.000
3.451
4.645
-1.000
-1.000
5.589
-1.000
-1.000
-1.000
3.951
-1.000
-1.000
-1.000
-1.000
-1.000
-1.000
-1.000
5.717
-1.000
4.191
-1.000
-1.000
-1.000
3.968
5.215
3.794
-1.000
-1.000
-1.000
4.032
-1.000
-1.000
-1.000
-1.000
-1.000
-1.000
-1.000
-1.000
-1.000
-1.000
-1.000
-1.000
-1.000
4.374
-1.000
-1.000
-1.000
4.908
-1.000
-1.000
-1.000
4.484
-1.000
-1.000
-1.000
-1.000
-1.000
4.295
-1.000
-1.000
-1.000
-1.000
-1.000
-1.000
5.846
-1.000
-1.000
-1.000
-1.000
-1.000
-1.000
-1.000
3.772
-1.000
-1.000
-1.000
-1.000
3.932
-1.000
-1.000
-1.000
-1.000
-1.000
-1.000
-1.000
-1.000
-1.000
-1.000
-1.000
-1.000
-1.000
-1.000
-1.000
4.654
-1.000
-1.000
-1.000
3.771
-1.000
-1.000
-1.000
-1.000
-1.000
-1.000
4.045
-1.000
-1.000
-1.000
-1.000
-1.000
-1.000
-1.000
-1.000
-1.000
-1.000
-1.000
-1.000
-1.000
-1.000
3.603
-1.000
-1.000
4.490
-1.000
-1.000
-1.000
-1.000
-1.000
-1.000
-1.000
-1.000
-1.000
3.886
5.708
4.589
-1.000
-1.000
-1.000
-1.000
-1.000
-1.000
-1.000
-1.000
-1.000
-1.000
-1.000
5.218
4.403
-1.000
-1.000
4.171
-1.000
-1.000
-1.000
-1.000
-1.000
-1.000
-1.000
4.006
-1.000
-1.000
-1.000
3.943
-1.000
-1.000
4.893
-1.000
-1.000
4.474
4.348
4.441
-1.000
-1.000
4.948
-1.000
-1.000
-1.000
-1.000
-1.000
-1.000
3.345
-1.000
-1.000
-1.000
-1.000
-1.000
-1.000
-1.000
-1.000
3.781
4.652
-1.000
3.635
-1.000
-1.000
-1.000
-1.000
-1.000
-1.000
-1.000
-1.000
-1.000
-1.000
-1.000
-1.000
-1.000
-1.000
4.475
5.355
-1.000
-1.000
4.739
-1.000
-1.000
-1.000
4.391
4.373
-1.000
-1.000
-1.000
-1.000
3.640
-1.000
-1.000
-1.000
4.551
-1.000
-1.000
-1.000
4.591
-1.000
4.131
-1.000
-1.000
-1.000
3.977
3.918
-1.000
-1.000
4.304
4.886
-1.000
-1.000
-1.000
-1.000
-1.000
6.093
2.677
-1.000
-1.000
-1.000
-1.000
-1.000
-1.000
4.587
3.409
-1.000
-1.000
3.372
-1.000
-1.000
-1.000
-1.000
-1.000
4.467
-1.000
-1.000
-1.000
3.404
-1.000
-1.000
-1.000
-1.000
-1.000
-1.000
3.855
5.159
-1.000
-1.000
-1.000
-1.000
-1.000
-1.000
3.175
-1.000
-1.000
-1.000
-1.000
-1.000
-1.000
-1.000
-1.000
-1.000
4.547
5.288
-1.000
-1.000
-1.000
4.411
-1.000
4.781
-1.000
-1.000
-1.000
-1.000
-1.000
-1.000
-1.000
-1.000
-1.000
-1.000
-1.000
-1.000
4.252
-1.000
3.327
-1.000
-1.000
-1.000
5.229
-1.000
-1.000
-1.000
-1.000
4.475
3.379
-1.000
-1.000
-1.000
-1.000
-1.000
-1.000
-1.000
-1.000
-1.000
-1.000
-1.000
-1.000
-1.000
-1.000
-1.000
-1.000
-1.000
-1.000
-1.000
3.340
-1.000
-1.000
-1.000
-1.000
-1.000
-1.000
-1.000
-1.000
-1.000
-1.000
-1.000
5.272
2.898
4.716
4.350
-1.000
-1.000
-1.000
-1.000
-1.000
-1.000
-1.000
-1.000
-1.000
-1.000
4.231
-1.000
-1.000
-1.000
-1.000
-1.000
4.204
-1.000
-1.000
-1.000
-1.000
-1.000
4.211
-1.000
-1.000
4.461
-1.000
-1.000
-1.000
4.940
3.745
-1.000
-1.000
-1.000
-1.000
4.742
4.435
4.433
-1.000
3.831
4.715
4.942
4.080
-1.000
3.399
-1.000
-1.000
4.818
-1.000
4.416
-1.000
-1.000
3.919
-1.000
3.893
-1.000
-1.000
-1.000
-1.000
-1.000
-1.000
-1.000
4.870
4.133
-1.000
-1.000
-1.000
-1.000
-1.000
-1.000
-1.000
-1.000
3.739
-1.000
-1.000
-1.000
-1.000
-1.000
3.139
-1.000
-1.000
-1.000
-1.000
-1.000
-1.000
6.070
-1.000
-1.000
3.520
-1.000
-1.000
-1.000
-1.000
3.132
-1.000
-1.000
5.169
-1.000
-1.000
4.416
-1.000
3.828
-1.000
-1.000
-1.000
3.782
-1.000
-1.000
-1.000
-1.000
-1.000
-1.000
-1.000
-1.000
-1.000
-1.000
-1.000
5.059
-1.000
4.711
-1.000
4.588
-1.000
-1.000
4.335
-1.000
-1.000
-1.000
-1.000
-1.000
-1.000
-1.000
-1.000
4.502
-1.000
4.463
-1.000
-1.000
-1.000
-1.000
-1.000
-1.000
-1.000
-1.000
-1.000
-1.000
-1.000
-1.000
-1.000
-1.000
4.368
-1.000
-1.000
-1.000
-1.000
-1.000
-1.000
4.819
3.913
-1.000
-1.000
-1.000
-1.000
-1.000
5.022
-1.000
-1.000
-1.000
-1.000
-1.000
4.222
-1.000
-1.000
3.996
-1.000
4.446
-1.000
3.644
-1.000
-1.000
-1.000
-1.000
-1.000
-1.000
-1.000
-1.000
-1.000
-1.000
-1.000
-1.000
4.232
3.850
-1.000
-1.000
4.173
-1.000
-1.000
5.039
-1.000
-1.000
4.372
-1.000
-1.000
5.499
-1.000
-1.000
5.132
-1.000
-1.000
5.410
-1.000
-1.000
-1.000
4.179
-1.000
-1.000
-1.000
-1.000
3.487
4.532
-1.000
4.185
-1.000
-1.000
-1.000
-1.000
-1.000
-1.000
-1.000
-1.000
-1.000
-1.000
4.965
-1.000
-1.000
-1.000
-1.000
-1.000
-1.000
3.885
-1.000
-1.000
-1.000
-1.000
-1.000
4.258
-1.000
-1.000
4.427
3.971
-1.000
-1.000
4.446
4.549
-1.000
-1.000
-1.000
-1.000
-1.000
-1.000
-1.000
4.363
3.826
4.257
-1.000
5.085
-1.000
-1.000
-1.000
-1.000
4.502
-1.000
-1.000
-1.000
-1.000
4.747
-1.000
-1.000
-1.000
-1.000
-1.000
5.483
2.408
-1.000
-1.000
-1.000
-1.000
-1.000
-1.000
-1.000
-1.000
-1.000
4.183
-1.000
-1.000
4.470
-1.000
-1.000
-1.000
-1.000
-1.000
-1.000
-1.000
5.521
4.068
-1.000
3.699
-1.000
-1.000
-1.000
-1.000
-1.000
-1.000
-1.000
-1.000
-1.000
-1.000
-1.000
4.230
4.216
-1.000
4.564
4.459
-1.000
-1.000
-1.000
-1.000
-1.000
-1.000
-1.000
-1.000
-1.000
-1.000
-1.000
-1.000
4.006
-1.000
-1.000
6.232
4.474
-1.000
-1.000
-1.000
-1.000
-1.000
-1.000
3.645
-1.000
-1.000
-1.000
-1.000
-1.000
4.151
-1.000
-1.000
-1.000
-1.000
3.728
-1.000
-1.000
-1.000
3.852
4.017
-1.000
-1.000
-1.000
-1.000
-1.000
-1.000
-1.000
-1.000
-1.000
-1.000
-1.000
-1.000
3.857
-1.000
-1.000
-1.000
-1.000
-1.000
-1.000
-1.000
-1.000
-1.000
-1.000
-1.000
-1.000
4.044
-1.000
-1.000
-1.000
-1.000
-1.000
5.167
-1.000
-1.000
-1.000
4.825
-1.000
-1.000
-1.000
-1.000
-1.000
-1.000
-1.000
4.136
-1.000
-1.000
-1.000
-1.000
-1.000
-1.000
-1.000
-1.000
-1.000
5.067
4.347
-1.000
-1.000
3.691
-1.000
-1.000
-1.000
-1.000
-1.000
-1.000
-1.000
-1.000
-1.000
-1.000
-1.000
-1.000
5.009
-1.000
-1.000
-1.000
-1.000
5.594
-1.000
-1.000
-1.000
-1.000
-1.000
-1.000
5.032
-1.000
2.303
-1.000
-1.000
-1.000
-1.000
-1.000
-1.000
-1.000
-1.000
-1.000
-1.000
-1.000
-1.000
4.868
-1.000
-1.000
-1.000
-1.000
-1.000
-1.000
-1.000
-1.000
-1.000
4.124
-1.000
-1.000
4.389
-1.000
-1.000
-1.000
4.592
-1.000
-1.000
-1.000
3.072
-1.000
-1.000
-1.000
3.464
-1.000
-1.000
-1.000
-1.000
-1.000
-1.000
-1.000
-1.000
-1.000
5.960
4.272
4.153
-1.000
-1.000
-1.000
-1.000
-1.000
-1.000
6.102
-1.000
-1.000
4.347
-1.000
-1.000
-1.000
3.631
4.345
-1.000
2.565
-1.000
-1.000
-1.000
-1.000
-1.000
4.930
-1.000
-1.000
-1.000
-1.000
-1.000
4.569
-1.000
5.100
-1.000
-1.000
-1.000
-1.000
-1.000
4.253
4.075
-1.000
-1.000
-1.000
-1.000
-1.000
-1.000
3.490
-1.000
3.187
-1.000
-1.000
-1.000
-1.000
-1.000
4.450
4.435
-1.000
6.009
-1.000
-1.000
-1.000
-1.000
-1.000
-1.000
-1.000
-1.000
-1.000
-1.000
-1.000
-1.000
-1.000
-1.000
-1.000
-1.000
-1.000
-1.000
-1.000
-1.000
-1.000
-1.000
-1.000
-1.000
4.512
-1.000
4.532
-1.000
-1.000
-1.000
-1.000
4.225
-1.000
4.166
-1.000
-1.000
3.684
-1.000
-1.000
-1.000
-1.000
-1.000
5.728
-1.000
-1.000
3.837
-1.000
-1.000
-1.000
4.110
-1.000
-1.000
-1.000
4.938
-1.000
-1.000
-1.000
-1.000
-1.000
-1.000
-1.000
3.649
4.735
4.124
-1.000
-1.000
-1.000
-1.000
-1.000
-1.000
-1.000
-1.000
4.336
3.769
-1.000
-1.000
-1.000
4.801
-1.000
-1.000
3.342
3.952
4.792
-1.000
-1.000
5.411
-1.000
-1.000
-1.000
-1.000
-1.000
4.332
-1.000
-1.000
-1.000
-1.000
-1.000
-1.000
-1.000
-1.000
-1.000
-1.000
-1.000
4.029
-1.000
-1.000
-1.000
-1.000
-1.000
-1.000
-1.000
-1.000
-1.000
3.658
-1.000
-1.000
-1.000
-1.000
3.651
4.161
-1.000
-1.000
-1.000
3.884
4.274
-1.000
-1.000
-1.000
4.388
-1.000
-1.000
-1.000
-1.000
-1.000
4.312
4.315
-1.000
3.515
-1.000
3.972
-1.000
4.497
4.236
-1.000
-1.000
-1.000
-1.000
5.472
5.006
4.650
-1.000
-1.000
-1.000
-1.000
-1.000
3.861
-1.000
-1.000
-1.000
-1.000
5.768
-1.000
-1.000
-1.000
4.489
-1.000
-1.000
-1.000
-1.000
-1.000
-1.000
-1.000
5.065
-1.000
-1.000
-1.000
-1.000
-1.000
-1.000
-1.000
-1.000
-1.000
-1.000
-1.000
3.119
4.326
3.535
-1.000
-1.000
-1.000
-1.000
-1.000
-1.000
3.814
4.530
-1.000
4.527
4.903
-1.000
-1.000
-1.000
-1.000
-1.000
-1.000
-1.000
-1.000
3.969
-1.000
-1.000
-1.000
-1.000
5.141
4.927
-1.000
-1.000
-1.000
-1.000
-1.000
-1.000
-1.000
-1.000
-1.000
-1.000
-1.000
-1.000
-1.000
-1.000
-1.000
-1.000
-1.000
4.283
5.258
-1.000
-1.000
5.432
-1.000
-1.000
-1.000
-1.000
-1.000
-1.000
-1.000
2.202
-1.000
-1.000
-1.000
5.141
-1.000
-1.000
-1.000
-1.000
-1.000
-1.000
-1.000
-1.000
-1.000
3.626
4.190
-1.000
4.278
-1.000
4.041
-1.000
-1.000
-1.000
-1.000
-1.000
-1.000
-1.000
-1.000
4.211
-1.000
-1.000
-1.000
-1.000
-1.000
-1.000
4.319
-1.000
-1.000
-1.000
3.731
-1.000
-1.000
-1.000
4.334
-1.000
-1.000
3.812
-1.000
-1.000
-1.000
-1.000
-1.000
-1.000
-1.000
-1.000
-1.000
5.952
5.091
-1.000
-1.000
-1.000
-1.000
4.840
-1.000
-1.000
3.543
-1.000
-1.000
-1.000
-1.000
-1.000
3.717
-1.000
-1.000
4.465
-1.000
4.070
-1.000
-1.000
4.572
-1.000
-1.000
3.536
-1.000
-1.000
-1.000
4.541
-1.000
-1.000
-1.000
-1.000
4.365
-1.000
-1.000
3.898
-1.000
-1.000
-1.000
-1.000
-1.000
-1.000
-1.000
3.897
-1.000
-1.000
-1.000
-1.000
-1.000
-1.000
3.873
4.810
2.875
-1.000
5.328
-1.000
5.243
-1.000
-1.000
-1.000
-1.000
-1.000
-1.000
4.778
-1.000
-1.000
-1.000
-1.000
-1.000
-1.000
5.336
-1.000
6.144
5.714
-1.000
-1.000
-1.000
-1.000
-1.000
4.499
-1.000
-1.000
-1.000
-1.000
4.577
4.855
-1.000
-1.000
3.004
-1.000
-1.000
-1.000
-1.000
-1.000
-1.000
-1.000
-1.000
-1.000
-1.000
-1.000
-1.000
-1.000
-1.000
-1.000
-1.000
4.903
-1.000
-1.000
4.933
-1.000
-1.000
-1.000
2.859
-1.000
-1.000
-1.000
-1.000
-1.000
-1.000
-1.000
-1.000
-1.000
-1.000
-1.000
-1.000
-1.000
3.827
4.549
-1.000
-1.000
-1.000
4.332
-1.000
3.652
-1.000
4.848
4.944
4.655
-1.000
-1.000
-1.000
-1.000
-1.000
-1.000
4.419
-1.000
-1.000
-1.000
-1.000
-1.000
-1.000
-1.000
-1.000
-1.000
-1.000
-1.000
4.190
3.800
3.015
4.741
-1.000
-1.000
-1.000
-1.000
4.012
-1.000
-1.000
-1.000
-1.000
-1.000
-1.000
4.141
-1.000
-1.000
-1.000
5.110
-1.000
-1.000
-1.000
5.596
4.745
-1.000
-1.000
4.313
-1.000
-1.000
3.712
-1.000
-1.000
-1.000
-1.000
3.558
-1.000
-1.000
-1.000
-1.000
-1.000
6.266
-1.000
-1.000
-1.000
-1.000
-1.000
4.996
-1.000
-1.000
-1.000
-1.000
4.488
-1.000
-1.000
-1.000
-1.000
-1.000
-1.000
-1.000
-1.000
4.121
-1.000
-1.000
-1.000
-1.000
-1.000
-1.000
-1.000
-1.000
4.371
-1.000
-1.000
-1.000
4.343
-1.000
4.852
-1.000
-1.000
-1.000
-1.000
-1.000
3.670
3.877
-1.000
-1.000
-1.000
-1.000
-1.000
-1.000
-1.000
-1.000
-1.000
3.691
-1.000
4.806
-1.000
-1.000
-1.000
-1.000
4.580
-1.000
5.158
4.782
4.721
-1.000
-1.000
5.833
4.317
-1.000
-1.000
-1.000
3.913
-1.000
-1.000
-1.000
4.701
-1.000
-1.000
-1.000
-1.000
-1.000
-1.000
-1.000
5.275
-1.000
3.719
-1.000
-1.000
4.095
3.752
-1.000
-1.000
-1.000
-1.000
-1.000
-1.000
-1.000
4.423
4.198
-1.000
-1.000
-1.000
-1.000
-1.000
3.595
3.102
4.267
4.624
-1.000
-1.000
-1.000
3.660
4.717
-1.000
4.194
-1.000
-1.000
-1.000
-1.000
-1.000
-1.000
3.256
5.018
-1.000
-1.000
-1.000
-1.000
-1.000
4.040
-1.000
-1.000
-1.000
-1.000
-1.000
-1.000
-1.000
-1.000
-1.000
4.345
-1.000
3.217
-1.000
-1.000
-1.000
-1.000
-1.000
-1.000
5.044
-1.000
-1.000
3.122
-1.000
5.471
3.922
-1.000
-1.000
3.315
-1.000
3.989
-1.000
-1.000
-1.000
-1.000
3.896
-1.000
-1.000
-1.000
-1.000
-1.000
-1.000
4.243
4.664
3.864
-1.000
-1.000
-1.000
-1.000
3.430
4.565
-1.000
-1.000
-1.000
-1.000
-1.000
4.140
-1.000
-1.000
-1.000
-1.000
4.253
-1.000
-1.000
-1.000
-1.000
4.434
-1.000
-1.000
-1.000
-1.000
-1.000
-1.000
-1.000
-1.000
-1.000
-1.000
-1.000
-1.000
5.210
4.285
-1.000
4.473
4.233
-1.000
-1.000
-1.000
-1.000
-1.000
4.451
-1.000
-1.000
-1.000
-1.000
-1.000
5.687
-1.000
4.466
-1.000
3.931
-1.000
-1.000
-1.000
-1.000
3.420
-1.000
4.103
-1.000
-1.000
-1.000
-1.000
-1.000
-1.000
-1.000
-1.000
-1.000
3.707
-1.000
4.713
-1.000
-1.000
-1.000
-1.000
4.435
3.828
-1.000
-1.000
4.420
-1.000
4.214
-1.000
3.915
4.950
-1.000
-1.000
-1.000
3.414
-1.000
-1.000
-1.000
-1.000
-1.000
-1.000
-1.000
-1.000
-1.000
-1.000
-1.000
4.556
-1.000
-1.000
-1.000
5.712
5.634
4.489
-1.000
-1.000
-1.000
3.892
-1.000
4.414
-1.000
-1.000
-1.000
-1.000
3.943
-1.000
-1.000
-1.000
-1.000
-1.000
-1.000
-1.000
-1.000
-1.000
-1.000
-1.000
-1.000
-1.000
4.059
4.212
-1.000
-1.000
-1.000
-1.000
-1.000
-1.000
-1.000
-1.000
-1.000
3.378
-1.000
-1.000
-1.000
-1.000
-1.000
-1.000
-1.000
-1.000
-1.000
4.355
-1.000
-1.000
5.172
4.959
4.080
-1.000
-1.000
-1.000
-1.000
-1.000
3.218
-1.000
3.315
4.465
-1.000
-1.000
-1.000
2.944
-1.000
4.630
-1.000
-1.000
-1.000
-1.000
3.913
-1.000
-1.000
-1.000
3.713
4.796
4.631
-1.000
-1.000
-1.000
-1.000
-1.000
4.302
3.720
4.707
2.977
-1.000
-1.000
-1.000
-1.000
4.818
6.143
4.815
3.285
-1.000
-1.000
-1.000
-1.000
-1.000
-1.000
-1.000
-1.000
3.992
-1.000
4.255
-1.000
4.151
-1.000
4.187
-1.000
5.173
-1.000
-1.000
3.088
-1.000
-1.000
-1.000
-1.000
-1.000
-1.000
-1.000
-1.000
5.239
-1.000
-1.000
-1.000
3.845
3.982
-1.000
3.341
-1.000
-1.000
3.163
-1.000
-1.000
4.332
-1.000
-1.000
-1.000
-1.000
-1.000
-1.000
-1.000
5.114
5.459
3.858
-1.000
-1.000
-1.000
-1.000
-1.000
-1.000
-1.000
-1.000
3.253
4.576
4.463
-1.000
-1.000
-1.000
-1.000
-1.000
-1.000
-1.000
-1.000
4.084
3.834
4.720
-1.000
4.679
-1.000
-1.000
-1.000
-1.000
-1.000
-1.000
-1.000
-1.000
4.715
-1.000
-1.000
-1.000
-1.000
-1.000
-1.000
-1.000
-1.000
-1.000
-1.000
-1.000
4.943
-1.000
-1.000
4.124
-1.000
-1.000
-1.000
3.528
-1.000
-1.000
-1.000
-1.000
-1.000
-1.000
4.300
-1.000
-1.000
-1.000
3.820
5.588
4.291
-1.000
-1.000
-1.000
-1.000
-1.000
-1.000
-1.000
5.076
-1.000
-1.000
-1.000
-1.000
-1.000
-1.000
4.670
-1.000
4.047
-1.000
-1.000
-1.000
-1.000
-1.000
-1.000
-1.000
4.732
-1.000
-1.000
-1.000
2.853
-1.000
-1.000
-1.000
3.441
-1.000
4.425
-1.000
3.845
-1.000
-1.000
-1.000
-1.000
-1.000
-1.000
-1.000
-1.000
-1.000
-1.000
5.462
-1.000
2.696
-1.000
4.919
3.869
-1.000
-1.000
-1.000
-1.000
-1.000
-1.000
-1.000
-1.000
5.067
-1.000
-1.000
-1.000
-1.000
-1.000
-1.000
-1.000
5.322
-1.000
-1.000
4.060
-1.000
-1.000
4.476
4.272
5.821
-1.000
-1.000
-1.000
-1.000
-1.000
3.654
-1.000
-1.000
4.724
-1.000
-1.000
-1.000
5.563
5.802
-1.000
-1.000
5.268
4.799
-1.000
-1.000
-1.000
-1.000
3.985
-1.000
-1.000
-1.000
-1.000
-1.000
-1.000
-1.000
-1.000
-1.000
-1.000
-1.000
-1.000
-1.000
-1.000
3.719
-1.000
-1.000
4.327
-1.000
-1.000
-1.000
4.811
-1.000
-1.000
4.308
-1.000
4.315
-1.000
4.158
-1.000
4.170
-1.000
5.919
4.815
-1.000
-1.000
-1.000
-1.000
-1.000
4.779
-1.000
-1.000
-1.000
-1.000
-1.000
-1.000
-1.000
-1.000
-1.000
-1.000
-1.000
5.346
-1.000
-1.000
-1.000
-1.000
-1.000
-1.000
-1.000
-1.000
-1.000
-1.000
-1.000
-1.000
-1.000
-1.000
-1.000
4.349
-1.000
4.358
-1.000
3.904
4.397
-1.000
-1.000
-1.000
-1.000
-1.000
4.754
-1.000
-1.000
5.628
-1.000
-1.000
5.591
-1.000
-1.000
-1.000
-1.000
-1.000
-1.000
-1.000
-1.000
-1.000
-1.000
3.624
-1.000
4.254
-1.000
4.163
-1.000
-1.000
2.994
-1.000
5.244
-1.000
3.903
4.487
-1.000
-1.000
-1.000
-1.000
-1.000
4.019
-1.000
-1.000
5.575
-1.000
-1.000
-1.000
-1.000
-1.000
-1.000
-1.000
-1.000
-1.000
5.128
-1.000
4.185
-1.000
-1.000
-1.000
4.152
-1.000
-1.000
-1.000
3.184
-1.000
3.641
5.109
4.304
-1.000
-1.000
4.342
-1.000
-1.000
-1.000
-1.000
-1.000
-1.000
-1.000
4.204
6.216
-1.000
-1.000
-1.000
-1.000
-1.000
4.201
4.940
-1.000
5.146
4.240
-1.000
-1.000
3.960
-1.000
-1.000
-1.000
-1.000
-1.000
-1.000
-1.000
-1.000
-1.000
-1.000
-1.000
-1.000
4.425
4.465
4.143
-1.000
-1.000
3.250
4.633
-1.000
-1.000
-1.000
-1.000
-1.000
-1.000
-1.000
-1.000
-1.000
4.477
-1.000
-1.000
4.134
-1.000
-1.000
-1.000
-1.000
-1.000
3.772
-1.000
-1.000
-1.000
-1.000
-1.000
5.033
-1.000
-1.000
4.872
-1.000
-1.000
-1.000
-1.000
-1.000
-1.000
-1.000
-1.000
-1.000
-1.000
-1.000
-1.000
5.081
-1.000
-1.000
4.388
-1.000
-1.000
-1.000
-1.000
4.839
-1.000
3.604
3.201
-1.000
-1.000
-1.000
-1.000
-1.000
-1.000
4.214
-1.000
-1.000
-1.000
-1.000
-1.000
-1.000
3.959
-1.000
-1.000
-1.000
-1.000
-1.000
-1.000
3.054
-1.000
-1.000
5.237
-1.000
4.056
-1.000
5.539
-1.000
-1.000
5.206
-1.000
5.248
-1.000
-1.000
-1.000
4.017
4.144
-1.000
-1.000
-1.000
-1.000
3.858
-1.000
-1.000
-1.000
-1.000
4.098
-1.000
-1.000
-1.000
-1.000
-1.000
-1.000
-1.000
-1.000
-1.000
-1.000
-1.000
-1.000
-1.000
-1.000
-1.000
-1.000
-1.000
3.978
-1.000
-1.000
-1.000
-1.000
-1.000
-1.000
4.738
-1.000
-1.000
3.433
-1.000
-1.000
3.577
-1.000
-1.000
-1.000
-1.000
-1.000
-1.000
-1.000
3.857
3.802
-1.000
-1.000
4.485
-1.000
-1.000
-1.000
-1.000
4.155
3.767
-1.000
3.967
-1.000
4.203
-1.000
-1.000
-1.000
2.595
2.966
-1.000
-1.000
4.950
-1.000
-1.000
-1.000
-1.000
-1.000
3.250
-1.000
-1.000
-1.000
-1.000
4.758
-1.000
4.195
-1.000
-1.000
-1.000
4.637
-1.000
-1.000
2.795
5.113
4.624
-1.000
-1.000
-1.000
-1.000
-1.000
3.737
-1.000
-1.000
-1.000
4.580
-1.000
-1.000
-1.000
-1.000
-1.000
-1.000
-1.000
-1.000
5.124
-1.000
-1.000
4.441
-1.000
-1.000
-1.000
-1.000
3.278
-1.000
-1.000
-1.000
-1.000
4.211
-1.000
-1.000
-1.000
4.987
4.404
3.467
-1.000
-1.000
-1.000
-1.000
-1.000
4.591
4.295
-1.000
-1.000
-1.000
-1.000
-1.000
3.316
-1.000
4.122
4.176
-1.000
-1.000
-1.000
4.583
-1.000
-1.000
4.300
-1.000
-1.000
4.437
-1.000
-1.000
-1.000
-1.000
-1.000
-1.000
-1.000
-1.000
-1.000
-1.000
4.842
-1.000
5.093
-1.000
4.320
-1.000
-1.000
-1.000
-1.000
-1.000
-1.000
-1.000
-1.000
-1.000
5.510
-1.000
-1.000
-1.000
-1.000
-1.000
-1.000
-1.000
4.415
-1.000
-1.000
-1.000
-1.000
-1.000
4.704
-1.000
-1.000
3.977
-1.000
3.726
4.642
4.444
-1.000
4.140
-1.000
-1.000
-1.000
-1.000
3.151
-1.000
-1.000
-1.000
-1.000
-1.000
4.124
-1.000
-1.000
-1.000
-1.000
-1.000
-1.000
-1.000
-1.000
-1.000
3.048
-1.000
-1.000
-1.000
-1.000
4.406
-1.000
-1.000
-1.000
5.642
3.539
-1.000
-1.000
-1.000
5.111
-1.000
4.439
3.476
-1.000
-1.000
3.190
-1.000
-1.000
4.694
-1.000
-1.000
-1.000
-1.000
-1.000
-1.000
-1.000
-1.000
-1.000
-1.000
-1.000
-1.000
-1.000
-1.000
-1.000
3.962
-1.000
-1.000
-1.000
4.206
-1.000
-1.000
-1.000
-1.000
-1.000
-1.000
-1.000
4.621
-1.000
4.769
3.858
4.272
-1.000
-1.000
5.211
-1.000
-1.000
-1.000
-1.000
-1.000
-1.000
3.725
4.814
4.310
-1.000
-1.000
4.162
4.837
-1.000
-1.000
-1.000
4.612
-1.000
4.174
-1.000
-1.000
-1.000
4.883
-1.000
4.109
-1.000
-1.000
3.947
-1.000
-1.000
-1.000
3.450
-1.000
5.135
-1.000
5.230
-1.000
5.032
4.019
3.660
4.603
-1.000
-1.000
-1.000
-1.000
-1.000
-1.000
-1.000
-1.000
-1.000
-1.000
-1.000
-1.000
-1.000
-1.000
-1.000
4.621
-1.000
4.207
-1.000
5.279
-1.000
-1.000
-1.000
-1.000
-1.000
-1.000
4.775
-1.000
-1.000
-1.000
-1.000
-1.000
-1.000
-1.000
-1.000
3.079
5.040
-1.000
3.782
3.583
-1.000
-1.000
-1.000
-1.000
3.813
4.618
-1.000
3.841
-1.000
6.048
-1.000
4.897
-1.000
-1.000
-1.000
-1.000
-1.000
-1.000
-1.000
-1.000
-1.000
-1.000
-1.000
-1.000
5.716
-1.000
-1.000
-1.000
-1.000
3.910
4.472
-1.000
-1.000
-1.000
-1.000
3.897
3.169
4.020
-1.000
3.203
-1.000
-1.000
-1.000
3.596
5.254
-1.000
-1.000
-1.000
-1.000
-1.000
-1.000
-1.000
-1.000
-1.000
-1.000
-1.000
-1.000
-1.000
-1.000
-1.000
-1.000
4.809
-1.000
-1.000
4.677
-1.000
-1.000
-1.000
3.662
-1.000
-1.000
5.264
3.807
-1.000
3.213
-1.000
-1.000
-1.000
4.173
2.983
-1.000
4.973
-1.000
4.187
-1.000
-1.000
4.068
-1.000
3.927
-1.000
-1.000
-1.000
-1.000
-1.000
-1.000
-1.000
-1.000
-1.000
-1.000
3.804
-1.000
-1.000
5.499
5.887
3.751
-1.000
-1.000
-1.000
-1.000
4.712
4.243
-1.000
-1.000
4.104
-1.000
-1.000
-1.000
-1.000
-1.000
-1.000
3.523
-1.000
-1.000
4.684
5.050
-1.000
-1.000
-1.000
-1.000
-1.000
-1.000
-1.000
4.174
4.547
-1.000
-1.000
-1.000
3.926
5.055
-1.000
3.213
-1.000
5.160
6.167
-1.000
-1.000
5.392
-1.000
4.703
4.666
-1.000
-1.000
-1.000
-1.000
-1.000
-1.000
4.094
4.604
-1.000
-1.000
-1.000
-1.000
-1.000
-1.000
-1.000
-1.000
-1.000
-1.000
-1.000
-1.000
-1.000
4.552
-1.000
-1.000
5.313
-1.000
-1.000
-1.000
-1.000
-1.000
-1.000
5.723
4.380
-1.000
-1.000
-1.000
-1.000
-1.000
-1.000
4.209
4.287
-1.000
-1.000
-1.000
4.738
4.659
4.829
-1.000
-1.000
3.314
-1.000
3.275
-1.000
3.413
2.870
4.167
3.786
-1.000
-1.000
-1.000
3.293
-1.000
-1.000
-1.000
-1.000
-1.000
-1.000
-1.000
4.265
-1.000
-1.000
-1.000
-1.000
4.599
4.421
-1.000
-1.000
5.025
-1.000
2.521
-1.000
3.928
-1.000
-1.000
-1.000
4.728
-1.000
-1.000
-1.000
4.655
-1.000
-1.000
2.971
-1.000
4.829
-1.000
-1.000
2.833
3.500
4.029
-1.000
4.367
-1.000
-1.000
-1.000
3.922
-1.000
-1.000
-1.000
3.078
-1.000
-1.000
3.401
-1.000
-1.000
-1.000
-1.000
-1.000
4.409
4.231
-1.000
-1.000
-1.000
-1.000
-1.000
-1.000
3.993
-1.000
4.387
-1.000
-1.000
-1.000
-1.000
-1.000
4.652
-1.000
4.249
-1.000
-1.000
-1.000
3.283
-1.000
4.308
-1.000
4.262
-1.000
-1.000
-1.000
-1.000
-1.000
-1.000
-1.000
-1.000
4.269
-1.000
3.761
-1.000
-1.000
4.576
-1.000
-1.000
4.412
3.996
-1.000
-1.000
-1.000
-1.000
-1.000
5.377
-1.000
4.548
-1.000
-1.000
-1.000
-1.000
-1.000
-1.000
2.860
-1.000
-1.000
4.974
4.275
4.437
-1.000
-1.000
-1.000
-1.000
-1.000
-1.000
-1.000
-1.000
5.040
3.605
-1.000
-1.000
4.275
-1.000
4.784
-1.000
4.346
-1.000
-1.000
2.942
-1.000
-1.000
-1.000
-1.000
-1.000
-1.000
4.220
-1.000
4.443
3.866
-1.000
-1.000
3.962
-1.000
3.565
-1.000
-1.000
-1.000
-1.000
-1.000
-1.000
-1.000
4.368
4.437
4.801
-1.000
-1.000
-1.000
3.277
4.413
4.380
-1.000
4.138
-1.000
4.190
-1.000
-1.000
-1.000
5.552
4.496
-1.000
-1.000
-1.000
-1.000
-1.000
-1.000
4.782
-1.000
5.149
-1.000
6.033
-1.000
3.928
-1.000
-1.000
3.849
3.608
-1.000
-1.000
-1.000
-1.000
-1.000
-1.000
4.824
-1.000
-1.000
4.948
-1.000
-1.000
-1.000
4.190
3.591
4.030
-1.000
-1.000
-1.000
4.241
-1.000
-1.000
-1.000
-1.000
-1.000
-1.000
3.986
4.114
-1.000
5.175
-1.000
-1.000
-1.000
-1.000
3.989
-1.000
-1.000
3.481
5.356
-1.000
-1.000
4.542
3.710
-1.000
-1.000
3.487
-1.000
3.933
-1.000
-1.000
-1.000
3.384
-1.000
3.850
-1.000
-1.000
-1.000
-1.000
-1.000
-1.000
-1.000
4.543
-1.000
-1.000
-1.000
-1.000
5.394
5.214
-1.000
-1.000
-1.000
4.340
-1.000
-1.000
-1.000
-1.000
4.019
-1.000
-1.000
-1.000
-1.000
-1.000
-1.000
-1.000
3.243
5.132
-1.000
3.933
4.254
5.061
4.384
4.381
-1.000
-1.000
-1.000
-1.000
4.708
-1.000
-1.000
5.097
3.689
-1.000
-1.000
-1.000
1.818
4.280
3.851
-1.000
-1.000
4.322
-1.000
-1.000
-1.000
3.346
-1.000
5.190
4.159
-1.000
-1.000
-1.000
3.376
3.829
-1.000
-1.000
-1.000
4.025
-1.000
3.905
-1.000
-1.000
-1.000
-1.000
2.351
4.016
4.180
-1.000
-1.000
-1.000
-1.000
4.743
-1.000
-1.000
4.085
-1.000
-1.000
-1.000
-1.000
-1.000
-1.000
-1.000
-1.000
-1.000
-1.000
-1.000
-1.000
-1.000
5.459
-1.000
-1.000
-1.000
-1.000
-1.000
-1.000
4.041
-1.000
-1.000
-1.000
-1.000
-1.000
5.637
4.469
-1.000
3.395
3.711
-1.000
-1.000
-1.000
-1.000
3.679
-1.000
-1.000
-1.000
4.436
-1.000
-1.000
4.530
-1.000
-1.000
-1.000
-1.000
-1.000
-1.000
-1.000
4.630
-1.000
-1.000
-1.000
-1.000
-1.000
-1.000
4.543
4.402
-1.000
5.123
-1.000
4.639
-1.000
4.704
-1.000
-1.000
-1.000
-1.000
-1.000
-1.000
3.948
5.431
-1.000
-1.000
-1.000
5.008
4.008
-1.000
3.807
5.925
4.677
-1.000
-1.000
3.410
-1.000
4.174
-1.000
3.796
-1.000
4.798
-1.000
2.935
5.033
-1.000
-1.000
3.507
5.524
5.384
3.972
3.266
4.722
3.720
-1.000
4.720
-1.000
4.280
-1.000
4.255
-1.000
-1.000
-1.000
-1.000
3.269
-1.000
5.174
-1.000
-1.000
3.199
3.647
5.365
3.361
3.471
-1.000
4.212
3.895
4.419
-1.000
-1.000
4.359
-1.000
3.996
-1.000
-1.000
3.918
4.839
-1.000
-1.000
-1.000
3.309
-1.000
4.956
3.903
-1.000
3.745
-1.000
-1.000
-1.000
-1.000
3.265
-1.000
3.489
-1.000
2.908
-1.000
-1.000
-1.000
-1.000
-1.000
-1.000
5.097
2.774
-1.000
-1.000
-1.000
3.498
4.170
4.797
-1.000
3.993
-1.000
-1.000
3.470
-1.000
-1.000
-1.000
3.847
3.280
-1.000
-1.000
-1.000
3.216
-1.000
5.563
-1.000
-1.000
-1.000
-1.000
-1.000
-1.000
-1.000
3.946
-1.000
3.632
-1.000
4.020
-1.000
-1.000
3.229
-1.000
3.499
-1.000
-1.000
4.371
-1.000
-1.000
-1.000
3.730
-1.000
-1.000
-1.000
3.579
3.984
4.512
-1.000
-1.000
4.804
-1.000
-1.000
5.633
5.788
4.932
4.144
-1.000
3.702
4.103
-1.000
3.576
-1.000
3.779
-1.000
-1.000
4.355
-1.000
-1.000
-1.000
-1.000
-1.000
4.549
4.408
-1.000
-1.000
3.984
4.296
-1.000
-1.000
-1.000
-1.000
4.046
-1.000
3.186
-1.000
-1.000
-1.000
-1.000
-1.000
4.884
-1.000
-1.000
-1.000
3.241
-1.000
-1.000
4.250
5.720
3.760
-1.000
3.939
-1.000
-1.000
4.564
-1.000
-1.000
-1.000
-1.000
-1.000
4.314
-1.000
-1.000
-1.000
-1.000
-1.000
-1.000
-1.000
-1.000
-1.000
4.447
-1.000
-1.000
-1.000
-1.000
4.245
-1.000
4.005
4.625
-1.000
4.299
-1.000
-1.000
3.511
3.699
-1.000
2.852
-1.000
3.764
2.722
4.194
-1.000
4.622
-1.000
-1.000
-1.000
-1.000
-1.000
4.709
-1.000
4.401
-1.000
-1.000
-1.000
-1.000
-1.000
3.689
4.241
-1.000
4.372
3.960
-1.000
-1.000
-1.000
-1.000
-1.000
3.944
3.162
-1.000
4.297
4.385
3.620
3.902
4.945
4.450
2.824
-1.000
4.451
-1.000
3.911
4.423
-1.000
-1.000
4.231
3.607
4.276
-1.000
-1.000
-1.000
-1.000
-1.000
-1.000
-1.000
-1.000
-1.000
-1.000
-1.000
-1.000
-1.000
4.040
4.246
-1.000
-1.000
-1.000
4.653
4.228
3.875
-1.000
4.264
3.610
-1.000
-1.000
-1.000
-1.000
-1.000
-1.000
-1.000
3.195
-1.000
-1.000
4.141
3.739
-1.000
4.221
5.334
-1.000
-1.000
-1.000
-1.000
-1.000
-1.000
-1.000
-1.000
-1.000
-1.000
-1.000
3.746
-1.000
-1.000
4.538
3.329
-1.000
3.821
-1.000
4.816
4.572
-1.000
5.962
3.111
-1.000
-1.000
3.938
3.620
-1.000
-1.000
3.543
4.934
3.536
-1.000
-1.000
-1.000
-1.000
5.629
-1.000
3.532
-1.000
-1.000
4.458
4.216
-1.000
-1.000
-1.000
3.438
3.762
-1.000
-1.000
3.453
3.612
3.678
-1.000
4.297
3.697
4.273
5.210
-1.000
-1.000
4.420
-1.000
-1.000
4.345
-1.000
4.380
-1.000
4.254
4.527
3.578
-1.000
3.792
-1.000
-1.000
3.609
4.223
-1.000
-1.000
3.753
-1.000
4.622
4.085
3.792
-1.000
-1.000
3.429
4.326
-1.000
5.048
4.722
-1.000
-1.000
-1.000
3.411
4.118
-1.000
-1.000
4.290
3.924
-1.000
3.606
-1.000
-1.000
3.761
4.427
4.538
-1.000
-1.000
4.086
3.666
-1.000
4.192
-1.000
4.315
4.729
-1.000
3.898
-1.000
3.825
4.330
3.881
-1.000
-1.000
4.394
3.742
3.331
3.861
4.171
-1.000
-1.000
-1.000
3.019
-1.000
3.600
-1.000
-1.000
3.218
4.487
4.154
-1.000
5.164
-1.000
-1.000
3.420
-1.000
3.218
2.987
3.142
5.340
-1.000
3.909
-1.000
3.225
4.914
-1.000
-1.000
3.502
5.227
-1.000
3.328
-1.000
5.450
-1.000
3.550
3.788
-1.000
5.170
-1.000
4.562
3.806
3.752
3.681
2.663
4.872
-1.000
3.638
-1.000
4.011
-1.000
-1.000
4.832
-1.000
-1.000
-1.000
-1.000
3.678
3.887
4.040
3.712
3.012
-1.000
4.862
-1.000
3.282
3.371
3.601
-1.000
3.939
4.113
3.501
3.649
-1.000
-1.000
3.151
5.029
-1.000
4.514
4.401
4.644
4.462
2.808
-1.000
-1.000
-1.000
4.816
-1.000
-1.000
4.292
-1.000
4.281
3.147
-1.000
-1.000
3.643
-1.000
3.711
3.816
3.901
-1.000
3.423
-1.000
-1.000
3.936
-1.000
4.219
-1.000
3.267
3.734
-1.000
3.005
4.802
-1.000
4.117
5.125
-1.000
3.925
3.496
-1.000
-1.000
4.063
-1.000
3.075
-1.000
3.189
4.422
-1.000
5.640
3.876
3.252
3.617
3.847
-1.000
4.236
4.848
4.569
3.513
3.801
3.664
3.893
4.756
4.948
-1.000
1.991
3.701
6.294
-1.000
3.820
3.483
3.120
-1.000
-1.000
-1.000
3.224
4.464
-1.000
4.407
-1.000
5.019
-1.000
-1.000
3.813
-1.000
3.181
-1.000
-1.000
4.000
4.190
4.102
-1.000
-1.000
4.253
4.148
-1.000
3.205
4.682
-1.000
3.318
3.436
-1.000
3.166
-1.000
3.355
-1.000
-1.000
3.775
-1.000
4.310
4.614
3.777
-1.000
-1.000
-1.000
4.133
-1.000
4.547
-1.000
3.883
5.524
4.012
-1.000
4.626
-1.000
4.113
3.422
4.144
-1.000
-1.000
-1.000
3.889
-1.000
4.203
-1.000
3.621
4.283
-1.000
-1.000
3.089
3.544
3.692
-1.000
3.376
5.481
-1.000
4.318
3.784
-1.000
3.460
2.992
4.055
-1.000
3.083
-1.000
2.177
-1.000
3.082
-1.000
-1.000
4.224
3.686
-1.000
4.667
5.024
4.423
-1.000
4.489
-1.000
-1.000
4.342
-1.000
-1.000
3.466
3.759
-1.000
-1.000
2.651
-1.000
-1.000
-1.000
3.585
4.668
4.093
3.398
-1.000
3.150
5.046
-1.000
-1.000
4.028
-1.000
4.317
-1.000
3.590
4.049
-1.000
-1.000
-1.000
3.082
-1.000
3.658
-1.000
-1.000
-1.000
-1.000
-1.000
-1.000
3.955
-1.000
3.893
3.770
4.247
3.629
-1.000
-1.000
-1.000
-1.000
4.060
-1.000
3.856
4.172
3.077
4.061
-1.000
4.083
5.116
4.363
5.023
1.077
3.486
-1.000
4.276
4.340
-1.000
4.959
2.010
-1.000
-1.000
-1.000
3.667
2.445
-1.000
-1.000
-1.000
4.289
5.567
-1.000
-1.000
3.226
3.380
4.190
-1.000
-1.000
4.486
4.163
4.009
4.126
-1.000
4.725
-1.000
3.112
3.374
-1.000
-1.000
4.851
3.477
3.885
-1.000
-1.000
-1.000
2.523
4.825
2.754
3.606
3.955
3.127
3.760
5.342
-1.000
3.954
-1.000
-1.000
4.077
-1.000
3.149
-1.000
-1.000
-1.000
-1.000
4.293
-1.000
3.194
-1.000
-1.000
4.320
3.997
-1.000
-1.000
-1.000
2.769
5.233
-1.000
3.412
5.041
-1.000
5.957
3.473
3.519
-1.000
3.838
3.558
3.411
-1.000
3.335
-1.000
-1.000
3.737
2.967
3.912
-1.000
-1.000
-1.000
-1.000
4.038
-1.000
-1.000
-1.000
-1.000
4.238
3.660
-1.000
-1.000
4.691
5.746
3.513
3.710
4.408
-1.000
-1.000
3.698
-1.000
-1.000
4.750
3.667
-1.000
4.256
-1.000
-1.000
3.143
3.738
-1.000
4.100
-1.000
-1.000
3.074
4.472
-1.000
-1.000
4.435
4.183
5.118
4.441
4.494
3.227
-1.000
4.768
3.625
4.208
-1.000
3.857
-1.000
4.601
3.899
-1.000
-1.000
-1.000
3.706
3.745
2.970
4.091
-1.000
3.544
-1.000
-1.000
-1.000
3.391
-1.000
2.303
-1.000
3.443
-1.000
3.712
5.489
4.512
-1.000
3.465
2.750
3.883
-1.000
-1.000
4.155
4.641
-1.000
-1.000
3.011
-1.000
-1.000
-1.000
-1.000
4.256
4.204
3.259
3.860
4.060
4.131
-1.000
-1.000
-1.000
-1.000
3.317
3.223
-1.000
-1.000
4.903
3.039
-1.000
3.526
-1.000
-1.000
-1.000
-1.000
-1.000
4.130
2.443
4.885
-1.000
3.540
-1.000
1.986
2.543
4.589
-1.000
-1.000
-1.000
3.077
-1.000
3.987
-1.000
3.570
4.735
-1.000
-1.000
4.661
-1.000
3.700
4.754
-1.000
4.329
4.020
-1.000
4.804
5.881
3.555
-1.000
3.439
-1.000
-1.000
-1.000
4.223
-1.000
4.067
-1.000
3.363
4.834
4.610
-1.000
-1.000
3.949
-1.000
-1.000
-1.000
-1.000
-1.000
5.262
-1.000
-1.000
5.033
-1.000
-1.000
3.819
4.986
-1.000
4.229
2.954
4.008
-1.000
-1.000
-1.000
4.243
4.890
-1.000
4.087
5.112
-1.000
-1.000
-1.000
3.691
4.058
-1.000
-1.000
2.948
-1.000
3.241
5.187
-1.000
4.799
4.225
3.337
3.748
3.591
-1.000
-1.000
-1.000
3.343
-1.000
4.629
4.341
4.375
4.575
3.976
5.032
3.701
-1.000
-1.000
2.123
-1.000
-1.000
-1.000
3.738
4.387
-1.000
4.391
4.511
-1.000
-1.000
4.835
-1.000
3.710
-1.000
3.340
-1.000
4.675
3.522
3.429
5.047
-1.000
-1.000
3.545
6.110
-1.000
5.067
-1.000
4.054
-1.000
-1.000
5.190
-1.000
-1.000
-1.000
-1.000
4.028
4.305
-1.000
2.340
4.583
3.980
4.206
-1.000
3.623
-1.000
3.333
-1.000
5.143
4.489
5.672
4.492
2.619
3.335
3.082
3.868
3.910
-1.000
3.469
-1.000
-1.000
3.788
-1.000
3.412
4.558
-1.000
3.474
3.248
3.197
-1.000
4.801
3.172
-1.000
3.601
-1.000
3.793
-1.000
3.882
3.347
5.081
-1.000
-1.000
3.109
-1.000
-1.000
-1.000
-1.000
4.779
-1.000
-1.000
-1.000
3.283
-1.000
2.985
1.528
-1.000
-1.000
-1.000
3.896
4.131
4.018
-1.000
-1.000
5.476
-1.000
-1.000
3.783
4.990
3.456
3.791
4.298
-1.000
-1.000
-1.000
-1.000
-1.000
-1.000
3.511
-1.000
4.469
-1.000
3.464
4.469
-1.000
-1.000
3.573
3.423
-1.000
4.155
4.447
-1.000
4.110
-1.000
-1.000
4.705
-1.000
4.490
4.088
4.637
4.328
2.802
-1.000
3.868
-1.000
4.833
4.015
3.428
3.591
4.649
-1.000
3.688
3.784
-1.000
-1.000
-1.000
3.089
-1.000
4.816
-1.000
-1.000
4.054
4.210
4.642
3.122
2.348
5.525
3.122
3.401
-1.000
4.287
-1.000
-1.000
-1.000
4.248
-1.000
-1.000
4.157
3.808
-1.000
3.239
3.796
3.777
-1.000
5.765
-1.000
-1.000
3.681
3.566
3.676
4.193
-1.000
4.859
4.085
-1.000
3.535
-1.000
-1.000
4.064
-1.000
3.631
4.327
4.277
4.110
3.131
3.613
-1.000
-1.000
3.102
3.807
-1.000
-1.000
-1.000
4.960
-1.000
3.875
5.194
-1.000
3.675
-1.000
3.385
4.081
3.252
4.081
-1.000
-1.000
-1.000
3.855
3.047
4.504
4.889
-1.000
4.298
3.574
-1.000
-1.000
-1.000
3.162
-1.000
4.547
-1.000
-1.000
-1.000
3.850
4.756
4.678
3.442
-1.000
-1.000
-1.000
3.709
-1.000
3.545
-1.000
4.501
5.035
-1.000
3.600
-1.000
-1.000
4.351
-1.000
3.539
-1.000
-1.000
4.119
-1.000
3.908
4.324
4.721
-1.000
3.656
-1.000
-1.000
-1.000
3.829
-1.000
5.869
4.361
4.550
-1.000
-1.000
3.765
-1.000
4.943
3.808
3.493
-1.000
3.145
4.531
3.416
4.455
-1.000
-1.000
5.680
-1.000
-1.000
-1.000
2.736
5.587
3.919
-1.000
4.413
-1.000
-1.000
-1.000
4.968
3.832
4.459
4.043
3.971
-1.000
-1.000
3.519
3.684
-1.000
3.939
3.777
3.999
-1.000
-1.000
3.970
-1.000
-1.000
-1.000
3.595
3.055
6.355
3.720
-1.000
3.991
-1.000
3.411
3.910
3.513
3.980
3.802
4.598
-1.000
3.290
-1.000
3.768
-1.000
3.046
3.180
-1.000
-1.000
6.103
-1.000
3.694
4.682
-1.000
4.829
-1.000
-1.000
3.751
3.669
3.650
-1.000
3.642
4.497
-1.000
3.914
-1.000
-1.000
3.730
-1.000
-1.000
-1.000
2.765
3.497
3.981
4.260
4.448
3.465
-1.000
3.576
3.611
4.304
-1.000
-1.000
3.122
-1.000
-1.000
-1.000
4.773
-1.000
-1.000
4.004
3.491
4.508
3.672
4.302
4.215
3.643
4.010
-1.000
5.787
3.544
4.685
2.719
3.803
4.762
-1.000
4.387
-1.000
-1.000
-1.000
3.866
3.618
-1.000
4.132
4.022
-1.000
-1.000
3.150
3.165
3.663
3.851
3.929
-1.000
-1.000
3.968
-1.000
3.074
3.947
3.805
4.316
3.128
4.821
4.550
-1.000
3.740
-1.000
-1.000
-1.000
4.939
-1.000
3.247
-1.000
4.122
-1.000
-1.000
2.550
-1.000
-1.000
-1.000
3.848
-1.000
4.709
-1.000
4.101
-1.000
4.218
4.010
-1.000
-1.000
-1.000
4.038
2.977
3.219
-1.000
-1.000
4.746
-1.000
3.920
4.067
-1.000
-1.000
-1.000
2.469
3.932
-1.000
4.280
3.943
-1.000
3.535
4.606
3.202
3.778
-1.000
4.693
-1.000
-1.000
4.650
4.217
3.472
-1.000
4.608
5.116
-1.000
3.895
-1.000
-1.000
-1.000
3.182
4.395
5.452
-1.000
-1.000
-1.000
3.665
-1.000
-1.000
4.108
3.402
-1.000
4.241
-1.000
2.902
4.184
4.133
-1.000
-1.000
-1.000
-1.000
-1.000
5.097
4.306
-1.000
3.977
-1.000
3.687
-1.000
-1.000
4.360
3.022
-1.000
4.309
-1.000
5.677
4.532
4.245
-1.000
-1.000
-1.000
-1.000
6.119
-1.000
-1.000
4.418
3.782
5.713
2.221
2.694
5.011
-1.000
4.295
4.124
-1.000
-1.000
2.666
-1.000
4.189
-1.000
2.620
-1.000
5.936
-1.000
-1.000
-1.000
4.027
-1.000
4.230
3.896
3.915
5.230
4.037
-1.000
3.366
-1.000
3.912
-1.000
2.770
4.176
-1.000
4.086
4.218
3.091
3.945
3.454
4.472
-1.000
4.158
3.646
4.247
-1.000
2.887
3.640
-1.000
4.296
-1.000
3.865
-1.000
3.365
-1.000
-1.000
3.312
-1.000
4.359
2.644
3.722
-1.000
4.757
-1.000
4.565
2.935
-1.000
3.179
-1.000
-1.000
-1.000
-1.000
-1.000
3.622
-1.000
-1.000
4.387
-1.000
3.978
-1.000
3.504
4.197
4.496
2.971
5.915
5.666
-1.000
-1.000
-1.000
-1.000
-1.000
3.487
-1.000
4.183
-1.000
-1.000
-1.000
4.515
2.983
3.015
4.478
3.791
3.766
3.772
-1.000
3.783
-1.000
-1.000
3.334
4.487
4.065
3.020
3.199
3.904
4.490
5.766
4.059
3.995
-1.000
3.487
-1.000
3.625
3.699
4.014
4.800
4.502
-1.000
4.098
3.710
-1.000
-1.000
-1.000
3.030
3.453
3.229
3.472
3.725
3.361
3.218
4.206
4.388
-1.000
4.759
3.969
4.839
3.508
-1.000
3.263
-1.000
-1.000
-1.000
5.074
5.011
4.726
-1.000
3.667
3.654
-1.000
-1.000
3.540
4.167
4.729
4.693
-1.000
-1.000
-1.000
3.699
-1.000
-1.000
5.535
-1.000
-1.000
-1.000
4.837
4.650
4.283
-1.000
-1.000
3.625
4.466
5.233
-1.000
3.942
2.364
-1.000
4.564
-1.000
4.479
-1.000
4.438
-1.000
-1.000
4.240
3.758
-1.000
-1.000
-1.000
4.664
4.022
3.455
3.596
3.591
-1.000
3.647
-1.000
-1.000
-1.000
-1.000
3.281
-1.000
-1.000
-1.000
4.061
3.910
4.553
3.657
4.416
4.293
-1.000
-1.000
-1.000
3.825
4.276
-1.000
3.709
-1.000
4.263
-1.000
4.626
4.469
3.339
-1.000
4.579
4.451
-1.000
4.564
3.434
2.794
-1.000
-1.000
-1.000
-1.000
2.794
3.840
3.690
4.290
3.876
-1.000
-1.000
-1.000
4.871
-1.000
4.332
-1.000
4.575
3.866
-1.000
-1.000
4.544
-1.000
-1.000
-1.000
-1.000
-1.000
5.202
4.624
-1.000
3.131
3.787
-1.000
-1.000
3.655
3.472
3.740
3.574
4.677
-1.000
-1.000
-1.000
4.506
3.725
3.319
4.265
-1.000
-1.000
3.743
4.196
-1.000
3.455
4.733
-1.000
4.963
-1.000
3.947
-1.000
-1.000
-1.000
2.695
-1.000
-1.000
4.838
3.186
-1.000
-1.000
-1.000
3.245
-1.000
-1.000
-1.000
-1.000
3.856
3.775
3.825
4.526
3.418
-1.000
3.493
3.273
3.586
-1.000
3.990
3.697
-1.000
-1.000
5.125
5.354
-1.000
3.476
4.329
3.409
-1.000
2.945
-1.000
3.345
4.117
3.436
4.492
3.099
3.178
4.682
5.039
-1.000
-1.000
3.938
-1.000
-1.000
-1.000
4.759
-1.000
-1.000
-1.000
3.430
-1.000
-1.000
4.187
5.080
-1.000
-1.000
3.748
4.798
-1.000
4.306
3.423
-1.000
-1.000
4.360
-1.000
4.119
4.774
4.617
-0.102
-1.000
-1.000
-1.000
-1.000
4.536
-1.000
-1.000
4.072
-1.000
-1.000
2.835
3.441
-1.000
3.520
-1.000
5.087
3.284
4.136
-1.000
-1.000
3.784
-1.000
-1.000
3.254
4.117
5.272
-1.000
4.847
-1.000
4.260
4.677
3.360
5.221
4.198
-1.000
-1.000
4.228
-1.000
4.104
6.305
4.796
-1.000
5.427
-1.000
3.817
-1.000
3.586
-1.000
-1.000
4.708
3.822
3.618
2.975
3.842
-1.000
2.631
-1.000
3.853
-1.000
-1.000
-1.000
3.728
4.290
-1.000
3.291
-1.000
-1.000
3.394
-1.000
3.537
4.098
3.974
3.657
4.040
-1.000
-1.000
3.236
2.930
-1.000
4.192
3.804
-1.000
4.623
-1.000
4.554
-1.000
3.396
3.652
-1.000
4.889
-1.000
3.483
-1.000
-1.000
-1.000
-1.000
3.402
3.662
-1.000
-1.000
3.601
1.928
-1.000
2.779
4.558
5.703
-1.000
4.942
-1.000
3.718
4.457
-1.000
-1.000
4.297
3.327
-1.000
-1.000
4.138
4.228
4.023
-1.000
4.357
3.956
-1.000
-1.000
-1.000
3.853
3.282
5.464
3.877
4.901
-1.000
-1.000
4.306
3.849
3.888
3.779
4.211
-1.000
3.207
3.806
3.683
-1.000
-1.000
4.767
4.435
-1.000
3.952
-1.000
3.940
-1.000
4.656
4.288
-1.000
4.108
3.307
4.471
-1.000
-1.000
-1.000
4.357
4.452
4.233
-1.000
-1.000
5.009
-1.000
-1.000
3.151
3.780
4.226
4.352
4.085
-1.000
4.318
4.394
-1.000
4.471
-1.000
-1.000
-1.000
-1.000
3.247
2.816
-1.000
4.497
-1.000
4.179
3.925
3.964
-1.000
-1.000
3.444
3.505
4.835
3.607
4.919
3.687
-1.000
-1.000
4.939
-1.000
-1.000
5.432
2.682
-1.000
-1.000
-1.000
-1.000
6.013
-1.000
-1.000
-1.000
3.963
4.202
4.795
3.942
4.075
3.986
-1.000
-1.000
-1.000
4.129
4.305
4.595
3.941
3.385
4.110
3.907
3.498
3.425
3.951
4.031
3.668
3.317
4.018
2.551
4.246
4.245
4.266
3.939
-1.000
3.365
4.362
-1.000
-1.000
1.717
4.455
4.723
3.321
5.360
3.763
3.940
4.064
-1.000
5.219
3.663
4.503
-1.000
-1.000
3.632
3.096
3.433
4.532
-1.000
-1.000
4.159
-1.000
4.222
3.470
4.534
3.517
3.421
5.018
3.315
-1.000
-1.000
-1.000
-1.000
4.083
-1.000
-1.000
4.285
3.306
3.446
-1.000
5.551
3.399
-1.000
3.444
2.446
4.033
5.679
-1.000
-1.000
3.147
3.029
3.565
5.462
2.687
3.515
-1.000
-1.000
-1.000
-1.000
6.066
5.984
4.924
-1.000
-1.000
-1.000
-1.000
-1.000
3.260
-1.000
-1.000
3.794
-1.000
3.848
-1.000
-1.000
-1.000
-1.000
3.844
4.006
-1.000
4.193
-1.000
4.738
-1.000
4.726
4.399
3.111
3.746
3.426
3.468
4.382
3.983
3.960
4.122
4.191
5.153
4.996
3.299
5.049
3.287
4.730
-1.000
-1.000
4.076
-1.000
1.845
-1.000
2.575
4.214
4.462
3.874
3.144
5.724
-1.000
-1.000
-1.000
3.213
-1.000
3.358
-1.000
3.727
3.713
3.515
4.164
-1.000
3.832
-1.000
-1.000
-1.000
3.440
-1.000
5.121
3.908
-1.000
-1.000
3.605
-1.000
-1.000
3.684
-1.000
4.120
-1.000
-1.000
3.410
-1.000
3.651
3.670
-1.000
3.918
3.613
4.243
3.466
3.405
-1.000
3.553
-1.000
4.096
-1.000
4.231
3.030
-1.000
4.219
-1.000
3.809
-1.000
2.953
-1.000
3.360
-1.000
-1.000
-1.000
-1.000
3.367
-1.000
-1.000
3.050
3.906
-1.000
3.599
2.806
4.941
3.769
4.080
3.446
3.658
3.085
-1.000
4.765
4.582
3.061
-1.000
3.385
4.503
-1.000
-1.000
2.678
1.960
4.045
3.460
4.207
-1.000
4.056
-1.000
4.441
3.660
-1.000
-1.000
3.697
4.651
3.590
4.414
4.783
-1.000
5.308
-1.000
-1.000
4.461
5.426
3.704
-1.000
-1.000
3.079
4.242
-1.000
4.841
-1.000
4.028
3.737
3.937
3.074
3.973
-1.000
2.773
3.301
4.324
3.010
3.817
-1.000
-1.000
2.338
4.460
-1.000
-1.000
-1.000
-1.000
5.463
-1.000
-1.000
-1.000
3.219
-1.000
-1.000
4.502
3.972
-1.000
3.622
-1.000
4.433
5.781
3.932
-1.000
-1.000
-1.000
2.579
4.029
4.619
-1.000
-1.000
2.881
4.032
3.493
4.340
3.372
3.251
3.274
4.759
3.931
-1.000
-1.000
4.832
-1.000
-1.000
-1.000
4.843
-1.000
-1.000
3.436
-1.000
-1.000
-1.000
-1.000
-1.000
-1.000
-1.000
3.441
3.898
-1.000
3.523
4.088
3.670
-1.000
-1.000
3.411
-1.000
-1.000
-1.000
4.679
-1.000
3.167
4.720
-1.000
-1.000
3.645
5.590
4.740
-1.000
-1.000
3.523
-1.000
-1.000
3.873
-1.000
-1.000
-1.000
-1.000
4.862
3.671
3.773
3.603
2.879
-1.000
3.184
3.936
4.697
4.338
3.554
2.676
3.442
6.145
3.841
3.829
3.660
3.941
4.274
-1.000
4.423
3.741
3.100
3.514
3.621
-1.000
3.592
-1.000
3.890
5.411
-1.000
3.541
4.018
-1.000
3.935
3.665
-1.000
-1.000
4.696
3.949
3.472
-1.000
-1.000
4.139
-1.000
3.641
4.269
4.524
4.121
2.809
4.434
-1.000
3.635
-1.000
4.449
3.405
4.461
3.356
4.350
3.663
-1.000
4.476
3.632
3.649
3.486
5.165
2.961
-1.000
3.170
3.778
-1.000
4.886
3.696
4.809
3.433
-1.000
3.278
-1.000
4.822
3.885
-1.000
-1.000
3.293
2.978
3.482
3.811
3.744
3.806
-1.000
4.701
-1.000
4.020
3.907
4.205
4.474
-1.000
-1.000
4.709
-1.000
3.526
4.242
-1.000
3.446
3.587
3.418
3.809
-1.000
-1.000
-1.000
2.601
4.695
-1.000
3.166
3.555
3.446
-1.000
-1.000
3.449
2.797
3.325
4.154
3.672
-1.000
-1.000
3.871
4.410
3.742
3.980
-1.000
-1.000
4.701
3.268
3.535
4.382
5.133
3.697
3.806
4.660
-1.000
-1.000
3.309
3.437
-1.000
3.175
2.940
-1.000
3.032
-1.000
3.251
-1.000
3.570
4.055
4.558
3.637
3.395
5.335
4.062
-1.000
3.116
-1.000
3.352
-1.000
-1.000
-1.000
3.879
4.461
4.326
4.225
3.854
4.236
-1.000
3.457
-1.000
4.873
3.353
-1.000
3.441
4.000
4.328
5.133
4.775
4.198
3.392
-1.000
-1.000
4.342
-1.000
3.215
-1.000
-1.000
3.433
5.154
4.594
4.889
4.281
3.801
4.462
3.488
4.499
-1.000
3.758
3.336
3.660
4.344
4.331
3.318
5.048
3.747
-1.000
-1.000
-1.000
4.131
-1.000
4.457
3.268
4.263
-1.000
-1.000
4.528
3.249
3.318
-1.000
4.137
3.768
4.578
3.344
4.175
3.364
-1.000
-1.000
3.602
-1.000
3.273
3.273
-1.000
3.842
-1.000
3.676
3.083
-1.000
4.551
-1.000
-1.000
3.816
4.112
3.843
-1.000
3.254
-1.000
4.666
3.877
3.780
4.391
3.707
4.799
5.147
3.971
3.333
5.384
3.517
4.196
4.034
3.850
4.475
3.478
3.987
-1.000
-1.000
-1.000
3.617
-1.000
-1.000
4.371
3.950
-1.000
-1.000
3.561
-1.000
-1.000
2.796
-1.000
3.885
4.784
-1.000
-1.000
-1.000
-1.000
-1.000
3.919
-1.000
-1.000
2.829
3.727
3.245
3.890
3.969
3.414
3.424
-1.000
3.801
-1.000
1.819
-1.000
4.843
-1.000
-1.000
4.001
3.753
4.407
3.630
3.366
3.480
-1.000
2.521
3.803
4.648
4.773
-1.000
-1.000
3.551
3.458
3.810
-1.000
3.117
4.383
-1.000
-1.000
-1.000
-1.000
-1.000
2.220
3.573
-1.000
3.412
3.824
3.264
-1.000
3.532
3.341
4.271
-1.000
-1.000
-1.000
4.003
-1.000
-1.000
2.777
4.329
-1.000
3.455
3.563
4.186
3.403
3.162
4.272
-1.000
-1.000
-1.000
3.726
-1.000
-1.000
3.651
4.736
3.450
3.244
-1.000
2.677
-1.000
-1.000
4.119
3.306
4.076
-1.000
4.044
-1.000
4.071
4.055
4.773
3.683
3.518
3.565
3.840
3.667
2.917
-1.000
4.312
4.018
-1.000
-1.000
-1.000
4.448
-1.000
4.118
4.827
-1.000
-1.000
-1.000
3.284
4.674
3.679
4.147
-1.000
-1.000
4.143
2.975
-1.000
-1.000
4.013
4.513
4.377
-1.000
4.183
4.538
4.247
3.219
-1.000
3.879
4.279
3.754
4.122
3.709
-1.000
3.698
-1.000
-1.000
-1.000
-1.000
-1.000
3.829
3.973
2.508
3.962
3.539
3.698
3.396
4.139
3.586
-1.000
6.058
3.876
3.691
3.896
4.253
3.981
-1.000
4.006
3.783
3.952
4.249
2.984
5.174
-1.000
3.537
-1.000
-1.000
-1.000
-1.000
-1.000
-1.000
4.320
3.362
4.336
3.911
4.042
3.794
4.353
-1.000
-1.000
3.932
4.514
3.412
4.305
-1.000
-1.000
3.604
4.660
3.603
3.320
3.492
4.111
4.096
3.818
-1.000
6.118
-1.000
3.329
4.386
4.294
3.814
2.411
3.334
-1.000
4.045
4.517
3.675
4.138
3.584
3.797
3.509
4.689
3.050
4.260
-1.000
3.944
3.407
4.365
-1.000
4.023
-1.000
-1.000
3.705
3.768
3.903
3.609
-1.000
2.776
-1.000
-1.000
3.601
4.318
3.539
4.042
-1.000
3.738
4.330
4.037
5.016
3.898
-1.000
-1.000
2.619
-1.000
4.683
3.813
3.566
5.322
4.125
4.481
2.712
3.632
-1.000
3.979
3.490
-1.000
-1.000
-1.000
-1.000
-1.000
-1.000
-1.000
-1.000
-1.000
-1.000
-1.000
-1.000
-1.000
-1.000
-1.000
-1.000
-1.000
-1.000
-1.000
-1.000
-1.000
-1.000
-1.000
-1.000
-1.000
-1.000
-1.000
-1.000
-1.000
-1.000
-1.000
-1.000
-1.000
3.900
-1.000
-1.000
-1.000
-1.000
-1.000
-1.000
-1.000
-1.000
3.941
-1.000
-1.000
-1.000
-1.000
-1.000
-1.000
-1.000
4.357
-1.000
-1.000
-1.000
-1.000
3.725
3.827
-1.000
-1.000
-1.000
4.356
-1.000
-1.000
-1.000
4.382
-1.000
-1.000
-1.000
3.394
-1.000
-1.000
-1.000
-1.000
-1.000
3.666
3.468
-1.000
-1.000
-1.000
-1.000
-1.000
-1.000
-1.000
-1.000
-1.000
4.225
-1.000
-1.000
-1.000
-1.000
4.278
-1.000
-1.000
-1.000
-1.000
-1.000
4.088
3.269
-1.000
-1.000
-1.000
-1.000
-1.000
4.649
-1.000
-1.000
-1.000
-1.000
-1.000
-1.000
-1.000
-1.000
-1.000
-1.000
-1.000
-1.000
-1.000
-1.000
-1.000
-1.000
-1.000
-1.000
-1.000
-1.000
-1.000
-1.000
-1.000
-1.000
-1.000
-1.000
-1.000
-1.000
-1.000
-1.000
-1.000
-1.000
-1.000
-1.000
-1.000
-1.000
-1.000
-1.000
-1.000
-1.000
-1.000
-1.000
-1.000
-1.000
-1.000
-1.000
-1.000
-1.000
-1.000
-1.000
-1.000
-1.000
-1.000
-1.000
-1.000
-1.000
-1.000
-1.000
-1.000
-1.000
-1.000
-1.000
-1.000
-1.000
-1.000
-1.000
-1.000
-1.000
-1.000
-1.000
-1.000
-1.000
-1.000
-1.000
-1.000
-1.000
-1.000
-1.000
-1.000
-1.000
-1.000
-1.000
-1.000
-1.000
-1.000
-1.000
-1.000
-1.000
-1.000
-1.000
-1.000
-1.000
-1.000
-1.000
-1.000
-1.000
-1.000
-1.000
-1.000
-1.000
-1.000
-1.000
-1.000
-1.000
-1.000
-1.000
-1.000
-1.000
-1.000
-1.000
-1.000
-1.000
-1.000
-1.000
-1.000
-1.000
-1.000
-1.000
-1.000
-1.000
-1.000
-1.000
-1.000
-1.000
-1.000
-1.000
-1.000
-1.000
-1.000
-1.000
-1.000
-1.000
-1.000
-1.000
-1.000
-1.000
-1.000
-1.000
-1.000
-1.000
-1.000
-1.000
-1.000
-1.000
-1.000
-1.000
-1.000
-1.000
-1.000
-1.000
-1.000
-1.000
-1.000
-1.000
3.823
-1.000
-1.000
-1.000
-1.000
-1.000
-1.000
-1.000
4.508
4.315
-1.000
-1.000
-1.000
-1.000
-1.000
-1.000
-1.000
-1.000
-1.000
-1.000
-1.000
-1.000
-1.000
-1.000
-1.000
-1.000
-1.000
-1.000
-1.000
-1.000
-1.000
-1.000
-1.000
-1.000
-1.000
-1.000
-1.000
-1.000
-1.000
-1.000
-1.000
-1.000
-1.000
-1.000
-1.000
-1.000
-1.000
-1.000
-1.000
-1.000
-1.000
-1.000
-1.000
-1.000
-1.000
-1.000
-1.000
-1.000
-1.000
-1.000
-1.000
-1.000
-1.000
-1.000
-1.000
-1.000
-1.000
-1.000
-1.000
-1.000
-1.000
-1.000
-1.000
-1.000
-1.000
-1.000
-1.000
-1.000
-1.000
-1.000
-1.000
4.540
-1.000
-1.000
-1.000
-1.000
-1.000
-1.000
-1.000
-1.000
3.863
-1.000
-1.000
-1.000
-1.000
-1.000
-1.000
-1.000
-1.000
-1.000
-1.000
-1.000
-1.000
-1.000
-1.000
-1.000
-1.000
-1.000
-1.000
-1.000
-1.000
4.073
-1.000
-1.000
-1.000
-1.000
-1.000
-1.000
-1.000
-1.000
-1.000
-1.000
-1.000
-1.000
-1.000
-1.000
-1.000
-1.000
-1.000
-1.000
-1.000
4.388
3.586
-1.000
-1.000
-1.000
-1.000
-1.000
4.558
-1.000
-1.000
-1.000
-1.000
-1.000
-1.000
-1.000
-1.000
-1.000
-1.000
-1.000
-1.000
-1.000
-1.000
-1.000
-1.000
-1.000
-1.000
4.308
-1.000
-1.000
-1.000
-1.000
-1.000
-1.000
-1.000
-1.000
-1.000
3.860
-1.000
-1.000
-1.000
-1.000
-1.000
-1.000
-1.000
-1.000
-1.000
-1.000
-1.000
-1.000
-1.000
-1.000
-1.000
4.159
-1.000
-1.000
-1.000
-1.000
4.494
-1.000
-1.000
-1.000
-1.000
-1.000
-1.000
-1.000
-1.000
-1.000
-1.000
-1.000
-1.000
-1.000
-1.000
-1.000
-1.000
-1.000
-1.000
-1.000
-1.000
-1.000
-1.000
-1.000
-1.000
-1.000
-1.000
-1.000
-1.000
-1.000
-1.000
-1.000
-1.000
-1.000
-1.000
-1.000
-1.000
-1.000
-1.000
-1.000
-1.000
-1.000
-1.000
-1.000
-1.000
-1.000
-1.000
-1.000
-1.000
-1.000
-1.000
-1.000
-1.000
-1.000
-1.000
-1.000
-1.000
-1.000
-1.000
-1.000
-1.000
-1.000
-1.000
-1.000
-1.000
-1.000
-1.000
-1.000
-1.000
-1.000
-1.000
-1.000
-1.000
-1.000
-1.000
-1.000
-1.000
-1.000
4.723
-1.000
-1.000
-1.000
-1.000
-1.000
-1.000
-1.000
-1.000
-1.000
-1.000
-1.000
-1.000
-1.000
4.018
5.138
-1.000
-1.000
-1.000
-1.000
4.142
-1.000
4.650
-1.000
-1.000
-1.000
-1.000
-1.000
-1.000
-1.000
-1.000
-1.000
-1.000
-1.000
-1.000
-1.000
-1.000
-1.000
-1.000
-1.000
-1.000
-1.000
-1.000
5.076
5.411
-1.000
-1.000
-1.000
-1.000
-1.000
-1.000
-1.000
-1.000
-1.000
-1.000
-1.000
-1.000
-1.000
-1.000
-1.000
-1.000
3.913
3.189
-1.000
3.216
-1.000
-1.000
-1.000
-1.000
4.493
-1.000
-1.000
-1.000
-1.000
-1.000
-1.000
-1.000
-1.000
-1.000
-1.000
-1.000
-1.000
-1.000
-1.000
-1.000
-1.000
-1.000
-1.000
3.770
-1.000
-1.000
5.111
-1.000
-1.000
-1.000
-1.000
-1.000
4.904
-1.000
-1.000
4.803
-1.000
-1.000
-1.000
-1.000
-1.000
-1.000
4.543
-1.000
4.922
-1.000
-1.000
-1.000
-1.000
-1.000
-1.000
-1.000
-1.000
-1.000
-1.000
-1.000
-1.000
-1.000
-1.000
-1.000
-1.000
-1.000
-1.000
-1.000
-1.000
-1.000
-1.000
-1.000
-1.000
5.056
5.018
-1.000
-1.000
4.073
-1.000
4.775
-1.000
-1.000
-1.000
-1.000
-1.000
-1.000
5.341
-1.000
-1.000
-1.000
-1.000
-1.000
5.164
-1.000
-1.000
-1.000
-1.000
-1.000
-1.000
-1.000
-1.000
4.909
-1.000
-1.000
-1.000
-1.000
-1.000
-1.000
-1.000
-1.000
-1.000
-1.000
-1.000
-1.000
-1.000
4.401
4.731
-1.000
-1.000
4.596
-1.000
-1.000
-1.000
-1.000
-1.000
-1.000
-1.000
-1.000
-1.000
-1.000
-1.000
-1.000
-1.000
5.215
-1.000
-1.000
-1.000
-1.000
4.851
-1.000
-1.000
-1.000
-1.000
-1.000
-1.000
-1.000
-1.000
-1.000
-1.000
-1.000
-1.000
-1.000
-1.000
-1.000
-1.000
-1.000
-1.000
-1.000
-1.000
-1.000
-1.000
-1.000
-1.000
-1.000
4.525
4.005
-1.000
4.787
4.727
-1.000
-1.000
-1.000
4.010
3.424
-1.000
-1.000
4.103
4.732
-1.000
-1.000
-1.000
-1.000
-1.000
-1.000
-1.000
3.993
-1.000
4.079
-1.000
-1.000
-1.000
-1.000
5.091
4.184
-1.000
-1.000
3.925
-1.000
-1.000
-1.000
-1.000
-1.000
-1.000
-1.000
-1.000
-1.000
-1.000
-1.000
4.619
-1.000
-1.000
-1.000
4.770
-1.000
-1.000
-1.000
-1.000
-1.000
-1.000
-1.000
-1.000
-1.000
-1.000
5.379
-1.000
-1.000
-1.000
4.724
-1.000
-1.000
-1.000
-1.000
-1.000
-1.000
-1.000
-1.000
-1.000
-1.000
-1.000
-1.000
-1.000
-1.000
-1.000
-1.000
-1.000
-1.000
-1.000
-1.000
-1.000
4.608
-1.000
-1.000
-1.000
-1.000
-1.000
-1.000
-1.000
-1.000
3.727
-1.000
-1.000
-1.000
-1.000
-1.000
-1.000
-1.000
-1.000
-1.000
-1.000
-1.000
-1.000
-1.000
-1.000
-1.000
-1.000
-1.000
-1.000
4.514
-1.000
-1.000
-1.000
-1.000
-1.000
-1.000
-1.000
4.249
-1.000
-1.000
-1.000
-1.000
-1.000
-1.000
-1.000
-1.000
-1.000
-1.000
-1.000
-1.000
4.827
-1.000
-1.000
-1.000
-1.000
-1.000
-1.000
-1.000
-1.000
-1.000
-1.000
-1.000
-1.000
-1.000
-1.000
5.376
4.090
-1.000
-1.000
-1.000
-1.000
-1.000
-1.000
4.904
-1.000
-1.000
-1.000
-1.000
-1.000
-1.000
-1.000
3.040
-1.000
-1.000
-1.000
3.260
-1.000
-1.000
-1.000
-1.000
4.147
-1.000
4.890
4.501
-1.000
-1.000
-1.000
-1.000
5.081
-1.000
-1.000
-1.000
-1.000
5.329
-1.000
-1.000
4.360
-1.000
-1.000
-1.000
-1.000
-1.000
-1.000
-1.000
-1.000
-1.000
4.663
-1.000
4.397
4.560
-1.000
-1.000
4.958
-1.000
-1.000
-1.000
-1.000
-1.000
-1.000
-1.000
-1.000
-1.000
4.345
-1.000
-1.000
-1.000
-1.000
-1.000
5.123
-1.000
5.485
-1.000
-1.000
4.402
-1.000
-1.000
-1.000
-1.000
-1.000
-1.000
-1.000
-1.000
-1.000
4.632
-1.000
-1.000
-1.000
-1.000
4.687
-1.000
-1.000
-1.000
-1.000
5.181
-1.000
-1.000
-1.000
-1.000
-1.000
-1.000
-1.000
-1.000
5.092
-1.000
-1.000
-1.000
-1.000
-1.000
-1.000
-1.000
-1.000
-1.000
-1.000
-1.000
-1.000
-1.000
-1.000
-1.000
4.490
-1.000
-1.000
-1.000
-1.000
-1.000
-1.000
-1.000
-1.000
-1.000
-1.000
-1.000
-1.000
-1.000
-1.000
-1.000
-1.000
-1.000
-1.000
-1.000
4.153
4.292
-1.000
-1.000
-1.000
-1.000
-1.000
4.192
-1.000
-1.000
-1.000
-1.000
-1.000
-1.000
-1.000
-1.000
-1.000
-1.000
-1.000
-1.000
-1.000
-1.000
-1.000
-1.000
-1.000
-1.000
-1.000
-1.000
-1.000
-1.000
-1.000
-1.000
-1.000
-1.000
-1.000
-1.000
-1.000
-1.000
-1.000
-1.000
-1.000
-1.000
-1.000
-1.000
-1.000
-1.000
-1.000
2.925
-1.000
-1.000
-1.000
-1.000
-1.000
-1.000
-1.000
-1.000
-1.000
-1.000
-1.000
-1.000
-1.000
-1.000
-1.000
-1.000
-1.000
-1.000
-1.000
-1.000
-1.000
-1.000
-1.000
-1.000
-1.000
-1.000
3.477
-1.000
-1.000
-1.000
-1.000
-1.000
-1.000
-1.000
-1.000
-1.000
-1.000
-1.000
-1.000
-1.000
-1.000
-1.000
-1.000
-1.000
-1.000
-1.000
-1.000
-1.000
-1.000
-1.000
-1.000
-1.000
-1.000
-1.000
-1.000
-1.000
-1.000
-1.000
-1.000
-1.000
-1.000
-1.000
-1.000
-1.000
-1.000
-1.000
-1.000
-1.000
-1.000
-1.000
-1.000
-1.000
-1.000
-1.000
-1.000
-1.000
-1.000
-1.000
-1.000
-1.000
-1.000
-1.000
-1.000
-1.000
-1.000
-1.000
-1.000
-1.000
-1.000
-1.000
-1.000
-1.000
3.424
-1.000
-1.000
-1.000
-1.000
-1.000
-1.000
-1.000
-1.000
-1.000
-1.000
-1.000
-1.000
-1.000
-1.000
-1.000
-1.000
-1.000
-1.000
-1.000
-1.000
-1.000
-1.000
-1.000
-1.000
-1.000
-1.000
-1.000
-1.000
-1.000
-1.000
-1.000
-1.000
-1.000
-1.000
-1.000
-1.000
-1.000
-1.000
-1.000
-1.000
-1.000
3.618
-1.000
-1.000
-1.000
-1.000
-1.000
-1.000
-1.000
-1.000
-1.000
-1.000
-1.000
-1.000
-1.000
-1.000
-1.000
-1.000
-1.000
-1.000
-1.000
-1.000
-1.000
-1.000
-1.000
-1.000
-1.000
-1.000
-1.000
-1.000
-1.000
-1.000
-1.000
-1.000
-1.000
-1.000
-1.000
-1.000
-1.000
-1.000
-1.000
-1.000
-1.000
-1.000
-1.000
-1.000
4.376
-1.000
-1.000
-1.000
-1.000
-1.000
-1.000
-1.000
-1.000
-1.000
-1.000
-1.000
-1.000
-1.000
-1.000
-1.000
-1.000
-1.000
-1.000
-1.000
-1.000
-1.000
-1.000
-1.000
-1.000
-1.000
-1.000
-1.000
-1.000
-1.000
-1.000
-1.000
-1.000
-1.000
-1.000
4.172
-1.000
-1.000
-1.000
-1.000
-1.000
-1.000
-1.000
-1.000
-1.000
-1.000
-1.000
4.689
-1.000
-1.000
-1.000
-1.000
-1.000
-1.000
-1.000
-1.000
-1.000
-1.000
-1.000
-1.000
-1.000
-1.000
4.285
-1.000
-1.000
-1.000
-1.000
-1.000
-1.000
-1.000
-1.000
-1.000
-1.000
4.475
-1.000
-1.000
-1.000
-1.000
-1.000
-1.000
-1.000
-1.000
-1.000
-1.000
-1.000
-1.000
-1.000
4.198
-1.000
-1.000
-1.000
-1.000
-1.000
-1.000
4.061
-1.000
-1.000
-1.000
-1.000
4.899
4.418
-1.000
-1.000
-1.000
-1.000
-1.000
-1.000
-1.000
-1.000
4.516
-1.000
-1.000
-1.000
4.770
-1.000
-1.000
-1.000
-1.000
-1.000
-1.000
-1.000
-1.000
4.376
4.873
-1.000
-1.000
-1.000
-1.000
-1.000
-1.000
-1.000
4.391
-1.000
-1.000
-1.000
-1.000
-1.000
-1.000
-1.000
-1.000
-1.000
4.578
-1.000
-1.000
-1.000
-1.000
-1.000
-1.000
-1.000
-1.000
-1.000
5.244
-1.000
4.343
-1.000
-1.000
-1.000
-1.000
-1.000
-1.000
-1.000
-1.000
-1.000
-1.000
-1.000
-1.000
-1.000
-1.000
-1.000
-1.000
5.058
4.317
-1.000
-1.000
-1.000
-1.000
-1.000
-1.000
4.414
4.070
-1.000
4.111
5.010
-1.000
-1.000
-1.000
4.767
-1.000
-1.000
4.093
-1.000
-1.000
-1.000
-1.000
-1.000
-1.000
-1.000
3.935
-1.000
-1.000
-1.000
-1.000
-1.000
-1.000
-1.000
-1.000
-1.000
-1.000
-1.000
-1.000
-1.000
-1.000
-1.000
-1.000
-1.000
-1.000
-1.000
-1.000
-1.000
-1.000
-1.000
-1.000
-1.000
-1.000
-1.000
-1.000
-1.000
-1.000
-1.000
-1.000
-1.000
-1.000
-1.000
-1.000
-1.000
-1.000
-1.000
-1.000
-1.000
-1.000
-1.000
-1.000
-1.000
-1.000
-1.000
-1.000
-1.000
-1.000
-1.000
-1.000
-1.000
-1.000
-1.000
-1.000
-1.000
-1.000
-1.000
-1.000
-1.000
-1.000
-1.000
-1.000
-1.000
-1.000
-1.000
-1.000
-1.000
-1.000
-1.000
-1.000
-1.000
-1.000
-1.000
-1.000
-1.000
-1.000
-1.000
-1.000
-1.000
-1.000
-1.000
-1.000
-1.000
-1.000
-1.000
3.767
-1.000
-1.000
-1.000
-1.000
-1.000
-1.000
-1.000
3.736
-1.000
-1.000
-1.000
-1.000
-1.000
-1.000
-1.000
-1.000
-1.000
-1.000
-1.000
-1.000
-1.000
-1.000
-1.000
-1.000
-1.000
-1.000
-1.000
-1.000
-1.000
-1.000
-1.000
-1.000
3.164
-1.000
-1.000
2.592
-1.000
-1.000
-1.000
4.607
3.864
-1.000
-1.000
-1.000
-1.000
3.733
-1.000
-1.000
-1.000
-1.000
-1.000
-1.000
-1.000
-1.000
-1.000
-1.000
-1.000
-1.000
3.169
-1.000
-1.000
-1.000
-1.000
-1.000
-1.000
-1.000
-1.000
-1.000
-1.000
-1.000
-1.000
-1.000
-1.000
-1.000
-1.000
-1.000
-1.000
-1.000
-1.000
-1.000
-1.000
-1.000
-1.000
-1.000
-1.000
-1.000
-1.000
-1.000
-1.000
-1.000
-1.000
-1.000
-1.000
-1.000
-1.000
-1.000
-1.000
-1.000
-1.000
-1.000
-1.000
-1.000
-1.000
-1.000
-1.000
-1.000
-1.000
-1.000
-1.000
-1.000
-1.000
-1.000
-1.000
-1.000
-1.000
-1.000
-1.000
-1.000
-1.000
-1.000
-1.000
-1.000
-1.000
-1.000
-1.000
-1.000
-1.000
-1.000
-1.000
-1.000
-1.000
-1.000
-1.000
-1.000
4.019
-1.000
-1.000
-1.000
-1.000
-1.000
-1.000
-1.000
-1.000
-1.000
-1.000
-1.000
-1.000
-1.000
4.085
-1.000
-1.000
-1.000
-1.000
-1.000
3.461
-1.000
-1.000
-1.000
-1.000
-1.000
-1.000
-1.000
-1.000
-1.000
-1.000
-1.000
-1.000
-1.000
-1.000
-1.000
-1.000
-1.000
-1.000
4.100
-1.000
-1.000
-1.000
4.121
3.931
-1.000
-1.000
-1.000
-1.000
-1.000
-1.000
-1.000
-1.000
-1.000
-1.000
-1.000
-1.000
-1.000
-1.000
-1.000
-1.000
-1.000
-1.000
4.010
-1.000
-1.000
-1.000
-1.000
-1.000
4.358
-1.000
-1.000
-1.000
-1.000
-1.000
-1.000
-1.000
4.261
4.024
4.154
-1.000
-1.000
-1.000
-1.000
4.669
-1.000
-1.000
-1.000
-1.000
-1.000
-1.000
-1.000
-1.000
-1.000
-1.000
-1.000
4.338
-1.000
-1.000
-1.000
-1.000
4.498
-1.000
-1.000
-1.000
4.279
-1.000
-1.000
-1.000
-1.000
-1.000
4.334
-1.000
3.245
-1.000
-1.000
-1.000
-1.000
-1.000
-1.000
-1.000
-1.000
-1.000
-1.000
-1.000
-1.000
-1.000
-1.000
-1.000
-1.000
-1.000
-1.000
-1.000
-1.000
-1.000
-1.000
-1.000
-1.000
-1.000
-1.000
-1.000
-1.000
-1.000
-1.000
-1.000
-1.000
-1.000
-1.000
-1.000
-1.000
-1.000
-1.000
-1.000
-1.000
-1.000
-1.000
-1.000
2.551
-1.000
-1.000
-1.000
4.014
-1.000
-1.000
-1.000
-1.000
-1.000
-1.000
3.882
-1.000
-1.000
-1.000
-1.000
3.878
-1.000
-1.000
3.600
-1.000
4.255
-1.000
-1.000
-1.000
-1.000
-1.000
-1.000
3.579
-1.000
-1.000
-1.000
-1.000
-1.000
-1.000
-1.000
-1.000
-1.000
-1.000
-1.000
-1.000
-1.000
-1.000
-1.000
-1.000
-1.000
-1.000
-1.000
-1.000
-1.000
-1.000
-1.000
-1.000
-1.000
-1.000
-1.000
-1.000
-1.000
-1.000
-1.000
-1.000
-1.000
-1.000
-1.000
-1.000
-1.000
-1.000
-1.000
-1.000
-1.000
-1.000
-1.000
-1.000
-1.000
-1.000
-1.000
-1.000
-1.000
-1.000
-1.000
-1.000
-1.000
-1.000
-1.000
-1.000
-1.000
-1.000
-1.000
-1.000
-1.000
-1.000
-1.000
-1.000
-1.000
-1.000
-1.000
-1.000
-1.000
-1.000
-1.000
-1.000
-1.000
-1.000
-1.000
-1.000
-1.000
-1.000
-1.000
-1.000
-1.000
-1.000
-1.000
-1.000
-1.000
-1.000
-1.000
-1.000
-1.000
-1.000
-1.000
-1.000
-1.000
-1.000
-1.000
-1.000
-1.000
-1.000
-1.000
-1.000
-1.000
-1.000
-1.000
-1.000
-1.000
-1.000
-1.000
-1.000
-1.000
-1.000
-1.000
-1.000
-1.000
-1.000
-1.000
-1.000
3.914
-1.000
-1.000
-1.000
4.729
-1.000
-1.000
-1.000
-1.000
-1.000
-1.000
-1.000
-1.000
-1.000
-1.000
-1.000
-1.000
-1.000
-1.000
-1.000
3.879
-1.000
-1.000
-1.000
-1.000
-1.000
-1.000
-1.000
-1.000
-1.000
4.295
-1.000
-1.000
-1.000
-1.000
-1.000
-1.000
-1.000
4.055
-1.000
-1.000
-1.000
-1.000
-1.000
4.010
-1.000
4.029
-1.000
3.755
-1.000
-1.000
3.017
-1.000
-1.000
-1.000
-1.000
-1.000
-1.000
-1.000
-1.000
-1.000
-1.000
-1.000
-1.000
-1.000
-1.000
4.659
-1.000
-1.000
-1.000
-1.000
-1.000
-1.000
-1.000
-1.000
-1.000
-1.000
-1.000
-1.000
4.957
-1.000
-1.000
-1.000
-1.000
3.643
-1.000
4.806
-1.000
-1.000
-1.000
-1.000
-1.000
-1.000
-1.000
4.193
-1.000
-1.000
-1.000
-1.000
-1.000
4.404
-1.000
-1.000
-1.000
-1.000
-1.000
-1.000
-1.000
-1.000
4.331
3.907
-1.000
-1.000
-1.000
-1.000
-1.000
-1.000
-1.000
4.569
-1.000
-1.000
-1.000
-1.000
3.736
4.165
-1.000
-1.000
-1.000
-1.000
-1.000
-1.000
2.960
3.767
3.876
4.815
4.501
-1.000
-1.000
-1.000
-1.000
-1.000
-1.000
-1.000
-1.000
-1.000
-1.000
4.175
4.168
-1.000
-1.000
-1.000
-1.000
-1.000
-1.000
-1.000
4.555
-1.000
-1.000
-1.000
-1.000
-1.000
-1.000
-1.000
-1.000
-1.000
3.775
-1.000
-1.000
4.682
-1.000
-1.000
-1.000
-1.000
-1.000
-1.000
-1.000
-1.000
-1.000
5.123
-1.000
-1.000
-1.000
-1.000
-1.000
-1.000
-1.000
5.061
-1.000
3.374
4.387
-1.000
-1.000
-1.000
4.782
-1.000
-1.000
-1.000
-1.000
-1.000
-1.000
-1.000
-1.000
-1.000
4.692
-1.000
-1.000
3.881
-1.000
-1.000
-1.000
-1.000
-1.000
-1.000
-1.000
-1.000
-1.000
4.793
3.346
-1.000
-1.000
-1.000
-1.000
-1.000
-1.000
-1.000
3.906
-1.000
-1.000
-1.000
-1.000
-1.000
4.801
-1.000
4.011
-1.000
-1.000
4.037
-1.000
-1.000
-1.000
-1.000
-1.000
4.738
4.535
-1.000
-1.000
-1.000
-1.000
-1.000
-1.000
-1.000
-1.000
-1.000
4.708
4.368
-1.000
-1.000
-1.000
4.222
4.808
-1.000
-1.000
-1.000
-1.000
-1.000
4.361
-1.000
-1.000
-1.000
-1.000
3.768
-1.000
-1.000
-1.000
-1.000
5.159
-1.000
-1.000
-1.000
-1.000
-1.000
-1.000
-1.000
-1.000
-1.000
-1.000
-1.000
-1.000
-1.000
4.688
-1.000
-1.000
-1.000
-1.000
-1.000
-1.000
-1.000
-1.000
4.772
-1.000
-1.000
3.404
-1.000
-1.000
-1.000
-1.000
-1.000
-1.000
-1.000
-1.000
-1.000
-1.000
-1.000
-1.000
-1.000
-1.000
-1.000
-1.000
-1.000
-1.000
-1.000
4.957
-1.000
-1.000
-1.000
-1.000
-1.000
-1.000
-1.000
-1.000
-1.000
-1.000
-1.000
-1.000
-1.000
-1.000
-1.000
-1.000
-1.000
-1.000
-1.000
4.461
-1.000
-1.000
-1.000
5.156
-1.000
-1.000
-1.000
-1.000
-1.000
-1.000
-1.000
-1.000
-1.000
-1.000
-1.000
-1.000
-1.000
-1.000
4.052
-1.000
-1.000
3.007
4.244
-1.000
-1.000
-1.000
-1.000
-1.000
-1.000
-1.000
-1.000
-1.000
-1.000
-1.000
-1.000
-1.000
3.933
-1.000
4.900
5.326
3.882
-1.000
-1.000
-1.000
4.578
-1.000
3.830
-1.000
-1.000
-1.000
-1.000
-1.000
-1.000
-1.000
-1.000
4.026
-1.000
-1.000
-1.000
-1.000
-1.000
4.395
-1.000
-1.000
-1.000
-1.000
-1.000
-1.000
-1.000
-1.000
4.092
-1.000
3.856
-1.000
-1.000
-1.000
-1.000
-1.000
-1.000
-1.000
-1.000
-1.000
-1.000
-1.000
4.380
-1.000
3.234
-1.000
-1.000
-1.000
-1.000
-1.000
3.747
4.464
4.709
4.434
3.456
-1.000
-1.000
-1.000
2.489
4.218
5.233
-1.000
3.004
-1.000
3.746
-1.000
-1.000
4.586
3.493
-1.000
-1.000
-1.000
3.350
-1.000
-1.000
3.914
-1.000
4.022
4.150
-1.000
-1.000
3.982
-1.000
-1.000
-1.000
4.219
-1.000
-1.000
-1.000
-1.000
-1.000
3.006
-1.000
-1.000
-1.000
-1.000
-1.000
-1.000
-1.000
4.795
-1.000
3.801
4.359
-1.000
-1.000
-1.000
-1.000
-1.000
-1.000
-1.000
-1.000
5.022
4.291
-1.000
4.174
-1.000
-1.000
-1.000
-1.000
3.493
4.749
-1.000
-1.000
-1.000
-1.000
-1.000
-1.000
-1.000
-1.000
-1.000
-1.000
-1.000
-1.000
-1.000
-1.000
-1.000
-1.000
-1.000
-1.000
-1.000
-1.000
-1.000
-1.000
-1.000
-1.000
-1.000
-1.000
-1.000
-1.000
-1.000
-1.000
-1.000
-1.000
-1.000
-1.000
-1.000
-1.000
-1.000
-1.000
-1.000
-1.000
-1.000
-1.000
-1.000
-1.000
-1.000
-1.000
-1.000
-1.000
-1.000
-1.000
-1.000
-1.000
-1.000
-1.000
-1.000
-1.000
-1.000
-1.000
-1.000
-1.000
-1.000
-1.000
-1.000
-1.000
-1.000
3.734
-1.000
-1.000
-1.000
-1.000
-1.000
-1.000
-1.000
-1.000
-1.000
-1.000
-1.000
-1.000
-1.000
-1.000
-1.000
-1.000
-1.000
-1.000
-1.000
-1.000
-1.000
-1.000
-1.000
-1.000
-1.000
-1.000
-1.000
-1.000
-1.000
-1.000
-1.000
-1.000
-1.000
-1.000
-1.000
-1.000
5.506
-1.000
3.821
-1.000
-1.000
4.249
-1.000
4.114
3.042
4.470
4.099
2.947
3.764
3.271
3.230
2.992
-1.000
-1.000
4.478
-1.000
-1.000
-1.000
-1.000
5.479
4.247
-1.000
-1.000
4.577
-1.000
3.925
3.844
-1.000
-1.000
4.453
-1.000
-1.000
4.563
3.394
-1.000
-1.000
-1.000
-1.000
-1.000
3.961
-1.000
4.436
3.872
3.458
-1.000
-1.000
-1.000
4.219
-1.000
-1.000
-1.000
3.975
4.989
5.568
-1.000
-1.000
-1.000
4.941
-1.000
3.101
3.826
5.083
-1.000
-1.000
-1.000
4.599
-1.000
-1.000
-1.000
-1.000
-1.000
-1.000
-1.000
4.114
-1.000
3.351
-1.000
-1.000
-1.000
-1.000
-1.000
-1.000
4.156
-1.000
-1.000
-1.000
-1.000
-1.000
-1.000
4.274
-1.000
5.123
4.865
-1.000
4.684
3.920
3.851
-1.000
3.784
-1.000
-1.000
4.954
-1.000
-1.000
-1.000
-1.000
-1.000
4.192
-1.000
5.223
-1.000
-1.000
-1.000
-1.000
-1.000
4.122
-1.000
3.128
-1.000
3.917
-1.000
3.582
3.327
4.996
-1.000
3.992
-1.000
-1.000
-1.000
-1.000
-1.000
-1.000
-1.000
-1.000
-1.000
-1.000
-1.000
-1.000
-1.000
-1.000
-1.000
-1.000
-1.000
-1.000
-1.000
-1.000
-1.000
-1.000
3.564
-1.000
-1.000
3.866
-1.000
-1.000
-1.000
-1.000
-1.000
-1.000
-1.000
-1.000
-1.000
-1.000
-1.000
-1.000
-1.000
-1.000
-1.000
-1.000
-1.000
-1.000
-1.000
-1.000
-1.000
-1.000
-1.000
-1.000
-1.000
-1.000
-1.000
-1.000
-1.000
4.551
-1.000
-1.000
-1.000
-1.000
-1.000
-1.000
-1.000
-1.000
-1.000
-1.000
-1.000
4.556
-1.000
-1.000
4.542
4.328
-1.000
-1.000
-1.000
-1.000
-1.000
3.448
-1.000
-1.000
4.377
-1.000
-1.000
-1.000
3.779
-1.000
-1.000
-1.000
-1.000
-1.000
-1.000
4.307
-1.000
-1.000
-1.000
-1.000
4.422
-1.000
-1.000
-1.000
-1.000
3.549
4.310
-1.000
-1.000
-1.000
4.717
3.845
-1.000
-1.000
4.549
-1.000
3.736
4.525
-1.000
-1.000
-1.000
-1.000
4.489
4.112
-1.000
-1.000
-1.000
3.836
-1.000
4.242
3.978
-1.000
-1.000
4.254
-1.000
3.318
-1.000
-1.000
-1.000
-1.000
4.534
-1.000
-1.000
-1.000
-1.000
-1.000
-1.000
4.762
-1.000
-1.000
-1.000
-1.000
4.474
-1.000
-1.000
3.889
-1.000
4.254
-1.000
-1.000
-1.000
-1.000
-1.000
4.960
4.543
-1.000
4.873
-1.000
-1.000
4.215
-1.000
-1.000
-1.000
-1.000
-1.000
-1.000
-1.000
-1.000
-1.000
-1.000
-1.000
-1.000
-1.000
-1.000
-1.000
-1.000
-1.000
-1.000
-1.000
-1.000
-1.000
-1.000
-1.000
-1.000
-1.000
-1.000
-1.000
-1.000
-1.000
-1.000
-1.000
-1.000
-1.000
-1.000
-1.000
-1.000
-1.000
-1.000
-1.000
-1.000
-1.000
-1.000
-1.000
-1.000
-1.000
-1.000
-1.000
-1.000
-1.000
-1.000
-1.000
-1.000
-1.000
-1.000
-1.000
-1.000
-1.000
-1.000
-1.000
-1.000
-1.000
-1.000
-1.000
-1.000
-1.000
-1.000
-1.000
-1.000
-1.000
-1.000
-1.000
-1.000
-1.000
-1.000
-1.000
-1.000
-1.000
-1.000
-1.000
-1.000
-1.000
-1.000
-1.000
-1.000
-1.000
-1.000
-1.000
-1.000
-1.000
-1.000
-1.000
-1.000
-1.000
-1.000
-1.000
-1.000
-1.000
-1.000
-1.000
-1.000
-1.000
-1.000
-1.000
-1.000
-1.000
-1.000
-1.000
-1.000
-1.000
-1.000
-1.000
-1.000
-1.000
-1.000
-1.000
-1.000
-1.000
-1.000
-1.000
-1.000
-1.000
-1.000
-1.000
-1.000
-1.000
-1.000
-1.000
-1.000
-1.000
-1.000
-1.000
-1.000
-1.000
-1.000
-1.000
-1.000
-1.000
-1.000
-1.000
-1.000
-1.000
-1.000
-1.000
-1.000
-1.000
-1.000
-1.000
-1.000
-1.000
-1.000
-1.000
-1.000
-1.000
-1.000
-1.000
-1.000
-1.000
-1.000
-1.000
-1.000
-1.000
-1.000
-1.000
-1.000
-1.000
-1.000
-1.000
-1.000
-1.000
-1.000
-1.000
-1.000
-1.000
-1.000
-1.000
-1.000
-1.000
-1.000
-1.000
-1.000
-1.000
-1.000
-1.000
-1.000
-1.000
-1.000
-1.000
-1.000
-1.000
-1.000
-1.000
-1.000
-1.000
-1.000
-1.000
-1.000
-1.000
-1.000
-1.000
-1.000
-1.000
-1.000
-1.000
-1.000
-1.000
-1.000
-1.000
-1.000
-1.000
-1.000
-1.000
-1.000
-1.000
-1.000
-1.000
-1.000
-1.000
-1.000
-1.000
-1.000
-1.000
-1.000
-1.000
-1.000
3.684
-1.000
-1.000
4.723
-1.000
-1.000
3.789
-1.000
-1.000
-1.000
3.295
4.110
3.983
-1.000
-1.000
4.453
-1.000
-1.000
-1.000
3.737
3.167
-1.000
-1.000
-1.000
-1.000
-1.000
-1.000
-1.000
-1.000
-1.000
-1.000
-1.000
-1.000
-1.000
2.950
-1.000
-1.000
-1.000
-1.000
-1.000
-1.000
-1.000
-1.000
-1.000
-1.000
-1.000
-1.000
-1.000
-1.000
-1.000
-1.000
-1.000
-1.000
-1.000
-1.000
-1.000
-1.000
-1.000
-1.000
-1.000
-1.000
-1.000
-1.000
-1.000
-1.000
-1.000
-1.000
-1.000
-1.000
-1.000
-1.000
-1.000
-1.000
-1.000
-1.000
-1.000
-1.000
-1.000
-1.000
-1.000
-1.000
-1.000
-1.000
-1.000
-1.000
-1.000
-1.000
-1.000
-1.000
-1.000
-1.000
-1.000
-1.000
-1.000
-1.000
-1.000
-1.000
-1.000
-1.000
-1.000
-1.000
-1.000
-1.000
-1.000
-1.000
-1.000
-1.000
-1.000
-1.000
-1.000
-1.000
-1.000
-1.000
-1.000
-1.000
-1.000
-1.000
-1.000
-1.000
-1.000
-1.000
-1.000
-1.000
-1.000
-1.000
-1.000
-1.000
-1.000
-1.000
-1.000
-1.000
-1.000
-1.000
-1.000
-1.000
-1.000
-1.000
-1.000
-1.000
-1.000
-1.000
-1.000
-1.000
-1.000
-1.000
-1.000
-1.000
-1.000
-1.000
-1.000
-1.000
-1.000
-1.000
-1.000
-1.000
-1.000
3.531
-1.000
4.465
-1.000
-1.000
-1.000
3.872
-1.000
4.048
-1.000
-1.000
3.992
-1.000
-1.000
-1.000
4.100
-1.000
-1.000
4.563
-1.000
-1.000
-1.000
3.466
-1.000
-1.000
-1.000
4.119
-1.000
-1.000
3.884
-1.000
-1.000
4.165
3.170
3.887
4.630
3.300
3.904
4.028
3.616
-1.000
3.297
4.590
3.849
-1.000
-1.000
-1.000
4.195
4.444
4.148
4.246
4.735
3.812
3.340
3.983
3.706
3.350
3.482
4.376
3.623
-1.000
4.537
-1.000
4.333
3.771
-1.000
-1.000
-1.000
-1.000
-1.000
-1.000
-1.000
-1.000
-1.000
-1.000
-1.000
-1.000
-1.000
-1.000
-1.000
-1.000
-1.000
-1.000
-1.000
-1.000
-1.000
-1.000
-1.000
-1.000
-1.000
-1.000
-1.000
-1.000
-1.000
-1.000
-1.000
-1.000
-1.000
-1.000
-1.000
-1.000
-1.000
-1.000
-1.000
3.501
-1.000
-1.000
-1.000
-1.000
-1.000
-1.000
-1.000
-1.000
-1.000
-1.000
-1.000
-1.000
-1.000
-1.000
-1.000
-1.000
-1.000
-1.000
-1.000
-1.000
-1.000
-1.000
-1.000
-1.000
-1.000
-1.000
-1.000
-1.000
-1.000
-1.000
-1.000
-1.000
-1.000
-1.000
-1.000
-1.000
-1.000
-1.000
-1.000
-1.000
-1.000
-1.000
-1.000
-1.000
-1.000
-1.000
-1.000
-1.000
-1.000
-1.000
-1.000
-1.000
-1.000
4.337
-1.000
-1.000
-1.000
-1.000
-1.000
-1.000
-1.000
-1.000
-1.000
-1.000
-1.000
4.268
3.664
-1.000
-1.000
-1.000
-1.000
-1.000
-1.000
-1.000
-1.000
-1.000
-1.000
-1.000
-1.000
-1.000
-1.000
-1.000
-1.000
-1.000
-1.000
-1.000
-1.000
-1.000
-1.000
-1.000
-1.000
-1.000
-1.000
-1.000
4.389
-1.000
-1.000
-1.000
-1.000
3.603
-1.000
-1.000
-1.000
-1.000
-1.000
3.047
-1.000
3.228
-1.000
-1.000
-1.000
-1.000
-1.000
-1.000
-1.000
3.448
-1.000
-1.000
4.656
-1.000
-1.000
4.410
-1.000
-1.000
-1.000
-1.000
-1.000
-1.000
-1.000
5.049
-1.000
-1.000
-1.000
-1.000
-1.000
4.540
-1.000
-1.000
-1.000
-1.000
3.541
-1.000
-1.000
-1.000
-1.000
-1.000
-1.000
-1.000
-1.000
-1.000
-1.000
-1.000
-1.000
-1.000
-1.000
4.486
-1.000
-1.000
-1.000
-1.000
-1.000
-1.000
-1.000
-1.000
-1.000
-1.000
-1.000
-1.000
-1.000
-1.000
-1.000
-1.000
4.357
3.467
-1.000
2.755
-1.000
-1.000
-1.000
3.808
4.146
-1.000
-1.000
-1.000
-1.000
-1.000
4.837
-1.000
-1.000
-1.000
-1.000
-1.000
-1.000
-1.000
-1.000
-1.000
-1.000
3.456
-1.000
-1.000
4.110
4.233
-1.000
-1.000
-1.000
-1.000
-1.000
-1.000
-1.000
-1.000
-1.000
4.435
-1.000
-1.000
-1.000
-1.000
-1.000
-1.000
-1.000
4.667
-1.000
-1.000
3.294
-1.000
-1.000
-1.000
-1.000
-1.000
-1.000
-1.000
-1.000
-1.000
-1.000
5.169
4.042
-1.000
-1.000
5.085
4.026
-1.000
-1.000
-1.000
4.589
-1.000
-1.000
-1.000
-1.000
-1.000
-1.000
-1.000
4.234
-1.000
-1.000
-1.000
-1.000
-1.000
-1.000
-1.000
-1.000
4.212
-1.000
-1.000
-1.000
-1.000
-1.000
-1.000
-1.000
-1.000
4.568
-1.000
-1.000
-1.000
-1.000
-1.000
-1.000
-1.000
-1.000
4.824
4.392
-1.000
-1.000
-1.000
-1.000
-1.000
-1.000
-1.000
-1.000
-1.000
-1.000
-1.000
-1.000
-1.000
-1.000
-1.000
-1.000
-1.000
-1.000
-1.000
-1.000
-1.000
-1.000
-1.000
-1.000
-1.000
-1.000
-1.000
-1.000
-1.000
-1.000
-1.000
-1.000
-1.000
-1.000
-1.000
-1.000
-1.000
-1.000
-1.000
-1.000
-1.000
-1.000
-1.000
-1.000
-1.000
-1.000
-1.000
-1.000
-1.000
-1.000
-1.000
-1.000
-1.000
-1.000
-1.000
-1.000
-1.000
-1.000
-1.000
-1.000
-1.000
4.509
-1.000
-1.000
-1.000
-1.000
-1.000
-1.000
-1.000
-1.000
-1.000
-1.000
-1.000
-1.000
-1.000
-1.000
-1.000
-1.000
-1.000
-1.000
-1.000
-1.000
-1.000
-1.000
-1.000
-1.000
-1.000
-1.000
-1.000
-1.000
-1.000
-1.000
-1.000
-1.000
-1.000
-1.000
-1.000
-1.000
-1.000
-1.000
-1.000
-1.000
-1.000
-1.000
-1.000
-1.000
-1.000
-1.000
-1.000
-1.000
-1.000
-1.000
-1.000
-1.000
-1.000
-1.000
4.664
-1.000
-1.000
-1.000
-1.000
-1.000
-1.000
-1.000
-1.000
-1.000
-1.000
-1.000
-1.000
-1.000
-1.000
-1.000
-1.000
-1.000
-1.000
-1.000
-1.000
-1.000
-1.000
-1.000
-1.000
-1.000
-1.000
-1.000
-1.000
-1.000
-1.000
-1.000
-1.000
-1.000
-1.000
-1.000
-1.000
-1.000
-1.000
-1.000
-1.000
-1.000
-1.000
-1.000
-1.000
3.138
-1.000
-1.000
-1.000
-1.000
-1.000
-1.000
-1.000
-1.000
-1.000
4.509
3.299
-1.000
-1.000
-1.000
-1.000
-1.000
-1.000
-1.000
-1.000
4.029
-1.000
-1.000
3.794
-1.000
-1.000
-1.000
4.268
3.936
-1.000
3.138
4.325
-1.000
-1.000
4.330
3.372
-1.000
-1.000
-1.000
-1.000
4.606
-1.000
-1.000
-1.000
4.149
4.428
-1.000
-1.000
4.264
-1.000
3.772
4.392
-1.000
-1.000
-1.000
-1.000
4.080
-1.000
-1.000
-1.000
-1.000
-1.000
-1.000
-1.000
-1.000
-1.000
-1.000
-1.000
4.430
-1.000
-1.000
4.204
-1.000
-1.000
-1.000
-1.000
-1.000
-1.000
-1.000
4.503
-1.000
-1.000
3.997
-1.000
-1.000
-1.000
-1.000
-1.000
-1.000
4.522
-1.000
-1.000
-1.000
-1.000
-1.000
4.024
3.737
-1.000
-1.000
-1.000
-1.000
-1.000
-1.000
-1.000
-1.000
-1.000
-1.000
-1.000
-1.000
-1.000
-1.000
-1.000
-1.000
-1.000
-1.000
-1.000
-1.000
-1.000
-1.000
-1.000
-1.000
-1.000
-1.000
-1.000
-1.000
-1.000
-1.000
-1.000
-1.000
-1.000
-1.000
-1.000
-1.000
-1.000
-1.000
-1.000
-1.000
-1.000
3.543
-1.000
-1.000
-1.000
-1.000
-1.000
-1.000
-1.000
-1.000
-1.000
-1.000
-1.000
-1.000
-1.000
-1.000
-1.000
-1.000
-1.000
-1.000
-1.000
-1.000
-1.000
-1.000
-1.000
-1.000
-1.000
2.969
-1.000
-1.000
-1.000
-1.000
-1.000
-1.000
-1.000
-1.000
-1.000
-1.000
-1.000
-1.000
4.061
-1.000
-1.000
-1.000
-1.000
-1.000
-1.000
-1.000
-1.000
4.322
-1.000
-1.000
-1.000
-1.000
4.215
-1.000
-1.000
-1.000
-1.000
-1.000
-1.000
-1.000
-1.000
4.299
-1.000
-1.000
-1.000
-1.000
-1.000
-1.000
-1.000
-1.000
-1.000
-1.000
3.784
-1.000
-1.000
-1.000
-1.000
-1.000
-1.000
-1.000
-1.000
-1.000
-1.000
-1.000
-1.000
-1.000
-1.000
-1.000
-1.000
-1.000
-1.000
-1.000
-1.000
3.936
-1.000
-1.000
-1.000
4.891
-1.000
4.637
-1.000
3.124
-1.000
4.339
-1.000
-1.000
4.245
-1.000
-1.000
-1.000
-1.000
-1.000
-1.000
-1.000
-1.000
-1.000
-1.000
4.666
-1.000
-1.000
-1.000
-1.000
-1.000
4.074
5.085
-1.000
-1.000
-1.000
-1.000
-1.000
-1.000
-1.000
-1.000
-1.000
-1.000
-1.000
-1.000
-1.000
-1.000
-1.000
-1.000
4.311
-1.000
-1.000
-1.000
-1.000
-1.000
4.740
-1.000
4.563
-1.000
-1.000
-1.000
-1.000
-1.000
-1.000
4.060
-1.000
-1.000
-1.000
-1.000
-1.000
4.448
-1.000
-1.000
-1.000
-1.000
-1.000
4.415
-1.000
-1.000
-1.000
-1.000
-1.000
-1.000
-1.000
-1.000
-1.000
-1.000
-1.000
-1.000
4.809
-1.000
-1.000
-1.000
-1.000
-1.000
-1.000
-1.000
-1.000
-1.000
-1.000
4.608
-1.000
-1.000
-1.000
-1.000
-1.000
-1.000
-1.000
-1.000
-1.000
-1.000
5.076
4.714
-1.000
-1.000
-1.000
-1.000
-1.000
-1.000
-1.000
-1.000
-1.000
-1.000
-1.000
-1.000
-1.000
-1.000
-1.000
-1.000
-1.000
-1.000
-1.000
-1.000
-1.000
-1.000
-1.000
-1.000
-1.000
-1.000
-1.000
-1.000
-1.000
4.963
-1.000
-1.000
-1.000
-1.000
-1.000
2.867
3.088
-1.000
3.601
2.576
3.454
3.284
4.466
3.315
-1.000
3.952
5.280
3.909
-1.000
4.605
3.378
3.440
3.844
2.820
3.564
-1.000
-1.000
4.514
3.284
3.377
4.902
3.374
3.512
-1.000
3.467
4.593
3.604
-1.000
5.227
3.850
3.302
4.976
3.785
-1.000
3.467
4.747
3.494
3.100
3.884
3.823
-1.000
3.154
3.740
4.768
-1.000
-1.000
-1.000
-1.000
3.377
-1.000
-1.000
-1.000
-1.000
-1.000
-1.000
-1.000
-1.000
-1.000
-1.000
-1.000
-1.000
-1.000
-1.000
-1.000
-1.000
-1.000
-1.000
-1.000
-1.000
-1.000
-1.000
-1.000
-1.000
-1.000
-1.000
-1.000
-1.000
-1.000
-1.000
-1.000
-1.000
-1.000
-1.000
-1.000
-1.000
-1.000
-1.000
-1.000
-1.000
-1.000
-1.000
-1.000
-1.000
-1.000
-1.000
-1.000
-1.000
-1.000
-1.000
-1.000
-1.000
-1.000
-1.000
-1.000
-1.000
-1.000
-1.000
-1.000
-1.000
-1.000
-1.000
-1.000
-1.000
-1.000
-1.000
-1.000
-1.000
-1.000
-1.000
-1.000
-1.000
-1.000
-1.000
-1.000
-1.000
-1.000
-1.000
-1.000
-1.000
-1.000
-1.000
-1.000
-1.000
-1.000
-1.000
-1.000
-1.000
-1.000
-1.000
-1.000
-1.000
-1.000
-1.000
-1.000
-1.000
-1.000
-1.000
-1.000
-1.000
-1.000
-1.000
-1.000
-1.000
-1.000
-1.000
-1.000
-1.000
-1.000
-1.000
-1.000
-1.000
-1.000
-1.000
-1.000
-1.000
-1.000
-1.000
-1.000
-1.000
-1.000
-1.000
-1.000
-1.000
-1.000
-1.000
-1.000
3.448
-1.000
-1.000
-1.000
4.010
-1.000
-1.000
-1.000
-1.000
3.935
4.017
-1.000
-1.000
3.747
-1.000
-1.000
-1.000
-1.000
-1.000
-1.000
-1.000
-1.000
-1.000
-1.000
-1.000
-1.000
-1.000
-1.000
-1.000
-1.000
-1.000
-1.000
-1.000
-1.000
-1.000
-1.000
-1.000
-1.000
-1.000
-1.000
-1.000
-1.000
-1.000
-1.000
4.058
-1.000
-1.000
-1.000
-1.000
-1.000
-1.000
-1.000
-1.000
-1.000
-1.000
-1.000
-1.000
-1.000
-1.000
-1.000
-1.000
-1.000
-1.000
4.579
-1.000
-1.000
-1.000
-1.000
-1.000
-1.000
-1.000
-1.000
-1.000
-1.000
-1.000
-1.000
-1.000
-1.000
-1.000
4.018
-1.000
-1.000
-1.000
-1.000
-1.000
-1.000
-1.000
-1.000
-1.000
-1.000
-1.000
-1.000
-1.000
-1.000
-1.000
-1.000
-1.000
-1.000
-1.000
-1.000
-1.000
-1.000
-1.000
-1.000
-1.000
-1.000
-1.000
-1.000
-1.000
-1.000
-1.000
-1.000
-1.000
-1.000
-1.000
-1.000
-1.000
-1.000
-1.000
