-1.000
-1.000
-1.000
-1.000
-1.000
-1.000
-1.000
-1.000
-1.000
-1.000
-1.000
-1.000
-1.000
-1.000
-1.000
3.501
-1.000
-1.000
-1.000
3.943
4.121
-1.000
-1.000
-1.000
-1.000
-1.000
-1.000
-1.000
-1.000
-1.000
-1.000
-1.000
-1.000
-1.000
-1.000
2.825
-1.000
-1.000
-1.000
-1.000
-1.000
3.155
3.563
-1.000
4.434
4.416
-1.000
-1.000
-1.000
-1.000
-1.000
-1.000
-1.000
-1.000
-1.000
-1.000
-1.000
-1.000
-1.000
-1.000
-1.000
-1.000
-1.000
-1.000
-1.000
-1.000
-1.000
-1.000
-1.000
-1.000
-1.000
-1.000
-1.000
-1.000
-1.000
-1.000
-1.000
-1.000
-1.000
-1.000
4.862
-1.000
-1.000
-1.000
-1.000
-1.000
-1.000
-1.000
-1.000
-1.000
-1.000
-1.000
-1.000
-1.000
-1.000
-1.000
-1.000
-1.000
-1.000
-1.000
-1.000
-1.000
-1.000
-1.000
-1.000
-1.000
-1.000
-1.000
-1.000
-1.000
-1.000
-1.000
-1.000
-1.000
-1.000
-1.000
-1.000
-1.000
4.748
-1.000
4.347
-1.000
4.364
-1.000
-1.000
4.852
2.538
-1.000
-1.000
4.231
4.054
3.976
3.932
-1.000
3.840
-1.000
-1.000
-1.000
5.092
-1.000
4.510
4.329
3.718
3.634
3.176
-1.000
3.437
4.019
4.349
-1.000
-1.000
2.997
-1.000
-1.000
-1.000
4.060
4.659
-1.000
3.136
-1.000
4.325
4.809
3.733
4.394
-1.000
3.444
3.677
3.459
3.655
4.280
-1.000
4.386
5.121
-1.000
-1.000
3.561
3.752
2.888
4.461
4.198
3.934
-1.000
4.126
-1.000
-1.000
-1.000
-1.000
-1.000
-1.000
-1.000
-1.000
3.994
4.750
3.602
4.133
4.055
-1.000
-1.000
3.511
3.014
3.915
5.533
4.410
3.339
3.868
4.790
5.081
5.124
4.067
3.666
3.286
4.467
4.551
4.070
4.890
3.267
4.327
5.499
4.516
3.827
-1.000
4.039
4.701
3.755
3.656
3.961
3.805
4.050
-1.000
2.968
3.945
-1.000
3.871
3.713
-1.000
4.902
4.034
-1.000
-1.000
-1.000
3.674
3.705
3.985
-1.000
3.281
3.803
3.536
4.622
5.223
3.447
4.373
-1.000
3.194
4.552
3.425
3.525
-1.000
4.245
2.178
2.895
3.241
3.521
4.850
4.967
4.816
2.987
5.371
3.721
4.735
5.226
4.089
4.947
3.252
3.929
-1.000
-1.000
3.863
4.072
-1.000
3.496
4.287
-1.000
3.570
3.365
2.311
-1.000
3.345
3.387
4.035
4.575
4.346
3.396
3.800
3.448
4.200
3.989
-1.000
3.194
-1.000
4.475
4.468
3.839
4.254
4.664
5.713
-1.000
3.672
3.970
3.026
2.402
3.842
4.317
-1.000
3.438
2.445
3.987
-1.000
4.539
3.462
3.329
4.201
4.177
2.927
3.237
3.419
4.056
3.492
2.927
3.228
3.453
4.729
3.822
3.598
4.435
-1.000
3.479
3.700
3.305
3.410
4.531
4.653
3.780
4.298
3.263
3.200
4.506
4.337
-1.000
4.124
4.846
2.769
4.719
4.790
3.362
-1.000
4.001
3.292
2.999
4.228
-1.000
2.518
3.436
4.170
-1.000
3.293
3.424
3.822
3.990
5.192
-1.000
3.738
4.637
-1.000
4.659
3.789
3.382
4.362
3.523
1.267
-1.000
4.322
3.569
-1.000
4.017
3.684
2.614
4.481
3.801
4.308
3.821
3.270
4.514
3.540
3.178
4.139
-1.000
4.284
3.858
4.229
3.888
3.315
4.892
3.147
4.383
3.661
3.340
3.186
4.511
4.644
3.945
4.109
4.257
3.766
3.740
3.366
3.669
4.124
3.633
3.365
5.155
4.352
4.006
3.741
4.754
2.984
3.980
4.432
3.070
4.083
4.363
4.642
4.180
5.204
5.578
-1.000
-1.000
3.339
3.340
-1.000
-1.000
4.361
-1.000
-1.000
3.140
-1.000
-1.000
3.640
3.848
-1.000
-1.000
3.847
-1.000
2.991
-1.000
-1.000
-1.000
3.358
-1.000
3.447
3.976
-1.000
-1.000
3.345
-1.000
-1.000
-1.000
4.000
5.014
4.515
-1.000
-1.000
3.471
4.958
4.183
-1.000
3.053
3.404
3.436
3.705
3.542
-1.000
4.044
2.862
4.422
3.637
3.875
-1.000
3.993
4.192
-1.000
4.624
3.345
-1.000
2.905
3.034
4.505
4.311
-1.000
3.854
-1.000
-1.000
5.167
3.414
3.688
2.781
4.116
4.489
-1.000
-1.000
4.248
-1.000
-1.000
4.716
3.894
-1.000
3.482
3.063
4.815
4.708
4.332
3.579
-1.000
-1.000
-1.000
-1.000
-1.000
-1.000
-1.000
-1.000
-1.000
-1.000
-1.000
-1.000
-1.000
-1.000
-1.000
-1.000
-1.000
-1.000
-1.000
-1.000
-1.000
-1.000
-1.000
-1.000
-1.000
-1.000
-1.000
-1.000
-1.000
-1.000
-1.000
-1.000
-1.000
-1.000
-1.000
-1.000
-1.000
-1.000
-1.000
-1.000
-1.000
-1.000
-1.000
-1.000
-1.000
-1.000
-1.000
-1.000
-1.000
-1.000
-1.000
-1.000
-1.000
-1.000
-1.000
-1.000
-1.000
-1.000
-1.000
-1.000
-1.000
-1.000
-1.000
-1.000
-1.000
-1.000
-1.000
-1.000
-1.000
-1.000
-1.000
-1.000
-1.000
-1.000
-1.000
-1.000
-1.000
-1.000
-1.000
-1.000
-1.000
-1.000
-1.000
-1.000
-1.000
-1.000
-1.000
-1.000
-1.000
3.958
4.202
-1.000
3.808
3.063
3.373
-1.000
4.435
-1.000
3.615
3.951
4.959
4.250
3.594
4.478
-1.000
3.221
4.107
3.678
-1.000
3.899
3.314
-1.000
-1.000
4.328
-1.000
-1.000
-1.000
-1.000
-1.000
-1.000
-1.000
-1.000
-1.000
-1.000
-1.000
-1.000
-1.000
-1.000
-1.000
-1.000
-1.000
-1.000
-1.000
-1.000
-1.000
-1.000
-1.000
-1.000
5.301
-1.000
-1.000
-1.000
-1.000
-1.000
-1.000
-1.000
-1.000
-1.000
-1.000
-1.000
-1.000
-1.000
-1.000
-1.000
-1.000
-1.000
-1.000
-1.000
-1.000
-1.000
-1.000
-1.000
-1.000
-1.000
-1.000
5.730
-1.000
4.665
4.300
3.323
-1.000
-1.000
-1.000
-1.000
-1.000
-1.000
-1.000
-1.000
-1.000
-1.000
-1.000
-1.000
-1.000
-1.000
-1.000
-1.000
-1.000
-1.000
-1.000
-1.000
-1.000
-1.000
-1.000
-1.000
-1.000
-1.000
-1.000
-1.000
-1.000
-1.000
-1.000
-1.000
-1.000
-1.000
-1.000
-1.000
-1.000
-1.000
-1.000
-1.000
-1.000
-1.000
-1.000
-1.000
-1.000
-1.000
-1.000
-1.000
-1.000
-1.000
-1.000
-1.000
-1.000
-1.000
-1.000
-1.000
-1.000
-1.000
-1.000
-1.000
-1.000
-1.000
-1.000
-1.000
-1.000
-1.000
-1.000
-1.000
-1.000
-1.000
-1.000
-1.000
-1.000
-1.000
-1.000
-1.000
-1.000
-1.000
-1.000
-1.000
-1.000
-1.000
-1.000
-1.000
-1.000
-1.000
-1.000
-1.000
-1.000
-1.000
-1.000
-1.000
-1.000
-1.000
-1.000
-1.000
-1.000
-1.000
-1.000
-1.000
-1.000
-1.000
-1.000
-1.000
-1.000
-1.000
-1.000
-1.000
-1.000
-1.000
-1.000
-1.000
-1.000
-1.000
-1.000
-1.000
-1.000
-1.000
-1.000
-1.000
-1.000
-1.000
-1.000
-1.000
-1.000
-1.000
-1.000
-1.000
-1.000
-1.000
-1.000
-1.000
-1.000
-1.000
-1.000
-1.000
-1.000
-1.000
-1.000
-1.000
-1.000
-1.000
-1.000
-1.000
-1.000
-1.000
-1.000
-1.000
-1.000
-1.000
-1.000
-1.000
-1.000
-1.000
-1.000
-1.000
-1.000
-1.000
-1.000
-1.000
-1.000
-1.000
-1.000
-1.000
-1.000
-1.000
-1.000
-1.000
-1.000
-1.000
-1.000
-1.000
-1.000
-1.000
-1.000
-1.000
-1.000
-1.000
-1.000
-1.000
-1.000
-1.000
-1.000
-1.000
-1.000
-1.000
-1.000
-1.000
-1.000
-1.000
-1.000
-1.000
-1.000
-1.000
-1.000
-1.000
-1.000
-1.000
-1.000
-1.000
-1.000
-1.000
-1.000
-1.000
-1.000
-1.000
-1.000
-1.000
-1.000
-1.000
-1.000
-1.000
-1.000
-1.000
-1.000
-1.000
-1.000
-1.000
-1.000
-1.000
-1.000
-1.000
-1.000
-1.000
-1.000
-1.000
-1.000
-1.000
-1.000
-1.000
-1.000
-1.000
-1.000
-1.000
-1.000
-1.000
-1.000
-1.000
-1.000
-1.000
-1.000
-1.000
-1.000
-1.000
-1.000
-1.000
-1.000
-1.000
-1.000
-1.000
-1.000
-1.000
-1.000
-1.000
-1.000
-1.000
-1.000
-1.000
-1.000
-1.000
-1.000
-1.000
-1.000
-1.000
-1.000
-1.000
-1.000
-1.000
-1.000
-1.000
-1.000
-1.000
-1.000
-1.000
-1.000
-1.000
-1.000
-1.000
-1.000
-1.000
-1.000
-1.000
-1.000
-1.000
-1.000
-1.000
-1.000
-1.000
-1.000
-1.000
-1.000
-1.000
-1.000
-1.000
-1.000
-1.000
-1.000
-1.000
-1.000
-1.000
-1.000
-1.000
-1.000
-1.000
-1.000
-1.000
-1.000
-1.000
-1.000
-1.000
-1.000
-1.000
-1.000
-1.000
-1.000
-1.000
-1.000
-1.000
-1.000
-1.000
-1.000
-1.000
-1.000
-1.000
-1.000
-1.000
-1.000
-1.000
-1.000
-1.000
-1.000
-1.000
-1.000
-1.000
-1.000
-1.000
-1.000
-1.000
-1.000
-1.000
-1.000
-1.000
-1.000
-1.000
-1.000
-1.000
-1.000
-1.000
-1.000
-1.000
-1.000
-1.000
4.490
-1.000
-1.000
-1.000
-1.000
-1.000
-1.000
-1.000
-1.000
-1.000
-1.000
-1.000
-1.000
-1.000
-1.000
-1.000
-1.000
-1.000
-1.000
-1.000
-1.000
-1.000
-1.000
-1.000
-1.000
-1.000
-1.000
-1.000
-1.000
-1.000
-1.000
-1.000
-1.000
-1.000
-1.000
-1.000
-1.000
-1.000
-1.000
-1.000
-1.000
-1.000
-1.000
-1.000
-1.000
-1.000
-1.000
-1.000
-1.000
-1.000
-1.000
-1.000
-1.000
-1.000
-1.000
-1.000
-1.000
-1.000
-1.000
-1.000
-1.000
-1.000
-1.000
-1.000
-1.000
-1.000
-1.000
-1.000
-1.000
-1.000
-1.000
-1.000
-1.000
-1.000
-1.000
-1.000
-1.000
-1.000
-1.000
-1.000
-1.000
-1.000
-1.000
-1.000
-1.000
-1.000
-1.000
-1.000
-1.000
-1.000
-1.000
-1.000
-1.000
-1.000
-1.000
-1.000
-1.000
-1.000
-1.000
-1.000
-1.000
-1.000
-1.000
-1.000
-1.000
-1.000
-1.000
-1.000
-1.000
-1.000
-1.000
-1.000
-1.000
-1.000
-1.000
-1.000
-1.000
3.989
3.359
-1.000
3.754
4.721
-1.000
2.470
3.506
3.867
3.361
3.257
-1.000
3.642
3.243
3.412
3.764
3.615
4.036
4.655
-1.000
-1.000
-1.000
-1.000
4.093
-1.000
3.182
3.422
3.373
3.887
3.493
3.236
-1.000
4.912
4.067
-1.000
4.619
5.272
2.931
3.697
4.249
3.466
2.614
-1.000
-1.000
3.357
4.754
4.083
2.870
5.034
3.684
3.735
4.301
5.073
3.622
-1.000
3.276
4.272
3.359
2.971
-1.000
4.139
4.848
4.144
4.579
4.112
3.513
3.170
3.820
2.962
3.605
3.877
-1.000
3.565
2.690
3.023
4.686
4.264
2.663
3.541
3.809
3.569
3.589
3.365
3.471
3.311
4.337
3.464
3.874
-1.000
5.264
3.995
3.894
3.362
-1.000
3.736
3.164
-1.000
3.278
4.621
-1.000
3.834
3.939
4.616
4.834
3.061
3.064
5.022
4.465
3.404
2.726
4.841
-1.000
3.855
-1.000
3.746
4.326
3.619
3.156
-1.000
3.800
3.733
3.144
3.550
-1.000
-1.000
-1.000
-1.000
-1.000
-1.000
-1.000
-1.000
-1.000
-1.000
-1.000
-1.000
-1.000
-1.000
-1.000
-1.000
-1.000
-1.000
-1.000
-1.000
-1.000
-1.000
-1.000
-1.000
-1.000
-1.000
-1.000
-1.000
-1.000
-1.000
-1.000
-1.000
-1.000
-1.000
-1.000
-1.000
-1.000
-1.000
-1.000
-1.000
-1.000
-1.000
-1.000
-1.000
-1.000
-1.000
-1.000
-1.000
-1.000
-1.000
-1.000
-1.000
-1.000
-1.000
-1.000
-1.000
-1.000
-1.000
-1.000
-1.000
-1.000
-1.000
-1.000
-1.000
-1.000
-1.000
-1.000
-1.000
-1.000
-1.000
-1.000
-1.000
-1.000
-1.000
-1.000
-1.000
-1.000
-1.000
-1.000
-1.000
-1.000
-1.000
-1.000
-1.000
-1.000
-1.000
-1.000
-1.000
-1.000
-1.000
-1.000
-1.000
-1.000
-1.000
-1.000
-1.000
-1.000
-1.000
-1.000
-1.000
-1.000
-1.000
-1.000
-1.000
-1.000
-1.000
-1.000
-1.000
-1.000
-1.000
-1.000
-1.000
-1.000
-1.000
-1.000
-1.000
-1.000
-1.000
-1.000
-1.000
-1.000
-1.000
-1.000
-1.000
-1.000
-1.000
-1.000
-1.000
-1.000
-1.000
-1.000
-1.000
-1.000
-1.000
-1.000
-1.000
-1.000
-1.000
-1.000
-1.000
-1.000
-1.000
-1.000
-1.000
-1.000
-1.000
-1.000
-1.000
-1.000
-1.000
-1.000
-1.000
-1.000
-1.000
-1.000
-1.000
-1.000
-1.000
-1.000
-1.000
-1.000
-1.000
-1.000
-1.000
-1.000
-1.000
-1.000
-1.000
-1.000
-1.000
-1.000
-1.000
-1.000
-1.000
-1.000
-1.000
-1.000
-1.000
-1.000
-1.000
-1.000
-1.000
-1.000
-1.000
-1.000
-1.000
-1.000
-1.000
-1.000
-1.000
-1.000
-1.000
-1.000
-1.000
-1.000
-1.000
-1.000
-1.000
-1.000
-1.000
-1.000
-1.000
-1.000
-1.000
-1.000
-1.000
-1.000
-1.000
-1.000
-1.000
-1.000
-1.000
-1.000
-1.000
-1.000
-1.000
-1.000
-1.000
-1.000
5.527
4.099
4.196
4.533
3.382
3.553
2.445
3.472
3.772
3.223
3.726
3.834
3.661
4.053
3.765
3.471
4.135
-1.000
3.878
3.393
3.621
4.664
3.679
3.110
-1.000
4.233
3.553
4.164
3.608
4.027
3.442
3.865
3.510
3.639
3.473
4.259
3.989
3.743
4.113
-1.000
3.818
3.798
3.120
3.428
4.707
4.424
4.448
4.067
3.283
-1.000
3.041
3.619
3.716
3.449
3.713
3.370
3.704
4.052
3.644
5.299
3.822
-1.000
4.073
4.760
4.105
4.305
2.712
3.593
3.840
3.399
3.650
5.499
5.653
3.817
3.309
3.258
4.014
5.098
3.283
3.925
3.927
3.596
4.752
4.596
3.569
3.953
4.480
4.269
3.182
3.684
5.588
4.701
4.910
4.137
3.898
3.536
4.458
4.054
4.655
3.671
4.368
3.758
5.524
3.282
3.435
3.129
4.093
3.458
-1.000
3.892
3.587
3.091
3.462
2.735
3.986
4.378
3.660
4.150
-1.000
3.314
3.466
3.505
5.628
3.765
4.066
3.563
4.885
5.435
4.751
3.290
4.376
3.586
3.627
4.533
4.712
2.782
4.522
-1.000
3.638
3.748
3.345
3.948
3.781
3.767
3.518
3.549
3.762
3.831
3.897
3.016
4.605
4.232
3.541
3.477
3.310
4.342
4.171
3.793
4.029
3.690
3.520
-1.000
3.812
3.462
-1.000
3.372
3.911
-1.000
3.574
4.806
3.926
2.829
4.619
3.815
2.798
3.548
3.405
3.807
3.363
4.788
3.417
4.411
5.766
3.353
4.108
4.610
4.439
3.155
3.645
3.644
3.740
4.153
4.672
4.293
3.615
3.551
3.974
4.322
4.057
4.073
4.745
4.257
3.281
3.757
-1.000
4.472
3.456
3.301
2.653
-1.000
4.433
4.108
3.565
4.593
3.522
-1.000
4.080
-1.000
4.318
5.059
4.855
3.801
3.989
5.486
4.457
-1.000
3.347
3.897
3.787
-1.000
4.930
3.822
-1.000
3.519
4.371
3.824
3.463
3.869
4.080
4.183
3.740
4.477
3.728
3.438
3.614
-1.000
3.486
3.050
3.632
-1.000
4.638
4.669
3.723
3.778
3.575
3.249
3.053
3.903
4.791
3.106
2.906
4.109
-1.000
4.263
3.417
4.523
2.928
4.702
4.457
4.454
3.412
2.996
3.627
3.216
3.791
3.726
3.588
3.537
4.042
3.678
3.313
4.149
4.162
3.447
3.017
-1.000
-1.000
4.842
-1.000
2.964
2.987
3.802
3.436
3.898
3.756
3.952
3.846
5.014
-1.000
4.090
4.001
5.074
3.784
2.768
4.981
2.981
3.983
3.623
3.446
5.269
4.026
-1.000
4.870
4.346
3.432
3.892
4.267
5.915
3.972
3.302
3.875
3.557
3.718
3.693
3.813
3.723
4.049
3.771
3.404
5.165
5.463
3.470
3.797
4.209
3.371
4.785
2.976
4.408
3.110
3.744
3.440
4.191
3.258
3.864
3.681
4.250
3.615
-1.000
3.720
3.668
4.282
4.340
4.927
3.765
4.775
3.396
3.525
4.226
3.162
4.492
4.075
5.628
3.151
3.571
3.601
3.198
4.062
3.598
4.913
3.891
3.602
3.511
-1.000
-1.000
3.845
3.887
4.086
3.590
4.163
3.713
3.180
3.982
3.867
4.547
4.495
3.557
3.490
4.290
4.346
3.553
3.836
3.420
3.343
4.336
-1.000
3.745
5.164
3.890
-1.000
3.611
-1.000
5.154
3.565
-1.000
3.637
3.774
3.375
3.798
3.403
4.960
4.195
5.491
3.930
5.300
4.244
3.870
3.906
3.960
3.664
3.600
3.590
-1.000
5.041
3.860
4.671
4.102
3.994
3.104
4.675
3.455
4.890
3.379
4.016
4.247
3.346
3.475
2.627
3.625
3.582
3.997
4.383
3.624
4.317
3.387
-1.000
3.659
3.674
3.892
4.073
3.683
5.123
4.709
3.648
3.251
4.097
3.195
4.510
3.572
4.021
5.464
4.557
3.869
3.392
3.687
5.125
2.629
3.551
4.344
4.198
2.490
3.569
3.358
4.562
3.506
5.424
4.059
4.085
3.786
4.112
3.560
3.521
3.922
-1.000
2.783
3.663
3.692
-1.000
3.767
4.272
3.457
3.719
4.553
3.712
3.995
4.168
4.784
4.488
6.004
4.016
3.202
3.670
3.755
3.390
4.140
4.031
3.628
4.015
3.036
3.529
3.677
3.423
4.806
3.800
4.368
3.460
3.800
3.612
3.910
3.623
3.492
3.587
3.101
2.979
4.075
-1.000
3.868
-1.000
3.249
3.807
2.353
3.369
4.684
4.085
4.042
3.640
3.694
3.802
3.923
4.465
3.408
5.019
3.228
4.278
4.865
4.418
3.586
4.513
3.570
4.357
-1.000
4.388
3.711
2.575
3.718
3.625
-1.000
4.961
4.830
-1.000
3.118
4.402
3.536
4.385
3.837
4.301
3.362
2.763
3.320
-1.000
3.353
3.544
3.868
-1.000
4.542
3.168
3.225
3.438
2.744
4.289
3.138
3.534
3.472
3.778
3.661
3.423
-1.000
3.799
3.648
3.462
-1.000
4.177
3.739
4.187
4.108
3.607
4.111
4.308
3.312
3.751
3.489
5.771
4.757
4.237
-1.000
4.502
4.565
4.703
-1.000
3.873
3.894
4.040
4.887
4.690
3.882
4.122
3.996
3.863
4.046
3.755
-1.000
3.529
3.694
3.564
3.352
4.015
4.277
3.676
3.568
3.841
3.834
4.170
3.839
3.059
4.252
3.726
-1.000
3.493
4.223
3.479
3.560
3.884
3.636
4.112
3.362
3.876
3.464
5.024
4.057
3.371
3.528
3.457
3.544
4.043
3.196
4.144
-1.000
4.118
3.954
4.252
4.617
4.600
3.770
3.637
3.394
3.682
3.290
2.644
3.812
4.346
3.336
3.319
4.897
4.173
4.334
3.913
4.082
3.991
2.869
4.545
3.524
-1.000
4.740
4.619
4.794
3.480
3.744
3.652
3.149
2.117
3.405
3.617
3.846
3.565
3.417
3.719
3.291
4.344
4.382
4.276
-1.000
3.281
4.877
3.512
3.339
3.297
4.142
2.756
3.821
4.419
3.510
3.044
3.700
5.033
3.736
4.398
4.912
3.548
4.257
4.852
3.756
3.514
3.117
4.806
4.238
3.445
3.513
4.427
3.905
5.316
4.256
3.952
5.512
-1.000
3.269
4.271
3.950
3.289
3.998
3.696
3.904
-1.000
4.082
3.979
3.675
4.371
3.658
-1.000
3.674
-1.000
-1.000
4.398
3.606
3.655
3.629
-1.000
3.950
3.790
3.991
3.376
3.434
-1.000
-1.000
3.753
4.519
3.114
3.326
4.883
4.070
3.435
3.722
3.735
3.542
2.932
4.185
3.727
4.137
3.214
-1.000
4.526
3.595
-1.000
5.974
3.697
-1.000
4.273
4.920
3.301
3.251
3.691
4.395
4.464
3.847
3.418
-1.000
5.055
3.660
4.931
3.693
5.591
-1.000
3.480
3.639
3.384
3.610
3.775
3.014
3.554
3.240
4.344
3.695
3.544
4.692
3.736
3.445
4.560
3.205
3.968
4.392
3.119
3.610
3.750
3.569
3.567
4.598
4.162
4.944
3.096
3.900
3.809
3.893
3.611
3.871
3.596
4.599
3.252
-1.000
4.081
3.244
4.013
4.174
4.452
3.624
4.209
4.267
4.183
3.957
-1.000
4.275
-1.000
4.149
4.348
5.120
4.559
3.776
4.367
4.042
3.512
4.515
3.980
3.259
4.371
-1.000
3.761
3.428
3.565
3.822
4.320
4.223
4.042
3.636
3.725
3.593
3.288
4.819
3.656
4.757
4.089
3.451
3.137
2.960
3.369
3.269
3.351
3.701
5.252
5.668
3.905
3.925
4.467
3.775
5.581
4.313
4.242
4.877
4.177
3.717
3.594
4.971
3.884
4.300
3.772
3.781
4.167
3.756
4.463
4.494
4.417
4.442
4.675
3.621
3.772
3.757
3.952
3.619
4.067
3.911
4.036
3.920
3.956
3.663
3.761
3.705
3.776
4.616
3.772
4.584
4.303
3.768
4.973
4.987
4.357
3.917
4.705
4.239
3.875
3.679
4.287
3.837
3.899
3.804
4.022
3.873
3.882
4.157
3.997
3.416
3.826
4.334
3.784
4.072
4.583
3.869
3.906
4.920
4.518
4.056
4.146
3.378
3.866
4.047
3.827
3.997
3.589
3.712
3.674
4.031
3.974
3.518
3.829
4.306
3.651
3.952
4.197
4.111
4.408
4.475
3.765
3.480
4.092
3.968
5.435
6.054
3.688
4.452
3.935
3.533
3.859
4.563
4.049
3.994
3.991
4.525
3.660
3.782
4.828
4.509
3.813
4.116
3.836
4.299
4.157
3.645
3.767
4.376
3.876
3.783
3.685
3.737
4.088
3.758
3.597
3.756
4.290
4.141
3.848
4.030
3.670
3.766
3.659
4.237
3.574
4.794
3.604
4.596
3.863
3.964
4.092
3.993
3.696
3.624
4.821
4.747
3.858
4.651
4.894
4.310
5.679
3.730
4.589
4.306
4.083
5.051
4.003
3.710
4.783
4.055
4.079
4.953
3.657
3.758
3.823
3.732
3.713
5.808
3.811
3.633
3.604
3.861
4.718
3.640
4.926
3.772
4.338
3.596
3.222
3.873
3.668
3.608
3.969
4.621
3.953
4.850
3.956
4.455
4.305
3.713
3.666
3.709
3.603
4.552
3.870
2.710
3.604
4.454
3.995
3.977
4.023
5.067
3.632
3.851
3.712
4.168
4.085
4.174
3.866
4.104
4.418
3.448
4.170
4.072
3.938
3.998
4.794
4.734
3.387
3.680
4.334
3.952
4.560
4.870
4.361
3.854
4.447
3.824
4.711
3.669
4.837
4.039
4.103
3.814
3.642
4.333
4.146
3.624
3.510
5.778
3.671
4.421
2.724
5.177
4.076
4.123
4.007
3.697
3.834
4.002
3.683
5.011
4.282
4.525
3.917
3.822
4.338
3.837
3.654
3.620
3.697
4.647
3.931
5.132
3.858
3.770
4.313
3.555
4.798
3.651
3.567
3.855
4.689
3.798
3.736
3.895
3.472
3.573
3.639
4.482
5.424
3.651
4.290
4.312
3.924
3.795
4.071
3.996
3.736
3.761
3.669
4.268
4.719
3.827
3.803
3.648
3.647
3.663
4.261
3.950
4.670
3.552
3.427
4.227
4.007
4.098
3.862
3.791
3.622
4.230
4.545
3.698
3.940
3.951
3.662
3.791
4.329
3.678
4.665
3.615
4.061
3.885
3.745
5.091
4.569
4.007
3.957
4.604
3.961
3.701
3.926
3.979
4.409
3.624
3.626
4.713
4.051
3.791
4.066
4.728
3.957
4.549
4.247
4.621
3.602
3.706
4.473
4.439
4.062
4.054
4.306
3.835
3.747
3.670
3.748
3.603
3.777
4.538
3.493
4.703
4.740
3.731
4.484
3.693
4.935
3.766
3.725
4.102
3.922
3.736
4.305
3.810
3.939
3.740
4.035
3.585
3.546
4.371
3.886
4.566
3.810
4.054
4.742
3.840
4.208
5.069
4.975
3.667
3.670
3.617
4.055
3.959
3.679
3.837
3.666
4.671
4.602
4.272
3.707
3.991
4.152
4.079
4.152
3.846
3.926
3.897
3.650
4.409
3.789
3.739
4.506
2.957
4.047
3.679
3.938
4.624
3.929
3.743
3.892
3.863
3.644
4.755
3.863
3.990
4.125
3.979
4.262
3.764
3.873
4.439
4.297
4.082
3.898
3.923
4.389
4.553
3.641
4.324
4.097
3.758
4.046
4.347
4.716
3.534
4.100
3.908
4.706
3.261
3.609
3.914
4.094
4.154
3.763
5.131
5.432
3.779
4.053
3.570
4.111
3.879
3.767
3.694
3.587
3.965
4.256
3.820
3.955
3.650
3.726
3.929
3.764
4.693
3.842
4.429
4.143
4.179
3.725
4.322
4.110
3.748
3.921
4.389
4.884
4.548
3.892
3.263
4.325
3.683
3.760
3.814
4.293
4.895
4.253
4.141
5.238
4.344
4.282
5.036
6.101
3.852
4.255
3.660
3.779
4.029
3.642
3.925
4.806
3.724
3.976
3.894
3.802
3.674
4.921
4.160
3.712
3.655
3.392
3.354
4.222
3.681
4.053
3.657
3.988
3.602
3.846
3.684
4.424
4.778
4.039
4.038
3.783
4.511
3.870
3.804
4.087
4.033
3.902
4.372
4.078
3.771
4.841
3.829
3.853
4.001
4.096
3.661
3.642
3.719
3.706
3.774
4.325
3.846
4.595
3.927
4.144
3.857
3.672
4.068
4.377
4.383
3.445
4.148
4.946
5.497
4.064
3.736
3.847
3.845
4.994
3.738
3.905
4.417
3.836
3.697
3.739
3.993
3.802
3.941
3.833
3.528
4.287
3.686
4.344
3.816
3.891
3.932
5.099
4.072
3.573
4.038
4.183
4.342
3.752
3.813
3.852
3.681
3.627
3.622
3.785
4.429
3.652
4.910
4.657
3.941
4.961
3.771
3.683
3.861
4.077
3.805
3.754
4.120
4.316
3.723
3.723
4.322
3.724
4.375
3.713
4.326
3.621
4.280
3.915
3.633
3.942
3.687
3.554
5.038
4.242
3.724
4.027
3.934
3.490
3.602
4.288
3.966
3.719
3.866
4.012
4.097
3.677
3.690
3.636
3.641
3.563
3.782
4.167
4.162
3.726
4.088
4.078
3.947
3.641
3.614
3.648
4.166
3.978
3.679
3.598
3.647
3.870
3.849
3.828
4.547
3.705
3.862
4.378
3.973
4.936
4.013
3.967
4.853
3.592
4.266
4.610
4.647
4.646
4.738
4.128
4.168
4.018
4.452
3.790
4.015
3.640
3.729
3.905
3.664
4.507
3.844
3.791
3.753
3.693
3.846
4.516
4.145
5.137
3.805
4.977
5.032
4.309
3.414
4.119
3.841
3.560
4.328
3.569
4.203
3.590
3.692
3.753
3.875
3.611
5.267
3.753
4.045
4.487
4.420
3.731
4.860
4.029
3.996
4.071
3.999
3.899
3.646
3.563
3.742
4.278
3.773
3.460
4.514
4.051
4.440
4.357
3.918
3.994
5.245
4.403
3.838
4.560
3.717
4.493
3.955
3.936
3.693
4.003
3.701
3.761
3.838
3.608
3.510
4.348
3.544
4.308
3.818
3.848
3.638
3.745
3.673
3.809
4.031
3.724
3.752
4.183
4.742
3.805
3.803
3.799
2.429
4.414
3.694
3.678
3.919
3.841
3.746
3.853
5.649
3.941
3.801
4.257
3.672
3.560
3.611
3.830
3.554
4.513
3.612
3.781
3.657
4.045
5.233
3.626
3.747
3.625
3.664
3.997
4.044
5.126
3.921
4.166
3.654
3.697
6.018
3.718
4.020
4.061
3.758
3.962
3.853
4.121
4.551
3.740
4.066
4.210
4.271
3.953
3.861
3.718
4.401
5.456
4.261
4.151
4.234
3.696
4.825
4.287
4.205
6.059
4.561
3.785
4.157
3.810
5.406
4.310
4.143
3.921
3.811
4.310
4.275
3.887
3.768
3.732
4.295
3.702
3.471
3.923
3.885
4.842
4.028
3.836
4.446
3.641
4.009
3.898
4.613
4.156
4.664
4.860
3.737
3.905
4.161
3.505
3.931
4.247
3.965
3.707
3.875
4.328
3.940
4.040
4.465
4.695
3.855
4.119
3.659
4.111
3.846
3.708
4.184
4.315
3.697
4.007
4.143
4.013
3.838
3.575
4.589
4.440
3.850
3.822
3.380
3.771
4.063
3.571
3.890
3.786
4.577
3.930
3.711
3.975
3.733
3.544
4.310
3.746
4.332
3.924
4.102
3.535
3.722
4.971
6.033
3.829
4.359
4.425
3.867
4.663
4.920
4.440
3.791
3.943
4.230
3.810
3.705
4.805
4.042
4.935
5.166
3.809
4.032
4.122
3.416
4.266
4.207
3.665
4.751
3.894
4.529
3.837
4.021
4.569
3.918
4.975
4.563
4.436
4.047
4.785
4.090
4.354
3.719
3.790
4.132
4.410
4.880
3.732
4.032
5.623
3.494
4.242
4.255
4.345
3.500
3.813
3.827
3.703
3.941
3.724
4.289
5.747
3.673
4.519
3.702
3.684
3.853
4.327
5.277
4.579
4.239
3.732
3.927
4.617
3.715
3.602
3.737
3.934
3.888
3.936
3.661
3.775
4.233
4.047
4.383
4.014
4.145
4.677
3.719
4.016
4.094
5.081
3.621
3.663
3.706
4.807
4.134
3.727
4.000
4.015
3.617
4.671
4.011
3.812
4.233
3.668
4.331
3.742
5.888
3.712
3.559
3.645
3.750
3.965
3.756
3.845
4.288
4.004
3.716
3.695
3.735
4.533
4.099
4.283
3.773
3.675
4.211
3.894
3.501
3.663
4.196
3.796
3.633
4.104
3.745
3.865
3.765
4.850
3.819
3.863
4.135
4.516
3.602
4.051
3.707
3.004
3.983
4.129
4.439
3.732
3.625
3.749
3.706
4.221
4.178
3.956
3.807
3.721
3.579
3.647
3.852
3.745
4.137
4.118
4.094
4.050
4.723
4.014
3.696
4.115
3.975
4.114
4.032
4.024
3.578
4.074
4.577
5.750
4.893
3.804
3.724
3.965
3.885
3.774
4.167
3.604
3.664
3.666
3.670
3.756
5.287
4.684
4.064
3.779
4.559
4.033
3.682
3.586
3.710
3.669
3.946
4.217
4.509
3.679
3.628
4.071
4.532
3.756
3.755
5.012
4.398
3.781
4.732
4.541
4.714
4.252
3.652
5.016
3.601
3.754
3.806
3.965
4.118
4.078
4.044
4.086
4.059
3.782
3.889
4.168
4.078
3.835
4.020
4.241
4.782
3.948
4.252
3.736
4.002
3.707
4.288
3.962
3.798
4.178
4.416
3.620
4.258
3.686
3.837
3.598
3.976
4.814
5.417
3.945
4.116
4.911
3.666
4.200
3.631
4.861
4.688
3.644
3.509
3.982
3.890
4.248
3.973
3.827
3.803
4.813
3.699
3.777
4.083
4.750
3.752
4.561
3.641
3.753
3.800
4.428
4.426
4.159
3.988
4.697
5.066
4.094
3.679
4.031
3.612
4.078
6.138
4.102
4.148
3.571
4.287
3.876
4.285
3.832
4.828
4.134
3.688
4.405
4.160
3.982
3.431
3.846
3.866
3.883
4.731
4.036
4.080
4.353
4.253
4.015
3.911
3.993
4.085
4.071
3.889
4.275
5.248
3.944
3.802
4.527
3.815
4.124
3.743
4.024
3.756
4.182
3.670
3.836
3.936
3.755
4.181
4.115
4.071
4.788
5.399
3.774
3.873
3.808
4.663
4.114
4.902
3.850
3.777
3.926
3.739
3.726
4.246
3.768
3.905
3.715
3.679
3.701
4.120
4.589
3.760
4.459
4.291
3.731
4.129
5.291
4.147
4.054
3.688
3.773
4.873
4.093
3.878
3.871
3.605
3.716
3.700
3.631
4.115
3.880
3.829
3.803
4.365
3.913
3.813
3.907
3.703
4.303
3.907
4.151
3.520
3.717
3.811
3.908
3.716
3.866
3.699
3.759
3.887
3.755
3.818
4.028
3.804
5.380
3.970
4.886
4.591
3.359
3.519
3.783
4.023
3.739
4.384
3.831
3.735
4.142
4.164
4.455
3.800
3.921
4.134
4.300
4.222
4.584
3.771
3.904
3.876
3.928
3.425
4.438
3.733
4.313
4.687
4.207
4.143
3.790
5.009
4.334
3.850
3.899
3.963
4.046
4.967
4.697
4.776
3.771
4.294
4.811
5.062
4.403
3.948
4.100
3.987
4.420
4.931
4.014
4.654
3.821
3.723
4.380
4.106
4.263
3.882
3.643
3.988
3.756
3.847
4.350
3.761
4.981
4.479
3.754
3.559
3.875
3.921
3.611
4.171
4.085
4.113
4.379
3.812
4.152
3.673
4.086
3.696
4.129
3.721
3.751
3.797
3.778
3.860
3.923
6.094
4.009
3.952
4.178
3.901
3.694
4.068
3.968
4.241
3.648
3.926
5.270
3.689
4.245
4.660
3.614
4.581
3.961
3.760
3.460
4.140
4.325
3.986
3.760
3.849
3.734
3.786
4.309
3.700
3.790
3.755
3.911
5.166
3.889
4.912
4.106
4.706
3.871
3.586
4.736
3.999
3.571
4.204
4.352
4.393
4.155
3.907
3.669
4.810
3.682
4.702
3.939
3.676
3.747
3.866
3.966
3.745
3.864
4.126
3.859
3.956
4.014
3.917
3.927
3.738
4.686
4.057
3.789
3.790
3.883
3.678
4.398
4.953
4.539
3.741
3.862
3.893
4.029
3.514
5.142
4.045
3.954
3.837
4.112
3.449
4.621
4.377
3.682
4.551
3.752
4.616
3.859
4.385
3.857
4.108
4.119
3.939
3.835
3.748
4.026
4.297
3.611
3.931
3.839
3.937
4.735
4.449
3.937
4.074
4.425
4.212
3.677
5.158
4.449
4.070
4.697
4.096
3.711
5.560
3.934
3.655
5.220
3.856
3.658
5.447
4.027
3.697
3.976
4.615
4.046
3.679
3.605
4.019
4.175
4.734
4.303
4.449
3.721
4.089
3.589
4.021
3.580
4.516
3.984
3.486
4.142
3.707
5.096
3.795
3.728
4.165
4.353
3.969
3.759
4.375
3.818
3.950
3.920
3.662
3.838
4.693
3.669
3.944
4.764
4.498
4.002
3.673
4.679
4.864
3.711
3.765
3.657
4.112
3.769
3.823
3.855
4.620
4.359
4.659
4.013
5.173
3.888
4.009
3.820
4.227
4.668
3.974
3.754
3.806
4.037
4.907
4.093
3.842
3.768
3.620
3.865
5.536
4.371
3.638
3.745
3.826
3.903
3.699
3.745
3.685
3.785
3.804
4.713
3.613
3.904
4.705
3.684
4.004
3.794
3.697
3.694
4.047
4.377
5.581
4.555
3.844
4.217
4.011
3.693
3.923
3.949
3.679
3.684
4.091
4.289
3.667
3.857
4.271
4.624
4.612
3.676
4.781
4.765
3.946
4.114
3.662
3.428
3.905
3.626
3.954
3.958
3.767
3.790
4.158
3.629
4.728
3.902
3.954
6.253
4.718
3.905
3.887
4.368
4.250
3.940
3.894
4.185
4.160
3.672
4.201
3.802
4.355
4.591
4.119
3.792
3.873
4.033
4.391
3.821
3.869
4.203
4.433
4.565
4.249
4.282
3.850
3.824
4.165
4.490
3.740
3.688
3.689
3.793
3.778
3.797
4.383
4.279
4.072
3.946
4.061
3.794
4.137
3.925
3.696
3.943
4.096
3.762
3.666
4.631
4.125
3.672
4.226
3.631
3.727
5.231
3.744
4.417
3.749
5.004
3.873
3.947
3.983
3.688
4.352
4.180
3.619
4.662
3.622
3.725
3.811
3.734
3.894
3.813
3.766
3.967
3.657
5.157
4.871
3.932
4.369
4.495
3.786
3.826
3.926
4.001
3.963
3.848
3.537
4.073
3.839
3.673
4.053
4.337
5.073
4.003
3.940
3.844
3.767
5.639
3.650
3.879
3.823
4.218
3.516
3.833
5.176
4.237
4.310
3.880
3.941
3.972
3.893
3.966
3.824
3.706
4.046
3.749
3.928
4.371
3.793
5.012
4.285
3.916
3.762
3.934
4.144
4.353
3.813
3.677
3.806
4.666
3.710
3.881
4.651
3.657
4.017
4.291
4.880
4.004
4.011
3.834
4.383
3.966
3.678
3.798
4.412
3.778
3.908
3.896
4.138
4.360
3.965
3.624
3.601
3.949
6.019
4.722
4.620
3.862
3.988
4.014
3.645
3.939
3.723
6.119
4.454
3.623
4.612
3.677
3.684
3.890
4.367
4.798
4.032
4.307
4.071
4.062
3.838
4.172
3.813
5.113
3.719
3.783
4.022
4.063
3.853
4.746
4.105
5.167
3.529
3.553
4.123
4.116
4.320
4.558
4.602
4.037
3.914
4.064
3.579
3.924
3.766
4.493
3.939
4.534
3.586
3.860
3.646
3.792
3.871
4.770
4.753
3.804
6.036
4.011
3.764
3.835
4.295
3.966
4.004
4.491
4.117
4.228
3.698
3.789
3.839
3.538
3.881
3.670
3.887
3.640
3.854
3.936
3.801
4.088
3.753
4.005
3.983
4.834
3.696
4.803
4.259
3.802
3.804
3.584
4.604
4.130
4.622
4.117
3.892
4.371
3.648
4.382
3.671
3.599
4.042
5.774
3.923
3.753
4.402
3.703
4.162
3.604
4.550
4.014
3.741
3.647
5.090
4.004
4.264
3.972
4.211
3.702
3.774
4.366
4.392
4.907
4.623
4.090
3.826
3.706
3.709
3.741
3.681
3.762
4.131
4.710
4.661
3.759
3.941
3.654
4.963
3.701
3.742
4.152
4.505
4.968
3.739
3.854
5.484
3.804
4.199
4.093
4.283
4.138
4.566
4.144
3.796
3.990
3.649
4.172
3.883
4.049
3.647
3.879
3.931
4.064
4.357
3.781
3.939
4.691
3.878
4.161
4.143
4.205
3.793
3.955
4.193
4.110
3.660
3.709
3.774
4.418
4.634
3.654
3.810
3.990
4.446
4.652
3.962
3.627
3.800
4.791
3.684
3.687
4.083
3.688
4.305
4.626
4.653
4.264
4.429
3.393
4.251
3.584
4.726
4.592
3.935
3.662
3.826
4.237
5.539
5.143
4.845
3.865
3.435
3.853
3.849
3.959
4.560
3.829
4.314
4.099
3.838
5.804
4.211
3.721
3.806
4.848
3.872
3.785
3.775
4.341
3.705
4.092
4.041
5.229
3.919
3.972
3.934
4.069
3.684
3.675
4.032
3.684
4.292
3.771
4.165
4.106
4.668
4.466
3.966
4.035
3.792
3.644
3.944
3.930
4.474
4.774
4.320
4.769
5.026
3.755
3.782
4.618
4.097
3.710
4.240
3.644
3.652
4.451
3.906
3.862
3.984
3.982
5.234
5.052
3.901
4.436
3.893
4.130
4.077
3.732
4.046
4.002
4.090
4.124
4.154
3.797
4.221
3.706
4.133
3.909
3.794
4.520
5.322
3.800
3.994
5.509
4.052
3.952
4.412
3.953
4.213
3.977
3.989
4.058
4.394
3.996
3.812
5.227
3.692
3.703
3.667
4.035
3.724
3.920
3.644
3.851
3.670
4.309
4.646
4.078
4.611
3.792
4.501
4.036
3.704
3.884
4.111
3.781
4.108
3.814
3.711
4.562
4.139
4.110
4.129
4.003
4.410
3.803
4.721
4.072
3.813
3.693
4.468
3.763
3.729
3.953
4.555
4.032
4.118
4.236
4.158
4.181
3.763
3.695
3.839
4.319
3.718
3.790
3.913
5.979
5.185
4.159
4.061
3.794
3.927
4.957
3.633
3.820
4.205
3.984
4.253
3.809
3.709
3.772
4.385
4.117
3.639
4.798
4.209
4.572
3.790
3.921
4.790
3.613
3.879
4.331
3.791
3.944
4.033
4.898
4.003
4.056
3.687
4.009
4.913
3.686
4.183
4.449
3.831
3.969
4.342
3.728
4.077
3.632
3.565
4.390
3.600
4.165
3.669
4.328
3.653
3.955
4.443
4.954
4.310
4.043
5.403
4.251
5.347
3.916
3.985
3.550
3.823
4.354
4.074
4.873
4.062
3.985
4.049
3.856
3.749
3.841
5.388
3.641
6.165
5.757
3.679
4.037
3.925
4.029
3.668
4.756
3.751
3.477
3.883
3.693
4.803
4.977
3.702
3.910
4.153
3.847
3.997
3.731
4.196
3.840
3.810
3.856
3.698
3.741
4.038
3.865
3.868
3.963
3.715
3.856
3.694
4.984
4.099
4.258
5.082
4.527
3.751
3.669
4.323
3.658
3.855
3.811
3.746
4.467
3.730
3.977
3.982
3.715
3.940
3.987
4.325
3.930
4.345
4.758
3.864
4.236
4.001
4.582
3.798
4.363
4.003
5.059
5.112
4.892
3.754
3.720
3.706
3.919
4.228
3.679
4.664
3.699
3.743
4.059
4.084
3.976
4.125
4.127
4.128
3.808
3.396
3.990
4.552
4.430
4.181
4.862
4.244
3.740
3.908
3.907
4.583
4.130
3.925
4.028
4.047
3.970
4.058
4.454
4.279
3.868
3.804
5.230
3.795
3.948
4.313
5.705
4.832
3.758
4.187
4.680
3.944
4.401
4.338
3.799
4.292
3.566
3.898
4.411
3.690
4.265
3.726
4.112
4.086
6.277
4.291
3.850
3.740
3.881
3.837
5.086
4.238
3.768
4.144
3.787
4.632
4.284
4.226
3.973
4.041
4.210
3.843
3.614
3.855
4.417
3.881
4.192
3.930
3.976
3.893
3.875
3.981
4.216
4.637
3.629
4.416
3.966
4.539
3.760
5.035
3.868
3.715
3.891
4.070
3.811
4.452
4.633
4.043
4.133
3.755
4.249
3.716
3.823
3.770
3.724
3.770
4.213
3.994
4.939
3.916
4.190
3.968
4.189
4.728
3.839
5.250
4.934
4.898
3.681
4.134
5.854
4.591
3.714
3.732
3.833
4.460
3.893
3.859
4.377
4.892
4.228
3.989
4.047
3.803
4.224
3.711
4.413
5.339
3.848
4.296
3.832
3.761
4.330
4.511
4.180
3.634
4.236
3.830
3.923
4.391
3.915
4.658
4.436
3.819
3.734
3.733
3.970
4.284
4.333
4.239
4.566
4.770
4.152
3.687
3.638
4.373
4.873
3.742
4.524
3.831
3.668
4.069
3.704
3.731
3.646
3.862
5.183
3.949
3.955
3.876
3.625
3.702
4.260
3.749
3.703
3.774
3.997
3.811
3.999
4.246
3.919
3.704
4.658
4.068
4.485
3.774
4.015
4.146
3.701
3.784
3.792
5.153
3.762
3.834
4.233
3.772
5.522
4.503
4.033
3.928
4.372
4.023
4.471
3.815
3.863
3.708
3.689
4.488
3.592
3.715
3.796
3.761
3.944
3.666
4.587
4.828
4.661
3.777
4.003
4.411
3.788
4.347
4.794
4.127
4.010
4.083
3.644
3.927
4.407
3.751
3.710
3.974
3.926
4.626
3.959
4.049
3.714
3.983
4.785
3.684
4.045
3.752
3.779
3.669
3.848
3.847
4.115
4.104
3.756
3.780
4.360
5.279
4.646
3.812
4.640
4.669
3.838
4.029
3.910
3.769
3.837
4.750
4.215
3.957
3.778
3.986
4.248
5.737
3.702
4.741
4.201
4.248
3.784
3.579
3.790
4.013
4.143
3.782
4.540
3.681
4.016
4.044
3.721
3.979
4.417
4.178
3.781
4.010
4.306
4.034
4.931
3.846
4.027
3.687
3.765
4.563
4.271
3.760
4.122
4.584
3.762
4.548
3.794
4.389
5.038
3.928
3.969
3.738
4.254
3.834
3.923
3.993
4.260
3.705
3.966
3.604
3.691
3.859
3.785
4.022
4.949
3.587
3.684
3.957
5.745
5.685
4.699
4.338
4.021
3.905
4.587
4.005
4.583
3.599
3.735
4.018
3.811
4.412
3.903
3.824
3.691
3.992
3.986
3.808
4.023
3.847
3.957
3.658
3.684
4.109
4.372
4.465
4.492
3.698
4.806
3.675
3.619
4.519
4.096
3.867
3.836
4.221
4.333
3.736
3.702
3.849
3.888
3.865
3.927
4.015
3.704
4.131
4.650
4.106
3.997
5.260
5.081
4.491
3.877
3.969
4.162
3.736
3.823
4.209
4.127
4.119
4.660
3.760
3.902
3.738
3.978
3.866
4.835
4.001
3.687
3.890
4.148
4.647
3.834
3.757
4.245
4.306
4.950
4.805
4.025
3.879
3.886
3.852
3.972
4.619
4.446
4.832
4.265
4.133
3.965
3.866
4.282
4.960
6.158
4.945
4.249
4.129
3.853
3.862
4.087
3.739
3.911
3.896
4.130
4.515
3.929
4.500
3.815
4.479
4.439
4.520
3.728
5.234
4.319
3.660
4.253
3.679
3.773
3.721
3.956
3.740
3.942
3.731
4.069
5.300
4.167
3.980
3.688
4.388
4.346
3.674
4.339
4.019
3.743
4.369
4.098
3.986
4.641
3.601
4.176
3.805
3.733
3.797
3.770
3.965
5.203
5.519
4.230
3.979
3.693
4.101
3.966
3.701
3.972
4.008
3.834
4.128
4.750
4.702
4.379
4.382
4.023
3.628
3.808
3.767
3.743
4.273
4.491
4.267
4.888
3.671
4.895
3.842
3.723
3.781
3.747
3.715
3.731
3.746
3.702
4.850
3.827
3.942
4.115
3.808
3.867
4.245
3.914
4.510
3.790
3.697
3.882
5.058
3.950
4.121
4.524
4.190
4.278
3.809
4.532
3.781
3.754
3.739
3.845
4.005
3.641
4.530
3.727
3.861
3.845
4.361
5.636
4.630
3.594
3.746
3.879
4.142
3.897
3.766
3.941
5.223
4.242
3.969
3.705
3.872
4.042
3.762
4.842
3.878
4.446
3.830
3.815
3.725
4.186
3.704
4.101
3.665
4.907
4.043
3.811
4.454
4.330
4.123
3.726
3.825
4.312
3.998
4.649
3.768
4.364
4.373
3.974
3.753
4.260
4.047
3.819
4.375
4.136
3.674
4.246
5.518
4.114
4.561
3.754
5.023
4.272
3.815
3.860
3.818
3.891
3.766
3.762
3.994
4.016
5.201
4.151
3.733
3.926
4.219
4.155
3.682
4.040
5.386
3.776
3.776
4.501
3.676
4.201
4.842
4.532
5.851
3.755
4.002
3.977
4.114
3.783
4.245
4.147
4.093
4.927
3.793
3.776
3.684
5.600
5.827
3.854
3.717
5.321
4.930
4.208
3.748
4.076
4.036
4.534
3.720
4.317
3.686
3.785
4.178
3.882
3.741
3.966
3.661
3.696
3.852
3.941
3.934
4.041
4.404
3.850
3.932
4.572
3.947
4.431
3.777
4.951
3.878
4.331
4.610
3.772
4.767
3.816
4.433
3.855
4.541
3.843
5.950
4.963
3.802
3.989
3.942
3.778
4.267
4.954
3.860
3.942
3.671
4.045
3.868
3.730
3.569
3.933
4.189
3.717
4.071
5.420
3.815
4.599
4.127
3.894
4.121
3.738
3.747
3.979
3.967
3.697
4.016
3.737
3.724
4.308
3.779
4.668
3.712
4.674
4.346
4.377
4.540
4.052
3.767
3.614
3.977
3.986
4.893
3.903
3.725
5.694
3.919
3.972
5.635
3.880
3.745
3.753
4.283
4.332
3.925
3.941
3.829
3.817
4.497
4.370
3.937
4.735
3.840
4.454
4.032
3.838
4.320
4.201
5.333
3.758
4.758
4.749
4.147
3.756
3.922
4.368
3.858
4.459
3.939
4.198
5.609
4.140
4.087
3.828
3.928
4.253
3.862
4.131
3.896
3.754
5.204
4.045
4.560
3.905
4.339
3.942
4.452
4.118
4.338
3.752
3.942
3.895
4.501
5.237
4.571
3.989
3.836
4.615
4.229
3.795
3.960
4.142
4.343
4.325
3.761
4.387
6.242
3.950
3.875
3.762
3.802
3.962
4.589
5.072
4.227
5.234
4.654
4.177
3.893
4.502
3.838
3.891
4.149
3.884
3.794
4.314
3.918
3.853
3.950
4.201
3.865
3.885
4.842
4.730
4.432
4.294
4.200
4.287
4.821
4.135
3.992
4.270
3.794
4.339
4.084
4.493
3.767
4.337
4.730
4.057
4.083
4.487
3.920
3.833
3.953
3.965
3.917
4.232
4.161
4.083
3.859
3.776
4.362
5.176
3.842
4.489
5.047
3.927
4.021
3.859
3.886
4.074
3.943
3.797
4.061
3.896
3.932
3.857
3.960
5.171
4.414
3.824
4.520
3.937
4.199
4.245
3.941
5.030
4.140
4.287
4.384
3.847
3.766
4.287
3.954
4.033
3.813
4.469
3.993
3.764
4.121
4.139
3.742
3.859
4.618
3.764
3.800
3.857
4.259
4.250
3.808
4.274
3.748
3.741
5.364
3.919
4.510
3.901
5.606
3.996
4.148
5.318
4.105
5.324
3.772
4.545
3.813
4.456
4.571
4.336
3.911
3.908
3.921
4.608
4.034
4.287
3.752
3.882
4.579
4.135
3.974
4.119
4.169
4.013
4.110
3.970
4.074
3.850
3.833
4.071
4.238
3.815
4.289
3.860
4.091
3.799
4.309
4.027
3.745
3.976
3.848
3.857
3.775
5.000
4.194
3.803
4.342
3.790
3.815
4.546
3.963
3.742
4.011
4.386
3.868
4.047
3.871
4.331
4.196
4.156
3.842
4.685
4.022
3.803
4.159
4.463
4.599
4.364
3.768
4.443
3.973
4.624
3.925
4.050
4.372
4.324
4.408
3.903
3.919
5.093
3.852
3.825
3.749
3.927
3.972
4.316
3.872
3.805
4.088
3.915
4.949
4.041
4.607
3.851
4.110
3.774
4.875
4.344
3.891
4.433
5.246
4.789
4.295
3.771
3.815
3.777
3.781
4.323
3.959
3.745
3.838
4.768
3.879
4.022
3.981
4.194
4.217
4.000
3.740
3.890
5.194
4.009
3.964
4.713
3.973
4.004
4.015
3.903
4.225
3.920
3.887
4.068
3.756
4.555
3.947
3.930
3.765
5.092
4.631
4.463
4.098
3.913
3.994
3.935
3.952
4.816
4.593
3.932
3.942
4.185
3.775
3.834
4.501
3.897
4.704
4.629
4.162
3.776
4.185
4.750
3.897
3.789
4.805
4.097
3.945
4.900
4.242
3.905
3.892
3.741
3.891
3.850
3.996
3.975
4.356
4.191
5.011
3.810
5.186
4.113
4.724
4.029
3.896
3.758
3.968
3.798
3.759
4.022
4.024
3.914
5.556
3.978
4.200
4.059
4.508
3.758
4.281
3.879
4.680
4.575
3.956
4.128
3.893
4.133
4.926
3.866
3.790
4.523
3.784
4.234
4.866
4.744
4.320
4.437
4.394
4.235
3.783
3.970
4.350
3.947
4.050
4.443
4.072
4.330
4.670
4.007
3.860
3.833
4.255
3.789
3.777
3.854
3.799
3.920
4.396
4.287
3.779
3.928
3.863
4.591
3.830
3.792
3.957
5.703
4.103
3.897
3.810
4.015
5.261
3.882
4.716
4.182
3.977
3.783
4.496
3.818
4.154
4.867
4.120
3.760
3.829
4.141
3.929
4.275
4.236
4.415
3.790
3.811
3.825
4.311
3.827
3.810
3.950
4.425
4.046
3.927
4.318
4.629
4.146
4.117
3.814
3.830
4.158
3.860
4.102
4.819
4.159
5.005
4.332
4.721
3.781
3.939
5.284
3.761
3.948
4.149
4.246
4.108
3.809
4.339
4.973
4.689
3.808
3.898
4.718
4.936
3.955
4.524
4.052
4.875
3.980
4.542
4.015
3.742
3.856
4.982
3.932
4.546
4.040
4.068
4.422
4.370
4.170
4.324
4.418
4.174
5.214
4.424
5.297
3.824
5.138
4.370
4.426
4.825
3.887
4.285
4.304
4.050
4.150
3.953
3.972
3.865
3.744
3.887
3.871
4.283
4.086
3.750
4.052
4.752
4.000
4.547
4.317
5.358
3.914
4.494
4.195
3.869
4.060
4.191
4.936
4.210
3.828
4.467
4.243
4.144
3.772
3.843
3.897
4.192
5.147
4.547
4.448
4.142
4.465
3.864
4.158
4.295
4.389
4.818
4.081
4.339
3.910
6.073
3.828
5.025
4.045
4.030
4.335
4.033
4.193
3.855
3.991
4.354
3.822
3.925
3.931
4.109
5.752
3.819
3.901
3.963
4.005
4.487
4.736
3.919
4.241
3.938
4.087
4.353
4.191
4.468
3.894
4.221
4.030
3.811
3.747
4.318
5.317
3.929
4.144
4.015
4.347
4.025
3.957
3.934
3.962
3.768
4.402
4.134
4.143
4.050
3.748
4.232
3.826
4.979
3.864
4.085
4.934
3.945
3.808
3.863
4.417
4.078
4.024
5.385
4.309
4.317
4.556
3.964
4.159
3.805
4.547
4.508
4.020
5.093
3.802
4.603
3.789
3.802
4.494
3.859
4.459
4.133
4.084
4.172
3.893
3.795
3.770
4.163
4.369
3.761
4.230
4.528
3.872
4.103
5.560
5.919
4.377
3.907
4.074
4.175
3.951
4.873
4.580
4.205
4.298
4.463
3.946
3.768
3.986
4.061
3.771
3.927
4.113
3.876
3.822
4.826
5.188
3.741
3.746
3.753
3.771
4.299
3.796
4.275
4.664
4.729
4.021
3.869
3.837
4.509
5.178
3.816
4.372
4.273
5.279
6.179
4.087
3.916
5.459
3.813
4.830
4.794
4.071
3.828
4.137
3.911
4.102
4.175
4.521
4.764
3.818
3.785
3.802
3.874
3.888
3.955
4.008
3.894
3.814
3.992
3.816
4.233
3.915
4.775
3.957
4.110
5.379
3.818
3.829
4.103
4.244
3.951
3.834
5.763
4.677
3.985
3.808
4.339
4.070
3.818
3.799
4.530
4.587
4.083
3.965
4.080
4.871
4.799
4.999
3.912
4.078
4.072
3.949
4.216
4.058
4.600
4.466
4.652
4.282
3.795
3.914
4.001
4.313
3.845
3.776
3.757
4.152
3.772
4.063
4.531
4.586
4.082
4.162
3.934
4.462
4.772
4.669
4.097
3.777
5.158
3.784
4.103
3.773
4.387
3.746
3.832
4.196
4.931
3.850
3.782
3.901
4.795
4.309
4.061
4.414
4.194
4.959
3.830
4.022
3.775
4.043
4.472
3.978
4.788
3.786
4.383
4.033
4.497
3.945
3.956
3.773
4.286
4.066
4.009
4.119
4.101
4.147
3.747
4.003
4.202
4.658
4.574
4.162
3.853
4.059
3.852
3.746
3.766
4.366
3.755
4.556
3.864
3.932
3.905
4.347
4.166
4.832
4.087
4.535
3.853
4.196
4.222
4.187
3.880
4.487
4.004
4.557
4.130
3.776
3.758
3.953
4.011
4.058
3.776
3.921
4.639
3.809
4.504
3.923
4.370
4.802
4.001
4.120
4.649
4.658
4.057
4.183
4.012
4.185
3.821
5.429
4.234
4.763
3.926
4.255
3.754
3.803
3.777
4.020
4.460
3.763
4.188
5.063
4.585
4.666
3.971
3.866
4.051
4.035
3.876
4.143
4.200
3.827
5.133
4.382
4.111
3.799
4.473
4.138
4.852
3.958
4.661
3.855
3.815
4.230
3.990
3.752
3.858
3.957
4.150
4.163
4.600
3.961
4.781
4.295
4.185
3.859
4.256
3.884
4.228
3.745
3.867
4.132
3.758
4.006
3.846
3.849
4.643
4.687
4.902
3.927
3.817
4.317
4.264
4.755
4.650
3.825
4.592
4.044
4.553
3.948
3.747
3.749
5.603
4.726
4.105
3.919
4.264
4.201
4.049
4.377
4.915
3.974
5.214
3.822
6.046
3.800
4.527
3.771
4.489
4.231
4.397
4.055
3.899
3.981
3.752
3.891
3.807
4.986
4.317
3.785
5.077
3.935
3.800
3.825
4.681
4.370
4.400
4.267
4.127
3.792
4.540
3.949
4.343
3.905
4.055
3.792
3.788
4.297
4.486
3.860
5.236
3.886
3.932
3.902
3.790
4.409
4.139
3.862
4.147
5.412
3.791
3.837
4.710
4.407
3.836
3.912
4.154
3.935
4.330
4.026
3.862
3.834
4.152
4.117
4.364
3.972
3.913
4.005
3.842
4.362
3.913
4.082
4.801
4.069
3.791
3.807
4.186
5.452
5.285
4.169
4.065
3.936
4.660
3.952
3.796
3.882
4.099
4.462
3.767
4.016
3.761
3.820
3.863
3.983
4.228
4.263
5.233
3.743
4.271
4.452
5.160
4.692
4.590
4.142
4.147
3.769
3.939
4.854
4.105
4.006
5.163
4.353
3.771
4.266
4.424
4.173
4.488
4.159
4.356
3.924
4.558
3.879
3.914
3.917
4.358
4.249
5.248
4.471
3.793
3.781
3.957
4.322
4.227
3.958
4.052
3.895
4.309
3.755
4.487
3.915
4.103
3.922
3.789
4.007
4.321
4.452
3.766
3.756
4.390
4.203
4.908
4.091
3.820
4.553
3.747
3.764
3.841
3.791
3.800
4.021
4.008
3.868
3.925
4.059
4.053
3.974
4.023
5.511
3.773
3.953
3.976
4.111
3.780
3.742
4.373
4.086
3.782
3.841
3.786
3.766
5.671
4.774
3.796
4.258
4.277
3.778
3.992
4.221
3.848
4.301
3.906
3.916
4.018
4.648
3.957
3.845
4.710
4.091
4.357
4.154
4.143
4.005
3.743
4.325
4.817
3.750
4.079
4.060
3.850
3.935
3.800
4.861
4.670
4.177
5.249
4.011
4.777
3.869
4.887
4.233
4.031
3.805
3.867
4.050
4.137
4.244
5.485
3.910
3.780
4.125
5.124
4.461
4.032
4.310
5.944
4.809
3.779
3.768
4.046
4.006
4.387
3.748
4.395
3.919
4.865
3.857
3.894
5.088
4.030
4.250
3.810
5.561
5.411
4.116
3.748
4.823
4.260
3.900
4.845
3.755
4.570
3.983
4.527
3.774
3.804
3.788
3.863
4.016
3.767
5.236
3.807
3.764
4.174
4.336
5.421
3.928
4.260
3.800
4.451
4.162
4.671
4.057
3.840
4.688
4.125
4.322
3.862
3.961
4.349
5.057
3.908
3.782
4.052
4.157
3.988
5.039
4.311
3.803
4.248
3.870
4.286
3.843
3.928
4.143
4.136
4.374
4.168
3.972
4.112
3.805
3.893
3.962
3.869
3.751
5.145
4.262
3.809
4.019
3.755
4.177
4.353
4.914
3.776
4.341
4.260
3.753
3.997
3.767
3.879
4.045
4.345
4.036
3.993
3.775
4.265
3.924
4.094
5.617
3.749
3.824
4.022
3.935
3.878
3.933
3.797
4.285
3.742
3.953
3.877
4.399
3.848
4.239
4.375
3.926
4.005
4.344
3.912
4.699
3.946
4.239
3.883
4.263
3.850
3.979
4.150
4.371
4.431
4.708
3.748
3.948
4.908
4.075
3.796
5.665
5.812
5.006
4.488
3.938
4.141
4.345
4.384
4.126
4.200
4.230
3.808
3.789
4.674
3.761
3.874
4.061
3.956
3.869
4.762
4.704
3.749
4.060
4.616
4.548
3.754
3.997
3.913
3.946
4.622
3.976
4.273
3.945
3.843
3.806
3.970
3.939
4.971
3.774
3.969
3.966
4.241
4.231
3.773
4.543
5.747
4.353
3.884
4.476
3.852
4.418
4.717
4.007
4.002
4.137
3.900
3.862
4.587
4.144
4.210
3.753
3.979
3.984
3.859
3.796
3.994
3.837
4.598
3.778
3.755
3.833
4.306
4.676
3.940
4.378
4.812
3.944
4.667
3.874
3.929
4.347
4.318
3.801
4.195
3.823
4.300
4.308
4.441
3.776
4.723
3.765
4.160
3.967
3.754
3.823
4.826
3.758
4.608
4.095
3.752
3.803
3.942
3.962
4.126
4.547
4.034
4.596
4.344
3.923
3.750
4.115
3.877
3.793
4.157
3.813
4.348
4.551
4.588
4.285
4.326
5.020
4.609
3.825
3.902
4.670
3.766
4.303
4.540
4.101
3.830
4.484
4.367
4.575
3.836
3.856
3.979
4.130
3.920
3.863
3.817
4.255
4.083
3.944
3.799
3.808
3.770
4.241
4.518
3.856
3.808
4.229
4.776
4.672
4.392
3.889
4.731
4.343
3.783
3.843
3.962
3.856
4.126
3.966
3.873
3.831
3.759
3.927
4.402
4.382
3.847
4.516
5.402
4.308
3.811
3.867
3.845
3.771
3.841
4.117
4.323
3.806
4.036
4.224
4.245
3.794
3.967
4.731
3.851
3.762
4.269
4.229
4.934
4.775
3.936
5.984
4.386
3.858
3.994
4.287
4.070
3.871
3.791
4.178
5.004
4.009
3.835
3.760
3.797
4.022
5.644
3.880
3.985
3.796
3.751
4.666
4.421
3.843
3.826
3.742
3.980
4.233
4.034
3.912
3.977
4.086
4.116
3.862
4.457
4.018
4.477
5.333
3.823
3.823
4.543
3.803
4.211
4.602
4.021
4.588
4.171
4.478
4.666
4.047
3.812
4.074
3.748
4.337
4.055
4.369
4.228
3.826
4.083
3.756
4.765
4.296
4.123
3.776
3.867
3.999
4.450
3.945
5.136
4.804
4.009
3.916
3.775
4.160
4.274
3.932
3.987
4.657
4.263
3.759
4.390
3.985
3.917
4.140
4.694
4.664
3.890
3.955
4.300
4.041
3.963
4.504
3.968
4.437
4.836
3.817
4.264
3.933
4.379
4.587
4.218
3.892
3.790
4.601
3.896
4.089
4.187
4.394
4.119
3.752
3.983
4.102
3.753
3.955
3.884
3.741
3.782
4.611
4.353
4.049
5.218
3.744
3.856
4.086
3.787
4.011
4.078
4.114
5.421
4.099
4.149
3.808
4.120
5.026
3.963
4.013
3.982
5.289
3.844
4.025
3.795
5.497
4.414
3.915
4.150
3.986
5.215
3.886
4.718
4.281
4.127
3.989
3.772
5.030
3.995
3.977
3.837
4.316
3.857
3.867
4.907
3.748
3.870
3.820
3.868
4.031
4.177
4.233
3.886
4.109
3.748
4.933
4.003
3.835
4.095
3.933
4.003
4.354
4.578
4.154
4.020
3.839
4.111
3.972
5.064
3.781
4.634
4.519
4.712
4.577
3.824
3.752
3.901
3.976
4.924
3.939
3.978
4.374
3.812
4.571
3.954
3.886
3.815
4.135
3.771
4.127
4.041
4.174
3.885
3.969
4.143
3.811
4.291
4.079
4.318
3.763
3.846
4.148
3.799
3.950
4.870
4.021
4.448
5.163
3.802
4.382
4.115
3.782
3.939
4.284
3.873
3.832
3.929
3.761
4.560
4.140
5.669
4.430
3.951
4.127
4.055
3.808
4.428
5.011
4.688
3.883
4.247
3.983
4.234
4.849
5.025
3.902
3.857
3.984
6.301
3.749
4.138
3.990
3.851
3.749
3.753
4.052
3.897
4.589
3.998
4.630
3.773
5.088
3.825
3.950
4.137
3.772
3.839
3.937
4.319
4.228
4.477
4.458
3.868
3.934
4.423
4.354
3.749
3.775
4.793
3.842
3.974
3.993
3.753
3.910
4.083
4.019
3.910
4.182
4.106
3.876
4.528
4.731
4.168
3.812
3.796
3.831
4.513
3.798
4.727
4.010
4.286
5.557
4.406
3.827
4.778
3.871
4.373
3.995
4.426
3.796
3.915
3.925
4.142
3.919
4.338
3.899
4.367
4.397
4.069
4.102
3.772
3.994
4.098
3.836
3.801
5.514
4.260
4.483
4.346
4.033
4.090
3.854
4.280
3.885
3.947
3.865
4.047
3.918
3.938
4.102
3.938
4.388
4.210
4.021
4.781
5.097
4.565
4.261
4.642
4.042
3.769
4.623
3.761
4.340
4.182
4.194
3.805
3.794
3.855
3.982
3.958
3.978
3.964
4.772
4.347
4.053
3.758
4.148
5.116
4.304
3.747
4.340
4.083
4.517
3.785
4.229
4.262
3.933
3.804
4.094
3.882
3.825
4.234
3.953
3.967
3.751
3.853
3.903
3.873
4.137
4.125
4.321
4.091
4.368
4.045
3.783
3.755
3.922
3.765
4.311
3.828
4.204
4.402
4.308
4.299
3.859
4.504
5.167
4.616
5.081
3.877
3.962
3.803
4.418
4.496
3.798
4.994
3.809
3.807
3.836
4.002
3.931
3.830
3.771
3.898
3.881
4.443
5.609
3.957
3.747
3.956
4.124
4.469
3.805
3.833
4.586
4.286
4.416
4.438
3.778
4.818
3.765
3.762
4.131
3.768
3.924
4.956
4.013
4.207
3.980
3.801
3.741
3.990
4.910
3.942
4.145
4.329
3.878
4.111
5.399
3.818
4.186
3.897
3.822
4.298
3.951
4.106
3.832
3.857
3.833
3.748
4.491
3.801
4.085
3.879
3.747
4.468
4.342
3.844
3.922
4.027
3.880
5.281
3.787
3.753
5.097
4.201
5.971
4.009
4.204
3.891
4.205
4.036
4.129
3.743
3.795
4.087
4.012
4.177
3.951
4.397
3.801
4.156
3.801
3.926
4.286
3.800
3.966
3.849
3.862
4.465
4.131
3.959
3.951
4.808
5.768
3.940
4.066
4.527
3.908
3.790
4.214
3.769
3.800
4.840
4.041
3.880
4.393
3.805
3.820
3.916
4.224
3.840
4.298
3.905
3.857
3.939
4.603
3.994
3.749
4.576
4.420
5.173
4.602
4.617
4.076
4.170
4.890
4.037
4.378
3.857
4.271
3.807
4.748
4.123
3.925
3.851
3.827
4.012
4.100
4.000
4.306
3.887
3.938
3.934
4.152
3.857
4.083
3.808
3.936
3.959
3.977
3.957
4.210
5.517
4.633
3.836
3.980
3.966
4.318
3.972
3.802
4.296
4.758
3.808
3.967
3.845
3.763
3.797
3.756
3.871
4.414
4.452
4.056
4.224
4.455
4.335
4.051
3.922
3.930
3.987
3.842
4.075
3.817
3.966
4.982
4.141
3.854
3.959
4.094
3.912
3.832
3.787
3.952
4.258
4.149
4.986
3.877
4.236
3.934
3.871
3.965
4.738
3.884
3.812
3.890
3.935
3.880
4.329
3.779
4.073
4.839
3.982
3.833
4.753
3.861
4.132
4.871
3.986
4.612
4.297
3.930
4.872
5.904
3.951
3.995
3.914
3.951
3.834
3.778
4.417
3.751
4.403
4.079
3.793
4.907
4.705
3.929
3.923
4.240
3.939
3.843
3.897
3.948
3.809
5.309
3.758
3.988
5.101
4.115
4.143
4.111
5.048
3.760
4.398
3.746
4.288
3.843
3.788
3.750
4.453
4.991
3.842
4.456
5.167
3.765
3.917
3.870
4.052
4.388
3.743
3.844
3.980
3.771
4.008
5.231
3.889
4.881
4.402
3.794
4.083
3.895
3.887
3.807
3.770
3.933
3.878
4.791
4.512
4.541
4.684
4.278
5.091
4.103
3.825
3.883
4.154
3.796
3.880
3.818
4.125
4.574
4.139
4.542
4.633
3.774
3.935
4.917
3.786
4.113
3.766
3.879
3.895
4.772
4.039
4.055
5.109
4.373
3.896
3.877
6.120
4.048
5.136
3.816
4.341
3.832
3.809
5.238
3.805
3.967
4.235
3.781
4.364
4.507
3.809
4.048
4.801
4.469
4.531
4.001
4.091
3.887
3.941
3.758
5.179
4.649
5.701
4.640
3.775
3.863
4.085
4.126
4.156
3.901
3.994
3.752
3.921
4.157
3.994
4.007
4.656
3.893
3.799
3.979
4.040
3.767
4.905
3.992
3.801
3.897
3.814
4.187
3.835
4.319
4.158
5.126
3.951
3.970
3.990
3.907
3.784
3.783
4.315
4.962
3.761
3.825
4.046
4.019
3.796
3.884
4.050
3.883
3.892
3.786
4.162
4.357
4.296
3.793
3.884
5.506
3.926
4.017
4.312
5.084
3.993
4.049
4.515
3.843
3.871
3.963
3.814
3.950
3.771
4.264
3.778
4.662
3.801
3.846
4.548
3.904
3.956
3.945
4.310
4.211
4.423
4.649
3.941
4.389
4.181
4.190
4.857
3.814
4.682
4.262
4.735
4.495
3.936
3.804
4.189
3.820
4.895
4.339
4.028
4.098
4.744
3.793
4.270
4.179
4.041
4.016
3.807
3.922
3.765
4.921
3.804
3.978
4.301
4.552
4.747
3.917
4.022
5.570
4.180
4.337
3.811
4.448
3.772
3.758
3.837
4.403
3.784
3.887
4.484
4.202
3.758
3.930
4.186
4.195
3.913
5.786
3.849
3.759
4.002
4.106
4.501
4.471
4.098
4.921
4.285
3.769
4.038
3.806
3.897
4.316
3.981
3.897
4.409
4.565
4.290
3.998
4.234
3.867
3.766
4.141
4.194
3.868
3.954
4.215
5.017
3.945
4.480
5.240
3.818
4.164
4.030
3.983
4.384
3.898
4.317
3.822
3.956
3.804
4.207
3.854
4.629
4.952
3.795
4.457
3.948
3.860
3.759
3.884
3.906
3.773
4.629
3.909
3.852
3.764
4.293
4.887
4.815
3.852
3.926
3.795
3.783
4.076
3.827
4.066
3.848
4.656
5.116
3.967
4.088
3.797
3.966
4.570
3.898
3.895
4.007
3.754
4.398
3.939
4.352
4.496
4.804
3.803
4.155
3.764
3.771
3.830
4.084
3.881
5.883
4.503
4.721
3.966
3.770
4.348
3.989
5.025
4.197
3.947
3.829
3.966
4.639
4.088
4.610
3.970
3.774
5.705
3.787
3.929
4.140
3.808
5.648
4.233
4.076
4.548
3.981
3.753
3.741
5.040
4.160
4.561
4.255
4.283
4.023
3.761
4.208
4.078
3.825
4.346
4.207
4.255
3.791
3.754
4.309
3.831
3.934
3.924
4.138
3.787
6.364
4.146
3.755
4.137
3.820
4.071
4.331
4.129
4.239
4.215
4.701
3.858
3.754
4.014
4.072
3.806
3.910
3.951
4.226
3.893
6.114
3.915
4.191
4.793
4.214
4.883
3.819
4.083
4.099
4.116
3.941
3.799
4.053
4.699
3.847
4.181
3.842
3.785
4.136
4.000
3.901
3.977
4.079
3.892
4.250
4.445
4.609
3.990
4.016
4.091
4.230
4.472
3.838
3.776
4.025
3.754
3.831
3.831
4.916
3.780
3.963
4.362
4.023
4.633
4.128
4.523
4.376
4.058
4.364
3.767
5.807
4.186
4.810
3.993
4.069
4.836
3.751
4.521
3.765
3.853
3.778
4.136
4.124
4.078
4.407
4.352
3.802
4.000
3.995
3.882
4.151
4.260
4.218
3.782
3.858
4.171
3.814
3.966
4.323
4.136
4.512
3.922
4.901
4.661
3.792
4.222
4.087
3.871
3.945
5.009
3.755
3.976
3.969
4.372
3.882
3.913
3.878
4.089
3.966
3.781
4.274
3.802
4.812
4.114
4.390
3.882
4.475
4.269
3.768
3.972
3.863
4.290
3.818
4.149
3.758
3.798
4.851
4.009
4.202
4.338
3.838
3.803
3.742
3.835
4.152
3.960
4.522
4.177
4.256
4.006
4.715
3.998
4.151
3.771
4.798
3.970
3.950
4.801
4.439
4.244
3.771
4.731
5.159
3.841
4.231
3.775
3.803
4.022
3.919
4.550
5.476
3.781
3.967
3.791
4.324
3.895
4.076
4.381
4.092
3.750
4.408
3.773
4.052
4.385
4.359
3.810
4.081
4.037
3.891
3.966
5.133
4.502
3.833
4.267
3.910
4.104
3.817
3.779
4.578
3.784
3.759
4.532
3.820
5.699
4.643
4.509
3.772
4.240
4.386
3.820
6.127
3.781
3.816
4.596
4.178
5.735
4.166
3.837
5.059
3.827
4.421
4.328
3.811
3.748
3.963
3.988
4.515
3.893
3.936
3.982
5.945
3.992
3.866
3.850
4.237
3.880
4.421
4.228
4.230
5.258
4.272
3.942
3.845
3.956
4.157
4.089
3.946
4.394
3.918
4.326
4.455
3.924
4.328
3.852
4.556
3.811
4.379
4.200
4.628
3.762
4.120
4.045
3.932
4.455
3.934
4.254
3.885
3.965
3.978
3.823
3.869
3.850
4.560
3.951
4.256
4.176
4.838
3.791
4.659
4.053
3.804
3.954
3.837
4.323
3.804
3.780
3.870
4.095
4.051
3.742
4.617
3.857
4.385
3.805
4.143
4.381
4.662
4.049
5.932
5.686
4.312
4.146
3.810
4.153
3.930
3.915
3.777
4.478
3.762
3.815
3.948
4.621
3.816
4.064
4.642
4.187
4.180
4.202
3.763
4.125
3.866
3.775
3.837
4.631
4.373
3.855
4.050
4.118
4.691
5.787
4.285
4.290
3.820
4.105
3.884
4.013
4.116
4.228
4.907
4.624
3.903
4.276
4.019
3.966
3.785
3.763
3.759
4.172
3.968
4.003
4.131
3.956
4.077
4.392
4.569
3.806
4.861
4.234
4.901
4.044
4.061
3.920
3.998
3.839
3.759
5.124
5.083
4.845
3.806
4.056
4.132
3.900
3.877
4.193
4.394
4.808
4.822
3.973
3.896
3.794
4.078
3.954
4.258
5.566
3.965
4.021
3.804
4.910
4.758
4.547
3.756
3.771
4.070
4.626
5.277
4.006
4.325
4.154
3.796
4.691
3.757
4.622
4.121
4.546
4.201
3.771
4.400
4.088
3.953
4.040
3.775
4.749
4.384
3.997
4.064
4.143
3.955
3.992
3.879
3.760
3.820
3.876
3.813
3.891
3.898
4.034
4.407
4.213
4.675
3.949
4.554
4.501
3.900
3.761
3.920
4.254
4.453
4.109
4.083
3.778
4.504
3.770
4.780
4.614
4.072
4.139
4.754
4.590
3.831
4.700
4.108
3.764
3.752
3.762
3.751
3.858
3.989
4.125
4.163
4.501
4.205
3.888
3.940
3.802
4.939
3.887
4.521
3.877
4.680
4.117
3.798
3.847
4.642
3.823
3.779
3.851
3.799
4.053
5.246
4.729
3.835
3.956
4.028
3.802
3.751
4.136
3.906
4.251
4.092
4.785
3.797
4.064
4.020
4.713
4.220
4.019
4.501
3.773
3.801
4.049
4.390
3.815
3.782
4.878
3.742
5.036
3.742
4.238
3.806
3.898
3.972
3.885
4.132
3.785
4.910
3.863
3.916
3.996
3.939
4.045
3.743
3.775
3.811
3.851
4.163
4.184
4.106
4.643
3.931
3.813
4.116
4.030
3.991
3.799
4.253
4.139
4.161
3.750
5.195
5.389
3.866
4.214
4.510
3.861
3.810
4.402
3.750
4.122
4.365
3.940
4.613
3.829
4.033
4.802
5.090
3.966
3.884
4.316
4.133
3.867
3.841
4.836
3.786
3.795
3.888
3.988
3.748
3.795
4.568
5.135
3.789
3.770
4.078
4.927
4.065
4.498
3.750
4.079
3.794
4.540
3.756
4.369
4.902
4.761
3.886
3.885
3.932
3.873
3.775
4.666
4.090
3.836
4.241
3.759
4.178
3.911
3.877
3.950
3.958
3.767
5.133
3.868
4.418
3.749
3.786
4.319
3.904
3.886
4.050
4.372
5.316
3.751
4.933
3.795
4.465
4.748
3.918
5.260
4.395
3.821
3.745
4.452
3.912
4.450
6.311
4.896
4.022
5.448
4.053
4.154
3.851
4.088
3.904
3.811
4.831
4.261
4.090
3.783
4.159
3.792
4.032
3.747
4.278
3.894
3.815
3.740
3.922
4.584
3.901
3.969
3.843
3.823
4.093
3.886
4.103
4.311
4.311
4.037
4.250
3.939
3.852
3.955
3.944
3.958
4.424
4.068
3.990
4.783
3.770
4.703
3.773
4.014
4.084
3.791
5.000
3.767
4.076
3.744
3.827
4.101
3.859
3.975
4.018
3.886
4.032
4.120
3.799
3.885
3.993
4.688
5.747
3.799
5.006
3.823
4.153
4.584
3.883
3.807
4.532
4.073
4.078
3.958
4.386
4.425
4.235
4.019
4.475
4.293
3.801
3.770
3.747
4.307
4.034
5.495
4.278
5.006
4.122
3.920
4.402
4.181
4.223
4.030
4.434
3.903
3.867
3.991
4.206
3.913
3.884
4.861
4.593
3.810
4.162
3.823
4.156
4.266
4.767
4.606
3.949
4.348
3.954
4.630
3.780
4.030
4.157
4.580
4.571
4.407
3.822
3.930
5.056
3.958
3.882
4.038
4.252
4.331
4.554
4.299
3.825
4.584
4.546
4.153
4.612
4.059
3.963
3.915
3.775
3.943
3.979
3.834
4.595
4.015
4.498
4.202
4.257
4.002
3.957
3.973
4.205
4.900
3.910
4.988
4.167
3.867
3.767
5.010
3.743
3.911
5.466
4.038
4.090
3.789
3.898
3.920
6.025
4.044
4.144
3.776
4.210
4.428
4.889
4.240
4.364
4.229
3.807
3.875
3.786
4.556
4.483
4.727
4.323
4.102
4.413
4.176
4.118
4.066
4.338
4.292
4.165
4.071
4.305
3.779
4.525
4.470
4.426
4.275
3.873
3.903
4.525
3.947
3.828
3.997
4.644
4.823
4.133
5.393
4.112
4.396
4.360
3.824
5.261
4.097
4.657
3.907
3.854
4.103
3.810
3.938
4.704
3.740
3.795
4.407
3.904
4.447
3.894
4.664
4.035
4.221
5.081
3.931
3.840
3.791
3.839
3.781
4.297
3.950
3.920
4.571
3.976
3.952
3.982
5.589
4.046
3.768
4.148
3.784
4.272
5.698
3.917
3.799
3.978
4.006
4.006
5.488
4.177
3.966
3.881
4.063
3.907
3.789
6.079
6.004
4.993
3.742
3.873
3.891
3.938
3.984
4.009
3.750
3.896
4.223
4.135
4.052
3.761
3.772
3.769
4.091
4.172
4.376
3.983
4.518
3.753
4.815
4.051
4.841
4.620
3.959
4.066
4.124
4.076
4.510
4.124
4.198
4.358
4.500
5.200
5.045
3.758
5.128
3.962
4.807
3.912
4.091
4.350
3.921
4.133
3.989
3.767
4.442
4.623
4.291
4.030
5.753
4.000
3.774
4.025
3.936
3.842
4.098
3.966
4.169
4.063
4.301
4.387
3.890
4.266
3.915
3.868
3.861
3.961
3.840
5.157
4.154
3.917
3.858
4.083
3.819
3.882
4.184
4.107
4.443
3.950
3.868
4.145
3.980
4.093
4.175
3.931
4.181
3.999
4.419
4.146
4.152
3.781
4.037
3.906
4.345
3.844
4.359
4.082
4.074
4.434
3.741
4.256
3.811
3.741
3.766
4.055
3.769
3.749
3.825
3.774
3.979
3.856
3.862
4.064
4.261
3.958
4.050
3.950
5.000
4.122
4.356
4.092
4.150
3.942
3.847
4.905
4.739
4.311
4.137
3.965
4.649
3.824
3.754
3.793
3.932
4.241
4.126
4.472
3.973
4.387
4.054
4.594
4.226
3.927
3.834
3.968
4.764
3.975
4.544
4.879
4.067
5.385
3.849
4.005
4.603
5.456
4.275
4.000
4.012
3.998
4.425
3.797
4.896
3.853
4.241
4.259
4.255
3.822
4.251
3.840
3.928
4.031
4.480
3.796
4.267
3.830
3.752
3.832
4.559
3.920
3.756
3.961
3.839
5.500
3.832
3.810
3.780
3.823
4.085
3.926
4.623
4.323
4.061
4.157
3.790
4.544
5.806
4.244
3.857
3.831
3.870
4.014
4.338
4.711
3.769
3.886
3.986
4.383
4.000
4.453
4.039
3.942
3.880
4.860
4.245
3.804
4.053
4.900
4.054
3.752
3.793
4.925
3.780
4.019
3.996
3.915
4.144
3.851
3.740
3.938
3.749
3.914
4.060
4.226
3.926
4.033
4.363
3.991
4.254
3.809
3.988
3.891
3.767
3.996
4.809
3.842
4.090
4.818
3.981
3.996
4.335
5.628
4.809
3.923
3.774
3.900
3.782
3.767
4.151
3.754
3.766
3.826
3.806
4.945
3.920
4.339
4.157
3.846
3.751
4.038
4.285
4.810
4.539
4.059
3.805
4.092
6.154
4.147
4.163
4.156
4.242
4.492
3.742
4.563
4.128
3.829
4.087
4.022
3.833
3.984
3.848
4.188
5.438
3.755
3.989
4.272
3.757
4.167
4.087
3.770
3.745
4.816
4.250
3.910
3.769
3.957
4.282
3.993
3.916
4.473
4.648
4.407
3.865
4.556
4.022
4.220
3.945
4.598
4.132
4.606
3.927
4.503
4.093
3.974
4.618
4.028
4.002
4.199
5.200
3.841
3.810
4.006
4.016
4.025
4.922
4.154
4.883
3.832
4.029
3.968
3.948
4.917
4.188
4.061
3.876
3.959
3.924
4.115
4.030
4.029
4.095
3.824
4.813
3.920
4.251
4.230
4.400
4.593
3.795
3.924
4.830
3.742
4.011
4.418
3.779
3.975
3.914
4.059
4.162
4.336
3.961
3.846
3.800
4.800
3.862
3.774
4.022
4.103
4.167
3.743
4.211
3.855
3.924
4.307
4.078
3.757
3.902
4.254
4.517
4.178
4.290
3.917
3.843
4.844
3.849
4.006
4.462
5.193
4.075
4.263
4.782
3.820
4.305
4.015
3.896
3.900
3.895
3.992
3.913
3.819
3.807
3.819
3.801
4.029
4.216
4.694
4.165
3.880
5.367
4.297
3.841
3.875
3.820
4.104
3.759
3.787
3.881
4.107
4.626
4.474
4.395
4.260
4.433
3.930
4.149
3.853
4.953
3.859
3.787
4.012
4.380
4.526
5.186
4.852
4.362
4.031
3.999
3.778
4.495
3.982
3.923
3.827
4.078
3.810
5.200
4.707
4.947
4.418
4.100
4.651
3.880
4.599
4.219
4.205
4.099
4.013
4.506
4.536
4.163
5.117
4.221
3.818
3.863
3.967
4.408
3.972
4.562
3.941
4.461
3.774
3.874
4.661
3.896
3.776
3.776
4.316
4.092
4.655
4.037
4.345
3.992
3.982
3.756
4.023
3.752
3.934
4.070
3.766
4.105
3.769
4.251
3.921
3.849
4.669
3.917
3.871
4.228
4.377
4.121
3.756
3.816
3.834
4.736
4.194
4.095
4.574
4.074
4.875
5.197
4.246
4.056
5.421
3.979
4.350
4.226
4.138
4.650
3.999
4.240
3.998
3.829
3.958
4.074
3.847
3.799
4.552
4.174
3.924
3.760
4.052
3.789
3.781
3.922
3.874
4.158
4.867
3.822
3.798
3.811
3.782
3.876
4.181
3.891
3.851
3.964
4.099
4.321
4.136
4.178
3.826
3.923
3.750
4.119
3.754
3.791
3.741
4.892
3.860
3.744
4.256
4.099
4.638
4.183
4.246
3.919
3.826
4.298
4.225
4.733
4.871
4.100
3.863
3.911
4.004
4.103
3.748
3.807
4.496
3.749
3.744
3.769
3.857
3.770
3.772
4.095
3.922
4.064
4.133
4.016
3.919
3.963
3.877
4.495
4.093
3.775
3.983
4.327
3.767
3.832
3.872
4.467
3.833
4.055
3.949
4.470
4.147
3.761
4.484
3.829
3.790
3.757
4.140
3.801
3.808
4.001
4.853
4.065
4.023
3.855
3.835
3.776
3.839
4.325
4.003
4.251
3.850
4.288
3.745
4.252
4.237
4.836
4.031
3.999
4.022
4.185
4.059
3.779
3.862
4.493
4.307
4.073
3.909
3.837
4.640
3.797
4.367
4.945
3.900
3.807
3.775
3.980
4.821
4.191
4.397
3.767
4.044
4.582
3.818
3.817
3.820
4.301
4.653
4.612
3.825
4.310
4.687
4.410
4.152
3.985
4.239
4.460
4.156
4.314
4.138
4.009
4.132
3.769
4.384
3.834
3.775
4.069
4.131
4.195
3.849
4.180
4.045
4.466
3.898
4.459
4.054
3.791
6.072
4.147
4.083
4.257
4.424
4.373
3.766
4.263
4.155
4.199
4.396
3.936
5.226
3.757
3.815
3.826
3.757
3.819
3.868
3.773
3.878
4.502
3.748
4.617
4.247
4.298
4.268
4.580
3.971
3.878
4.207
4.650
4.010
4.489
3.903
3.850
4.312
4.758
3.928
3.958
4.006
4.221
4.321
4.129
3.785
6.131
3.914
3.890
4.578
4.439
4.173
3.796
4.143
3.761
4.338
4.704
4.079
4.441
4.094
4.129
3.874
4.778
3.917
4.495
3.823
4.157
4.015
4.558
3.764
4.295
3.782
4.044
4.011
4.060
4.417
4.015
3.995
3.751
3.815
4.080
4.067
4.439
4.015
4.199
4.114
4.037
4.458
4.282
5.070
4.182
3.980
3.762
3.746
3.942
4.800
4.133
3.981
5.370
4.390
4.604
4.009
4.049
3.887
4.229
4.114
-1.000
-1.000
-1.000
-1.000
-1.000
-1.000
-1.000
-1.000
-1.000
-1.000
-1.000
-1.000
-1.000
-1.000
-1.000
-1.000
-1.000
-1.000
-1.000
-1.000
4.203
-1.000
4.001
3.486
-1.000
-1.000
-1.000
2.990
-1.000
3.836
-1.000
4.032
-1.000
4.343
3.237
-1.000
-1.000
-1.000
-1.000
3.948
-1.000
-1.000
4.146
-1.000
-1.000
3.530
3.972
3.349
3.728
-1.000
4.652
3.991
-1.000
3.432
-1.000
4.392
4.440
3.318
2.337
3.021
4.772
3.191
-1.000
3.597
4.543
4.615
3.742
3.469
4.359
3.964
-1.000
4.309
2.365
-1.000
4.508
4.474
4.100
4.325
-1.000
-1.000
-1.000
4.275
3.792
2.953
-1.000
4.599
4.200
-1.000
3.920
3.491
4.672
3.507
4.307
-1.000
3.197
3.382
4.430
3.873
-1.000
3.720
4.266
3.499
3.978
4.848
-1.000
-1.000
2.949
-1.000
3.267
3.482
-1.000
3.885
3.976
3.452
-1.000
-1.000
-1.000
-1.000
-1.000
-1.000
-1.000
-1.000
-1.000
-1.000
-1.000
-1.000
-1.000
-1.000
-1.000
-1.000
-1.000
-1.000
3.492
-1.000
-1.000
3.851
3.671
2.640
-1.000
-1.000
-1.000
-1.000
-1.000
-1.000
-1.000
-1.000
-1.000
-1.000
-1.000
-1.000
-1.000
-1.000
-1.000
-1.000
-1.000
-1.000
-1.000
-1.000
-1.000
-1.000
-1.000
-1.000
-1.000
-1.000
-1.000
-1.000
-1.000
-1.000
-1.000
-1.000
-1.000
-1.000
-1.000
-1.000
-1.000
-1.000
-1.000
-1.000
-1.000
-1.000
-1.000
-1.000
-1.000
-1.000
-1.000
-1.000
-1.000
-1.000
-1.000
-1.000
-1.000
-1.000
-1.000
-1.000
-1.000
-1.000
-1.000
-1.000
3.357
-1.000
-1.000
-1.000
-1.000
-1.000
3.835
-1.000
3.414
-1.000
-1.000
-1.000
-1.000
-1.000
-1.000
-1.000
-1.000
-1.000
-1.000
-1.000
-1.000
-1.000
-1.000
2.915
3.508
-1.000
3.678
2.511
-1.000
-1.000
-1.000
-1.000
-1.000
-1.000
-1.000
-1.000
-1.000
-1.000
-1.000
-1.000
-1.000
3.591
-1.000
-1.000
-1.000
-1.000
-1.000
-1.000
-1.000
3.787
-1.000
-1.000
-1.000
3.838
-1.000
3.503
4.037
3.529
4.291
-1.000
4.324
-1.000
3.937
-1.000
4.431
-1.000
3.700
3.824
4.722
4.468
2.165
-1.000
-1.000
-1.000
-1.000
4.345
-1.000
-1.000
3.094
-1.000
-1.000
-1.000
-1.000
-1.000
-1.000
-1.000
-1.000
-1.000
-1.000
-1.000
3.233
-1.000
-1.000
-1.000
-1.000
-1.000
-1.000
-1.000
-1.000
-1.000
-1.000
-1.000
-1.000
-1.000
-1.000
-1.000
-1.000
-1.000
-1.000
-1.000
-1.000
-1.000
-1.000
-1.000
-1.000
3.793
-1.000
3.578
-1.000
-1.000
-1.000
-1.000
4.112
-1.000
-1.000
2.922
-1.000
-1.000
4.025
-1.000
-1.000
-1.000
-1.000
3.731
-1.000
-1.000
-1.000
-1.000
-1.000
-1.000
-1.000
4.834
-1.000
-1.000
-1.000
-1.000
-1.000
-1.000
-1.000
-1.000
4.605
-1.000
-1.000
-1.000
-1.000
-1.000
-1.000
-1.000
-1.000
-1.000
-1.000
-1.000
-1.000
-1.000
-1.000
-1.000
-1.000
-1.000
-1.000
-1.000
-1.000
4.622
3.581
-1.000
3.820
-1.000
3.860
-1.000
-1.000
4.433
-1.000
-1.000
-1.000
-1.000
4.499
2.815
3.874
-1.000
-1.000
-1.000
-1.000
4.617
4.226
3.471
-1.000
-1.000
-1.000
3.565
4.881
2.949
-1.000
-1.000
-1.000
-1.000
2.718
4.599
3.931
3.916
3.839
-1.000
3.575
3.485
-1.000
-1.000
-1.000
-1.000
-1.000
4.508
-1.000
-1.000
-1.000
3.935
-1.000
-1.000
-1.000
-1.000
-1.000
4.603
-1.000
-1.000
4.358
-1.000
-1.000
-1.000
-1.000
-1.000
-1.000
-1.000
-1.000
-1.000
-1.000
-1.000
-1.000
4.645
-1.000
-1.000
-1.000
-1.000
4.875
3.859
-1.000
-1.000
-1.000
4.245
-1.000
-1.000
-1.000
-1.000
-1.000
-1.000
-1.000
-1.000
-1.000
-1.000
-1.000
-1.000
-1.000
-1.000
-1.000
-1.000
-1.000
-1.000
-1.000
-1.000
-1.000
-1.000
-1.000
-1.000
-1.000
-1.000
-1.000
-1.000
-1.000
-1.000
-1.000
-1.000
-1.000
-1.000
-1.000
-1.000
-1.000
-1.000
-1.000
-1.000
-1.000
-1.000
-1.000
-1.000
-1.000
-1.000
-1.000
-1.000
-1.000
-1.000
-1.000
-1.000
-1.000
-1.000
-1.000
-1.000
-1.000
-1.000
-1.000
-1.000
-1.000
-1.000
-1.000
-1.000
-1.000
-1.000
-1.000
-1.000
-1.000
-1.000
-1.000
-1.000
4.889
-1.000
-1.000
-1.000
2.948
-1.000
3.744
-1.000
3.179
4.241
2.988
4.172
-1.000
3.425
4.692
5.192
-1.000
4.010
-1.000
3.155
4.444
-1.000
4.759
3.660
-1.000
4.090
4.066
-1.000
-1.000
3.156
-1.000
3.331
4.159
2.821
-1.000
-1.000
-1.000
-1.000
3.927
-1.000
-1.000
4.146
3.691
5.165
5.481
-1.000
3.215
-1.000
-1.000
-1.000
3.402
3.688
3.686
-1.000
3.249
3.750
3.585
2.995
3.909
-1.000
-1.000
4.585
4.565
-1.000
4.267
4.467
-1.000
3.578
4.297
4.657
3.715
-1.000
-1.000
-1.000
-1.000
4.059
-1.000
-1.000
-1.000
3.542
3.274
-1.000
-1.000
-1.000
-1.000
3.825
-1.000
-1.000
4.640
-1.000
-1.000
5.214
-1.000
-1.000
4.250
-1.000
3.840
5.008
3.680
-1.000
4.953
-1.000
-1.000
-1.000
3.827
3.367
3.378
4.926
4.604
4.998
-1.000
4.192
-1.000
-1.000
3.218
3.790
-1.000
-1.000
3.625
-1.000
-1.000
-1.000
3.729
3.383
3.844
3.601
3.774
3.488
2.733
-1.000
3.517
-1.000
3.737
3.511
5.129
5.097
3.483
3.698
4.368
4.317
4.923
3.937
3.440
-1.000
-1.000
-1.000
3.524
5.407
-1.000
4.232
-1.000
-1.000
3.736
5.189
3.876
3.729
-1.000
3.802
4.422
3.919
3.672
-1.000
5.073
-1.000
3.480
3.320
-1.000
3.684
-1.000
-1.000
-1.000
3.484
3.372
4.113
-1.000
3.626
4.539
4.786
-1.000
-1.000
4.809
3.687
-1.000
-1.000
-1.000
3.788
-1.000
4.069
3.426
-1.000
3.986
-1.000
-1.000
3.691
5.297
-1.000
4.052
3.645
-1.000
4.965
2.883
-1.000
3.373
3.239
2.853
2.962
-1.000
3.890
3.385
3.763
3.385
4.224
4.024
4.131
3.632
3.864
3.572
-1.000
-1.000
3.868
3.613
-1.000
3.499
3.812
3.767
4.877
4.506
3.918
4.945
4.878
4.194
-1.000
3.377
4.330
4.180
3.153
-1.000
4.466
4.919
3.208
-1.000
3.668
-1.000
3.981
3.247
-1.000
4.464
3.960
4.482
-1.000
3.779
-1.000
-1.000
5.199
4.456
3.807
3.093
4.277
3.602
3.636
3.461
3.632
4.026
3.238
3.361
3.965
3.526
-1.000
3.692
4.791
3.641
3.771
3.534
4.878
3.127
-1.000
2.888
3.314
-1.000
-1.000
3.410
4.293
3.127
2.833
5.449
-1.000
3.931
4.321
4.821
3.928
3.810
3.719
-1.000
3.792
-1.000
3.319
3.425
-1.000
-1.000
3.881
4.200
-1.000
4.148
-1.000
3.844
4.069
2.228
3.225
-1.000
3.997
4.741
3.913
-1.000
-1.000
-1.000
-1.000
4.207
3.310
-1.000
4.546
-1.000
-1.000
3.260
3.681
-1.000
-1.000
-1.000
2.351
3.452
3.577
-1.000
-1.000
-1.000
3.374
3.874
-1.000
3.610
-1.000
4.740
-1.000
3.405
-1.000
2.045
4.182
4.014
2.989
4.700
-1.000
4.387
-1.000
-1.000
-1.000
3.823
-1.000
2.556
3.565
3.783
3.873
-1.000
4.946
1.896
2.760
3.382
3.707
-1.000
-1.000
-1.000
-1.000
-1.000
-1.000
-1.000
-1.000
-1.000
-1.000
5.427
4.622
3.606
3.396
4.427
3.339
3.714
3.735
5.096
3.788
3.791
2.980
4.209
3.967
4.465
-1.000
4.371
3.278
-1.000
-1.000
4.358
-1.000
2.054
3.223
3.580
4.659
-1.000
4.997
4.802
3.832
4.447
3.501
3.693
5.136
-1.000
3.070
4.092
-1.000
5.412
3.102
2.835
4.676
-1.000
-1.000
3.631
3.000
-1.000
4.059
3.819
4.018
4.096
5.001
2.513
4.733
4.725
2.408
3.012
5.136
3.253
4.219
3.208
-1.000
3.945
3.657
2.984
3.744
3.855
4.604
3.446
-1.000
3.936
3.025
3.408
5.223
3.402
5.527
4.131
3.429
4.620
4.005
3.648
3.121
3.822
3.860
3.379
3.894
3.990
3.589
4.760
3.767
3.348
3.462
3.976
4.895
4.236
3.404
3.805
2.839
5.271
3.732
4.246
3.686
3.240
4.051
3.698
3.537
2.369
5.168
-1.000
4.015
3.899
4.292
3.576
-1.000
4.051
3.061
3.742
3.874
3.638
3.394
-1.000
3.521
3.550
4.733
3.854
3.484
3.389
3.597
3.564
3.509
-1.000
3.578
3.656
4.043
3.668
3.997
3.881
3.661
3.692
4.023
4.009
3.199
3.019
4.520
4.614
3.173
3.118
3.559
4.073
-1.000
4.697
3.499
3.497
3.962
-1.000
-1.000
-1.000
-1.000
-1.000
-1.000
-1.000
-1.000
-1.000
-1.000
4.255
-1.000
3.735
-1.000
4.256
-1.000
-1.000
-1.000
-1.000
-1.000
-1.000
3.716
-1.000
-1.000
3.843
-1.000
3.741
-1.000
-1.000
-1.000
-1.000
-1.000
-1.000
-1.000
-1.000
-1.000
3.182
3.968
-1.000
2.132
-1.000
-1.000
-1.000
3.755
-1.000
-1.000
-1.000
-1.000
-1.000
-1.000
-1.000
-1.000
-1.000
-1.000
-1.000
-1.000
-1.000
-1.000
-1.000
-1.000
-1.000
-1.000
3.125
4.007
3.931
-1.000
-1.000
3.140
3.637
3.958
-1.000
3.742
4.154
3.457
3.831
-1.000
4.151
-1.000
-1.000
3.126
-1.000
-1.000
-1.000
-1.000
-1.000
3.640
-1.000
-1.000
3.837
-1.000
3.151
3.295
3.604
-1.000
-1.000
-1.000
-1.000
-1.000
-1.000
-1.000
3.366
4.092
3.178
-1.000
1.789
2.831
-1.000
-1.000
-1.000
-1.000
3.653
3.952
-1.000
4.015
3.051
-1.000
3.770
4.013
-1.000
-1.000
-1.000
3.958
-1.000
-1.000
-1.000
-1.000
-1.000
-1.000
-1.000
4.235
3.674
-1.000
-1.000
3.912
3.845
3.662
-1.000
-1.000
4.134
3.762
3.545
-1.000
-1.000
-1.000
3.927
-1.000
-1.000
-1.000
-1.000
3.989
3.367
3.786
4.125
3.586
3.413
4.292
-1.000
3.598
3.852
-1.000
2.925
-1.000
3.394
-1.000
-1.000
3.238
3.953
-1.000
3.538
-1.000
-1.000
3.956
-1.000
-1.000
3.917
3.435
-1.000
-1.000
-1.000
-1.000
-1.000
2.615
3.365
-1.000
-1.000
-1.000
-1.000
-1.000
-1.000
3.901
-1.000
-1.000
-1.000
-1.000
-1.000
-1.000
-1.000
-1.000
-1.000
3.697
-1.000
-1.000
-1.000
3.337
-1.000
-1.000
-1.000
-1.000
-1.000
-1.000
-1.000
-1.000
-1.000
-1.000
-1.000
-1.000
4.554
-1.000
-1.000
-1.000
-1.000
-1.000
-1.000
-1.000
4.290
4.151
-1.000
4.301
-1.000
-1.000
-1.000
-1.000
3.410
-1.000
-1.000
-1.000
-1.000
-1.000
-1.000
-1.000
-1.000
-1.000
-1.000
-1.000
4.051
4.194
2.177
-1.000
-1.000
-1.000
-1.000
4.477
3.752
-1.000
3.753
-1.000
-1.000
-1.000
3.489
4.212
-1.000
-1.000
-1.000
4.845
3.625
-1.000
-1.000
-1.000
-1.000
3.974
-1.000
-1.000
-1.000
3.467
3.776
-1.000
-1.000
3.410
4.537
-1.000
4.001
-1.000
-1.000
4.281
-1.000
3.072
-1.000
3.870
-1.000
4.639
-1.000
-1.000
3.189
2.888
-1.000
-1.000
-1.000
-1.000
3.010
4.355
-1.000
-1.000
-1.000
4.518
-1.000
3.177
-1.000
-1.000
3.327
3.890
4.398
2.956
3.824
3.706
3.767
4.990
4.538
3.786
-1.000
4.183
4.600
-1.000
-1.000
3.474
-1.000
4.640
-1.000
-1.000
-1.000
4.877
-1.000
-1.000
-1.000
-1.000
3.524
3.837
4.006
4.300
4.685
4.990
3.876
3.110
-1.000
-1.000
-1.000
3.990
-1.000
4.495
3.402
3.210
-1.000
-1.000
3.976
-1.000
4.113
4.212
3.307
4.710
2.373
3.328
3.038
4.188
-1.000
3.080
-1.000
-1.000
4.141
5.283
3.131
4.580
3.640
4.005
4.334
3.322
3.791
3.407
3.528
3.766
4.175
3.245
2.785
4.204
-1.000
4.112
3.185
4.407
5.101
4.648
3.599
3.529
2.697
3.604
-1.000
-1.000
4.731
4.425
3.101
4.354
5.074
4.157
3.238
4.409
4.907
2.859
3.536
4.402
3.426
4.166
3.667
-1.000
3.265
3.900
3.892
4.376
3.569
-1.000
-1.000
-1.000
-1.000
-1.000
-1.000
-1.000
-1.000
-1.000
-1.000
-1.000
-1.000
-1.000
-1.000
3.776
-1.000
3.779
-1.000
-1.000
-1.000
-1.000
3.772
-1.000
2.914
-1.000
-1.000
-1.000
-1.000
-1.000
-1.000
-1.000
-1.000
-1.000
-1.000
-1.000
-1.000
-1.000
-1.000
-1.000
-1.000
-1.000
-1.000
-1.000
-1.000
-1.000
-1.000
-1.000
3.667
-1.000
-1.000
-1.000
3.323
3.900
3.698
-1.000
3.926
-1.000
-1.000
-1.000
-1.000
-1.000
-1.000
3.385
-1.000
-1.000
-1.000
-1.000
-1.000
-1.000
4.176
-1.000
-1.000
-1.000
-1.000
-1.000
-1.000
3.554
-1.000
3.448
-1.000
-1.000
-1.000
-1.000
-1.000
-1.000
3.480
4.160
-1.000
-1.000
-1.000
-1.000
-1.000
3.564
-1.000
4.439
3.468
3.623
-1.000
-1.000
-1.000
-1.000
4.008
4.037
3.648
2.873
4.100
3.461
3.800
3.741
-1.000
-1.000
-1.000
-1.000
-1.000
-1.000
-1.000
-1.000
-1.000
3.232
3.882
3.785
-1.000
3.990
-1.000
4.211
-1.000
4.737
4.144
-1.000
4.148
3.883
-1.000
4.233
-1.000
-1.000
-1.000
-1.000
-1.000
2.959
2.205
-1.000
-1.000
3.605
-1.000
-1.000
4.020
-1.000
-1.000
-1.000
3.193
-1.000
4.450
3.751
3.209
3.928
-1.000
-1.000
-1.000
-1.000
-1.000
-1.000
-1.000
-1.000
-1.000
-1.000
-1.000
-1.000
-1.000
-1.000
-1.000
3.574
2.917
3.477
3.991
-1.000
-1.000
-1.000
-1.000
-1.000
-1.000
-1.000
3.573
-1.000
-1.000
3.577
-1.000
-1.000
3.399
4.356
-1.000
3.428
3.037
-1.000
-1.000
-1.000
3.217
-1.000
3.940
-1.000
2.815
-1.000
4.313
-1.000
-1.000
3.749
-1.000
-1.000
-1.000
3.622
-1.000
4.200
-1.000
4.021
-1.000
-1.000
3.891
4.087
3.792
4.098
3.992
2.797
4.284
3.374
-1.000
1.899
-1.000
4.091
-1.000
3.920
4.307
-1.000
-1.000
-1.000
-1.000
-1.000
4.291
3.602
4.112
3.831
1.376
4.400
4.276
3.608
3.737
3.545
-1.000
-1.000
-1.000
-1.000
-1.000
-1.000
-1.000
-1.000
-1.000
-1.000
2.666
-1.000
-1.000
-1.000
3.869
4.295
-1.000
3.052
-1.000
4.410
4.271
3.863
-1.000
-1.000
3.677
-1.000
-1.000
-1.000
-1.000
-1.000
-1.000
-1.000
-1.000
3.675
-1.000
-1.000
-1.000
3.670
3.518
4.311
3.961
-1.000
1.990
4.005
-1.000
4.579
3.497
-1.000
-1.000
3.128
3.703
4.179
3.824
4.430
4.311
4.453
3.678
3.822
-1.000
-1.000
4.752
-1.000
3.569
3.936
3.702
3.921
-1.000
3.605
-1.000
4.152
3.907
-1.000
4.500
3.890
-1.000
-1.000
-1.000
4.672
-1.000
-1.000
-1.000
4.449
-1.000
-1.000
-1.000
-1.000
-1.000
4.565
3.461
4.264
-1.000
4.133
-1.000
-1.000
-1.000
-1.000
2.943
-1.000
-1.000
-1.000
-1.000
-1.000
-1.000
-1.000
-1.000
-1.000
-1.000
-1.000
-1.000
-1.000
-1.000
-1.000
-1.000
-1.000
-1.000
-1.000
-1.000
-1.000
-1.000
-1.000
-1.000
3.560
3.855
3.679
-1.000
-1.000
-1.000
4.028
3.474
-1.000
3.487
4.021
-1.000
4.007
-1.000
3.098
3.722
4.435
-1.000
-1.000
3.313
-1.000
-1.000
-1.000
4.142
-1.000
3.878
4.127
4.033
4.295
3.784
-1.000
4.184
-1.000
4.430
-1.000
-1.000
3.695
-1.000
-1.000
-1.000
4.211
-1.000
-1.000
-1.000
-1.000
-1.000
-1.000
-1.000
-1.000
-1.000
-1.000
-1.000
-1.000
-1.000
-1.000
-1.000
-1.000
-1.000
2.815
-1.000
-1.000
-1.000
-1.000
-1.000
-1.000
-1.000
-1.000
-1.000
-1.000
-1.000
-1.000
-1.000
3.647
-1.000
-1.000
-1.000
-1.000
3.894
-1.000
-1.000
-1.000
4.035
3.797
-1.000
-1.000
-1.000
-1.000
-1.000
3.860
-1.000
3.210
-1.000
-1.000
-1.000
-1.000
-1.000
-1.000
-1.000
-1.000
-1.000
-1.000
-1.000
-1.000
2.638
-1.000
-1.000
-1.000
-1.000
-1.000
-1.000
-1.000
-1.000
-1.000
-1.000
-1.000
-1.000
-1.000
-1.000
-1.000
-1.000
-1.000
-1.000
-1.000
-1.000
-1.000
-1.000
-1.000
-1.000
-1.000
-1.000
-1.000
-1.000
-1.000
-1.000
-1.000
-1.000
-1.000
-1.000
-1.000
-1.000
-1.000
-1.000
-1.000
3.550
-1.000
4.099
-1.000
-1.000
-1.000
3.711
3.849
-1.000
3.852
-1.000
-1.000
3.539
-1.000
4.033
3.798
-1.000
-1.000
4.867
-1.000
-1.000
4.081
-1.000
-1.000
-1.000
3.451
-1.000
-1.000
-1.000
3.825
-1.000
-1.000
-1.000
-1.000
4.421
-1.000
3.556
-1.000
4.196
3.807
-1.000
4.117
-1.000
3.166
4.591
3.692
-1.000
-1.000
-1.000
-1.000
-1.000
3.588
4.450
4.196
3.174
-1.000
-1.000
-1.000
4.445
-1.000
4.402
-1.000
4.330
4.121
-1.000
4.567
-1.000
3.608
-1.000
3.497
-1.000
3.693
-1.000
-1.000
4.212
-1.000
-1.000
-1.000
-1.000
-1.000
4.804
-1.000
3.379
4.192
3.394
-1.000
3.419
3.656
4.167
3.891
-1.000
3.069
3.748
5.058
-1.000
-1.000
3.372
-1.000
4.137
-1.000
4.916
4.119
4.004
-1.000
2.663
2.631
-1.000
-1.000
4.490
-1.000
3.119
3.678
-1.000
3.019
4.619
-1.000
3.149
-1.000
-1.000
3.384
3.588
3.270
-1.000
4.578
4.286
3.548
3.621
-1.000
3.874
4.231
-1.000
-1.000
4.702
3.613
-1.000
3.743
-1.000
4.365
4.478
4.607
-1.000
3.702
3.342
3.936
3.224
4.377
4.215
4.247
4.926
4.776
3.337
3.377
-1.000
3.065
-1.000
1.869
-1.000
-1.000
-1.000
-1.000
4.503
4.435
-1.000
-1.000
-1.000
-1.000
2.607
4.052
3.668
4.691
3.655
3.475
-1.000
3.414
-1.000
-1.000
3.392
-1.000
2.981
4.487
4.138
3.369
4.807
3.348
3.509
-1.000
3.470
3.905
4.388
-1.000
-1.000
4.057
5.156
4.082
2.524
-1.000
-1.000
-1.000
-1.000
-1.000
5.117
4.156
4.261
4.711
-1.000
-1.000
-1.000
4.877
4.060
3.481
-1.000
-1.000
-1.000
-1.000
-1.000
-1.000
-1.000
4.804
-1.000
-1.000
4.236
3.334
-1.000
3.347
4.164
-1.000
-1.000
-1.000
-1.000
-1.000
4.862
4.391
3.876
3.806
3.731
3.525
-1.000
-1.000
3.692
4.170
3.622
3.958
3.318
3.552
3.204
4.895
3.495
4.361
3.442
3.549
4.328
3.669
-1.000
2.933
3.582
-1.000
4.845
4.729
3.784
4.003
3.694
3.256
3.381
3.824
3.704
3.967
-1.000
4.827
4.683
3.797
3.693
3.773
4.634
4.946
2.371
3.092
3.495
3.480
3.514
4.649
-1.000
3.657
3.373
3.945
4.445
3.661
3.934
3.394
-1.000
5.232
-1.000
2.885
3.960
3.720
-1.000
3.100
3.816
-1.000
3.578
-1.000
-1.000
2.875
4.154
4.827
2.643
3.849
4.064
-1.000
-1.000
2.932
4.292
3.032
4.883
4.199
4.300
4.276
3.427
-1.000
-1.000
-1.000
-1.000
-1.000
-1.000
-1.000
-1.000
-1.000
-1.000
-1.000
-1.000
-1.000
-1.000
-1.000
-1.000
-1.000
-1.000
5.091
-1.000
-1.000
-1.000
-1.000
-1.000
-1.000
-1.000
-1.000
-1.000
-1.000
-1.000
-1.000
-1.000
-1.000
-1.000
-1.000
-1.000
-1.000
-1.000
4.571
2.847
3.907
4.336
5.215
3.231
3.843
3.555
4.103
3.407
3.810
3.867
-1.000
2.040
3.153
3.589
3.419
-1.000
3.319
4.461
3.972
3.183
3.979
4.513
3.764
3.515
3.649
2.330
3.627
3.605
3.171
3.874
4.260
3.225
3.350
4.156
3.536
4.320
3.041
5.003
5.396
4.440
3.781
3.696
4.177
4.744
4.144
4.354
3.243
3.641
4.201
-1.000
-1.000
3.773
3.351
3.545
4.455
3.866
4.124
4.105
-1.000
3.610
4.718
4.151
4.054
3.414
4.016
-1.000
3.639
3.602
3.801
4.484
3.942
4.307
3.984
3.305
4.007
4.221
3.349
3.557
3.223
3.122
3.997
3.631
-1.000
4.617
-1.000
4.058
3.403
3.846
3.585
-1.000
3.770
4.405
4.610
4.868
4.650
4.243
3.453
4.081
3.563
4.067
4.436
5.283
3.128
3.721
3.486
4.261
3.636
3.655
4.746
4.169
3.668
3.544
3.924
3.797
3.538
3.725
4.181
3.931
4.321
4.278
3.635
3.815
4.362
3.777
3.634
3.587
4.411
3.787
3.941
4.031
3.052
4.036
4.115
3.550
-1.000
-1.000
-1.000
-1.000
-1.000
-1.000
4.874
3.798
4.233
4.538
3.515
3.685
3.390
3.538
3.842
3.970
4.053
4.151
5.072
4.596
3.838
4.358
4.081
3.970
3.792
3.923
3.860
4.848
3.046
-1.000
-1.000
-1.000
-1.000
-1.000
-1.000
-1.000
-1.000
-1.000
-1.000
-1.000
-1.000
-1.000
-1.000
-1.000
-1.000
-1.000
-1.000
-1.000
-1.000
-1.000
-1.000
-1.000
-1.000
-1.000
-1.000
-1.000
-1.000
-1.000
-1.000
-1.000
-1.000
-1.000
-1.000
-1.000
-1.000
-1.000
-1.000
-1.000
-1.000
-1.000
-1.000
-1.000
-1.000
-1.000
-1.000
-1.000
-1.000
-1.000
-1.000
-1.000
-1.000
-1.000
-1.000
-1.000
3.375
2.929
3.500
3.987
3.940
3.591
3.476
3.914
3.124
4.405
3.522
3.925
4.228
-1.000
-1.000
-1.000
-1.000
-1.000
-1.000
-1.000
-1.000
-1.000
-1.000
-1.000
-1.000
-1.000
-1.000
-1.000
-1.000
-1.000
-1.000
-1.000
-1.000
-1.000
-1.000
-1.000
-1.000
-1.000
-1.000
-1.000
-1.000
-1.000
-1.000
-1.000
-1.000
-1.000
5.531
3.728
4.149
4.283
4.179
4.449
3.838
4.496
3.869
4.633
4.299
4.070
4.017
4.056
3.847
4.331
4.161
3.970
4.585
3.778
3.710
4.168
3.944
5.508
4.411
3.937
3.839
4.792
3.765
4.340
4.312
3.838
3.937
4.659
3.620
3.616
4.733
4.142
3.674
3.902
3.547
3.874
4.096
4.205
3.411
4.674
4.216
4.012
3.542
3.974
3.594
4.436
3.679
4.007
3.942
4.297
5.082
5.611
4.104
4.016
3.394
5.003
3.865
3.840
4.090
5.140
3.872
3.672
3.843
4.795
3.626
3.836
4.094
3.981
3.727
3.630
3.876
4.395
4.183
4.358
4.063
3.690
4.012
3.692
3.554
3.901
4.533
3.947
3.913
4.096
4.018
4.045
3.670
4.533
3.780
5.170
4.960
3.770
4.831
4.338
4.430
3.738
3.959
3.697
3.816
5.029
4.116
4.134
3.911
3.594
3.997
4.508
3.799
5.258
3.978
3.760
3.927
3.977
4.278
4.444
3.722
4.471
3.706
4.310
3.604
4.131
3.940
5.096
3.504
4.442
-1.000
-1.000
-1.000
-1.000
-1.000
-1.000
-1.000
-1.000
-1.000
-1.000
-1.000
-1.000
-1.000
-1.000
-1.000
-1.000
-1.000
-1.000
-1.000
-1.000
-1.000
-1.000
4.046
3.955
-1.000
4.256
-1.000
-1.000
-1.000
-1.000
-1.000
4.099
-1.000
-1.000
-1.000
-1.000
-1.000
-1.000
-1.000
-1.000
4.156
-1.000
-1.000
3.582
-1.000
-1.000
-1.000
4.051
-1.000
3.745
-1.000
-1.000
4.163
-1.000
3.255
4.708
3.978
4.018
3.443
-1.000
3.599
-1.000
-1.000
-1.000
-1.000
4.117
4.118
4.701
3.781
4.128
4.663
4.548
4.053
3.613
-1.000
2.941
-1.000
4.285
3.267
2.976
4.611
-1.000
-1.000
-1.000
4.150
3.776
-1.000
-1.000
-1.000
-1.000
-1.000
4.477
3.572
3.906
3.359
-1.000
4.585
-1.000
3.901
-1.000
-1.000
4.250
4.454
3.693
-1.000
4.078
4.818
4.271
-1.000
3.199
4.663
-1.000
4.302
4.726
3.535
-1.000
3.746
-1.000
4.693
4.367
3.375
3.826
-1.000
4.216
-1.000
4.539
4.305
3.724
3.902
4.583
-1.000
4.150
3.157
-1.000
3.555
3.383
4.696
-1.000
4.131
-1.000
3.470
4.065
-1.000
4.884
3.823
3.759
-1.000
-1.000
4.582
-1.000
4.178
4.329
-1.000
4.538
3.988
-1.000
-1.000
3.270
3.548
5.012
4.708
4.018
4.941
-1.000
3.772
4.404
3.995
-1.000
-1.000
-1.000
-1.000
-1.000
-1.000
-1.000
-1.000
-1.000
-1.000
-1.000
-1.000
-1.000
-1.000
-1.000
-1.000
-1.000
-1.000
-1.000
-1.000
-1.000
-1.000
-1.000
-1.000
-1.000
-1.000
-1.000
-1.000
-1.000
-1.000
-1.000
-1.000
-1.000
-1.000
-1.000
-1.000
-1.000
-1.000
-1.000
-1.000
-1.000
3.985
-1.000
-1.000
3.755
-1.000
-1.000
-1.000
-1.000
-1.000
-1.000
-1.000
-1.000
-1.000
-1.000
-1.000
-1.000
-1.000
-1.000
-1.000
-1.000
-1.000
-1.000
-1.000
-1.000
-1.000
-1.000
-1.000
-1.000
-1.000
-1.000
-1.000
-1.000
-1.000
-1.000
-1.000
-1.000
-1.000
-1.000
-1.000
-1.000
-1.000
-1.000
-1.000
3.840
-1.000
3.791
-1.000
-1.000
-1.000
-1.000
-1.000
-1.000
-1.000
-1.000
-1.000
3.956
-1.000
-1.000
-1.000
-1.000
-1.000
-1.000
3.827
-1.000
-1.000
-1.000
-1.000
-1.000
-1.000
-1.000
-1.000
-1.000
-1.000
-1.000
-1.000
-1.000
-1.000
-1.000
-1.000
-1.000
-1.000
-1.000
-1.000
-1.000
-1.000
3.152
-1.000
-1.000
-1.000
-1.000
-1.000
-1.000
-1.000
-1.000
-1.000
-1.000
-1.000
-1.000
-1.000
-1.000
-1.000
-1.000
-1.000
-1.000
-1.000
3.556
-1.000
-1.000
-1.000
-1.000
-1.000
-1.000
-1.000
-1.000
-1.000
-1.000
-1.000
-1.000
-1.000
-1.000
-1.000
-1.000
-1.000
-1.000
-1.000
3.272
-1.000
-1.000
-1.000
-1.000
-1.000
-1.000
-1.000
-1.000
-1.000
-1.000
-1.000
-1.000
-1.000
4.087
-1.000
3.761
-1.000
-1.000
-1.000
-1.000
-1.000
-1.000
3.804
-1.000
-1.000
-1.000
-1.000
-1.000
3.740
-1.000
3.588
-1.000
-1.000
-1.000
-1.000
-1.000
-1.000
-1.000
-1.000
-1.000
-1.000
-1.000
-1.000
3.127
-1.000
-1.000
3.868
4.329
-1.000
3.506
3.553
-1.000
-1.000
-1.000
4.138
3.922
4.269
3.645
3.952
4.862
3.651
3.893
4.196
4.021
4.058
3.721
3.969
4.314
4.310
3.690
3.908
4.543
3.653
3.683
3.683
4.115
3.917
-1.000
-1.000
-1.000
-1.000
-1.000
-1.000
2.266
-1.000
-1.000
-1.000
-1.000
-1.000
-1.000
4.159
-1.000
-1.000
-1.000
-1.000
-1.000
3.575
-1.000
-1.000
3.461
-1.000
-1.000
3.448
-1.000
-1.000
-1.000
-1.000
-1.000
-1.000
-1.000
-1.000
3.859
-1.000
-1.000
-1.000
-1.000
-1.000
3.908
4.008
-1.000
-1.000
3.830
-1.000
-1.000
3.429
-1.000
-1.000
-1.000
-1.000
3.856
-1.000
3.873
4.196
3.970
-1.000
-1.000
-1.000
-1.000
-1.000
-1.000
-1.000
-1.000
-1.000
-1.000
-1.000
-1.000
-1.000
-1.000
-1.000
-1.000
-1.000
-1.000
-1.000
-1.000
3.363
-1.000
-1.000
-1.000
-1.000
-1.000
-1.000
-1.000
-1.000
-1.000
-1.000
3.922
-1.000
-1.000
-1.000
-1.000
-1.000
-1.000
-1.000
-1.000
-1.000
-1.000
-1.000
-1.000
-1.000
3.735
-1.000
3.552
-1.000
-1.000
-1.000
-1.000
-1.000
-1.000
-1.000
4.279
3.407
-1.000
3.818
-1.000
-1.000
-1.000
-1.000
-1.000
-1.000
-1.000
-1.000
3.970
4.385
3.466
3.595
3.870
4.328
3.757
-1.000
4.206
4.193
3.964
4.329
3.895
4.666
3.949
3.683
3.687
4.479
3.725
4.420
3.592
3.617
4.342
4.330
3.887
3.509
4.481
3.868
3.674
4.773
3.756
3.780
3.533
4.239
3.556
3.604
3.661
4.396
3.913
3.824
4.368
3.962
3.844
4.460
3.827
4.208
4.679
3.740
4.051
4.274
3.753
3.825
3.948
4.704
4.178
3.934
4.036
3.774
4.418
4.611
4.272
4.446
4.879
4.125
3.813
4.146
4.264
3.765
3.857
4.641
4.085
3.888
4.651
3.967
4.460
4.229
-1.000
-1.000
-1.000
-1.000
-1.000
-1.000
-1.000
-1.000
-1.000
-1.000
-1.000
-1.000
-1.000
-1.000
-1.000
-1.000
-1.000
-1.000
2.794
-1.000
-1.000
-1.000
-1.000
-1.000
2.912
-1.000
-1.000
2.468
3.488
2.109
-1.000
-1.000
-1.000
4.211
-1.000
-1.000
3.358
3.972
3.780
4.213
3.660
3.888
-1.000
-1.000
-1.000
-1.000
-1.000
-1.000
-1.000
-1.000
-1.000
-1.000
-1.000
-1.000
-1.000
-1.000
-1.000
-1.000
-1.000
-1.000
-1.000
-1.000
-1.000
-1.000
-1.000
4.145
-1.000
-1.000
-1.000
4.146
-1.000
-1.000
-1.000
2.916
-1.000
4.334
-1.000
-1.000
4.056
3.621
3.729
3.245
-1.000
-1.000
3.748
-1.000
-1.000
-1.000
-1.000
-1.000
-1.000
-1.000
-1.000
4.618
-1.000
3.969
-1.000
-1.000
-1.000
-1.000
-1.000
-1.000
-1.000
-1.000
-1.000
4.505
4.389
3.640
-1.000
4.408
-1.000
-1.000
3.949
-1.000
-1.000
-1.000
-1.000
-1.000
-1.000
-1.000
-1.000
-1.000
-1.000
-1.000
-1.000
-1.000
-1.000
-1.000
-1.000
-1.000
-1.000
-1.000
-1.000
-1.000
4.628
-1.000
-1.000
3.532
-1.000
4.233
-1.000
-1.000
-1.000
4.207
-1.000
4.103
-1.000
4.445
-1.000
4.251
-1.000
4.144
-1.000
-1.000
-1.000
4.339
-1.000
3.945
4.771
-1.000
3.880
4.679
-1.000
-1.000
4.181
-1.000
4.149
-1.000
-1.000
5.087
-1.000
-1.000
3.406
-1.000
3.914
4.809
4.203
-1.000
-1.000
4.378
4.249
-1.000
-1.000
3.755
-1.000
-1.000
3.663
3.518
3.553
-1.000
-1.000
4.029
-1.000
-1.000
-1.000
4.714
-1.000
-1.000
-1.000
3.967
-1.000
4.435
-1.000
4.203
-1.000
3.900
4.242
-1.000
3.956
-1.000
4.163
-1.000
4.594
4.330
-1.000
4.208
3.733
-1.000
4.382
4.312
4.486
3.454
-1.000
-1.000
-1.000
3.826
4.922
4.042
-1.000
4.013
-1.000
-1.000
-1.000
-1.000
-1.000
-1.000
3.134
4.440
3.799
-1.000
4.649
4.708
2.897
3.714
-1.000
3.859
3.675
-1.000
-1.000
2.513
-1.000
4.674
-1.000
-1.000
3.762
4.246
3.933
-1.000
-1.000
4.824
-1.000
3.084
4.420
-1.000
3.633
-1.000
1.885
-1.000
-1.000
-1.000
-1.000
-1.000
2.924
5.230
4.494
2.279
4.246
5.142
4.370
-1.000
4.236
3.034
4.719
3.650
3.188
-1.000
4.023
3.601
3.445
-1.000
4.578
3.299
4.181
3.590
1.856
-1.000
-1.000
-1.000
-1.000
4.682
3.806
-1.000
-1.000
-1.000
4.111
-1.000
-1.000
-1.000
4.703
4.142
3.232
3.419
3.533
3.690
3.525
3.223
4.041
4.903
4.696
4.312
3.212
-1.000
-1.000
-1.000
4.216
3.487
3.595
-1.000
2.202
-1.000
-1.000
-1.000
-1.000
-1.000
-1.000
-1.000
-1.000
3.595
-1.000
-1.000
-1.000
-1.000
-1.000
-1.000
-1.000
-1.000
-1.000
-1.000
-1.000
-1.000
-1.000
-1.000
-1.000
-1.000
-1.000
-1.000
-1.000
-1.000
-1.000
-1.000
-1.000
-1.000
-1.000
-1.000
-1.000
2.856
3.432
-1.000
-1.000
-1.000
3.732
-1.000
-1.000
-1.000
3.148
4.091
3.972
-1.000
-1.000
3.756
4.631
-1.000
3.354
-1.000
3.271
3.847
-1.000
-1.000
4.286
4.298
-1.000
-1.000
4.221
-1.000
-1.000
-1.000
-1.000
-1.000
-1.000
-1.000
-1.000
-1.000
-1.000
-1.000
-1.000
-1.000
3.251
-1.000
-1.000
-1.000
-1.000
-1.000
-1.000
-1.000
-1.000
3.696
-1.000
-1.000
-1.000
-1.000
-1.000
-1.000
-1.000
-1.000
-1.000
-1.000
3.193
-1.000
-1.000
-1.000
-1.000
-1.000
3.711
-1.000
-1.000
4.846
-1.000
-1.000
-1.000
-1.000
-1.000
-1.000
-1.000
-1.000
3.598
-1.000
-1.000
-1.000
-1.000
-1.000
-1.000
-1.000
-1.000
-1.000
3.313
-1.000
-1.000
-1.000
-1.000
-1.000
-1.000
3.842
-1.000
-1.000
-1.000
-1.000
-1.000
-1.000
-1.000
-1.000
-1.000
-1.000
-1.000
-1.000
-1.000
-1.000
-1.000
4.021
4.131
-1.000
4.208
3.538
3.917
-1.000
-1.000
-1.000
-1.000
-1.000
3.956
3.658
4.703
4.170
-1.000
-1.000
3.565
-1.000
-1.000
-1.000
-1.000
4.133
4.327
3.087
-1.000
4.336
-1.000
3.036
-1.000
4.539
4.393
3.272
4.377
4.486
4.381
3.708
4.585
3.983
-1.000
3.509
4.072
2.721
4.713
4.111
3.629
3.449
4.594
4.648
-1.000
1.912
4.524
3.932
4.240
4.526
3.782
3.287
4.089
4.366
4.405
3.656
3.139
3.851
4.424
4.104
-1.000
3.426
-1.000
-1.000
-1.000
-1.000
4.651
-1.000
-1.000
4.572
4.452
3.221
-1.000
-1.000
-1.000
4.131
-1.000
4.725
3.137
3.876
4.350
3.548
4.067
3.948
-1.000
-1.000
-1.000
4.639
2.666
3.527
3.646
2.430
3.658
4.341
4.129
-1.000
-1.000
-1.000
-1.000
-1.000
-1.000
-1.000
-1.000
-1.000
-1.000
-1.000
-1.000
-1.000
-1.000
3.795
-1.000
-1.000
-1.000
-1.000
-1.000
-1.000
-1.000
-1.000
-1.000
-1.000
-1.000
-1.000
-1.000
-1.000
-1.000
-1.000
-1.000
-1.000
-1.000
-1.000
-1.000
-1.000
-1.000
-1.000
2.288
3.467
4.290
-1.000
-1.000
-1.000
-1.000
-1.000
-1.000
-1.000
3.885
-1.000
3.184
3.974
-1.000
-1.000
-1.000
4.482
3.693
3.800
3.565
3.470
4.135
-1.000
4.279
-1.000
-1.000
-1.000
4.096
-1.000
-1.000
3.273
4.320
-1.000
-1.000
4.422
-1.000
3.733
-1.000
-1.000
3.993
4.417
-1.000
3.694
3.501
-1.000
-1.000
-1.000
-1.000
-1.000
4.529
-1.000
4.181
3.120
-1.000
4.562
-1.000
-1.000
-1.000
3.356
-1.000
-1.000
-1.000
-1.000
4.605
-1.000
3.111
-1.000
-1.000
-1.000
-1.000
3.135
-1.000
4.170
3.543
4.377
-1.000
-1.000
-1.000
-1.000
4.024
-1.000
-1.000
4.420
3.731
4.018
-1.000
4.404
2.983
-1.000
-1.000
-1.000
-1.000
-1.000
-1.000
-1.000
4.453
4.015
-1.000
3.683
4.976
3.041
4.777
-1.000
4.004
3.534
4.548
3.716
3.781
4.540
4.310
3.941
-1.000
4.253
4.562
3.742
4.083
-1.000
-1.000
4.183
4.777
-1.000
-1.000
-1.000
-1.000
4.351
4.377
5.201
3.371
3.064
-1.000
-1.000
-1.000
-1.000
-1.000
-1.000
-1.000
-1.000
-1.000
3.750
-1.000
-1.000
4.395
3.393
4.643
-1.000
-1.000
-1.000
3.130
-1.000
4.911
4.171
4.724
-1.000
-1.000
3.614
-1.000
-1.000
-1.000
4.501
-1.000
4.013
3.737
-1.000
-1.000
4.581
3.996
-1.000
3.397
-1.000
3.215
4.557
4.206
3.531
-1.000
2.887
-1.000
-1.000
-1.000
-1.000
-1.000
-1.000
-1.000
-1.000
4.872
3.351
-1.000
-1.000
-1.000
-1.000
-1.000
-1.000
-1.000
-1.000
-1.000
4.810
-1.000
-1.000
-1.000
3.946
4.030
4.089
-1.000
-1.000
4.062
3.586
5.174
4.832
4.052
-1.000
-1.000
3.672
3.459
-1.000
-1.000
3.597
-1.000
-1.000
3.623
-1.000
3.910
-1.000
4.101
3.612
-1.000
3.917
4.363
3.571
-1.000
-1.000
1.668
-1.000
3.087
-1.000
-1.000
-1.000
3.454
5.048
3.900
3.778
3.777
4.123
4.124
4.171
3.975
3.748
4.336
4.147
4.062
4.124
4.643
3.903
4.007
4.300
5.313
4.296
3.842
4.757
4.097
3.938
4.055
3.907
4.037
3.897
3.946
4.631
4.144
3.981
4.998
3.860
3.978
3.895
4.016
4.677
4.167
3.809
5.311
4.091
3.948
5.027
4.150
3.932
3.806
4.862
3.873
3.764
4.310
4.141
4.070
3.871
4.046
4.904
-1.000
-1.000
-1.000
-1.000
4.040
-1.000
-1.000
-1.000
2.884
-1.000
-1.000
-1.000
-1.000
-1.000
-1.000
-1.000
-1.000
-1.000
-1.000
-1.000
-1.000
-1.000
-1.000
-1.000
-1.000
3.858
-1.000
-1.000
-1.000
-1.000
-1.000
-1.000
-1.000
-1.000
-1.000
-1.000
-1.000
3.154
-1.000
-1.000
-1.000
3.867
-1.000
-1.000
-1.000
3.704
-1.000
3.327
-1.000
4.080
-1.000
3.780
-1.000
-1.000
-1.000
-1.000
-1.000
-1.000
-1.000
-1.000
-1.000
-1.000
3.334
-1.000
-1.000
3.861
3.951
3.808
-1.000
-1.000
-1.000
-1.000
-1.000
-1.000
3.709
-1.000
-1.000
-1.000
-1.000
3.331
-1.000
-1.000
-1.000
-1.000
-1.000
-1.000
-1.000
-1.000
-1.000
-1.000
-1.000
4.032
-1.000
-1.000
-1.000
-1.000
2.301
3.534
-1.000
-1.000
-1.000
-1.000
-1.000
-1.000
3.552
-1.000
3.799
3.551
3.810
4.134
3.044
-1.000
-1.000
3.574
-1.000
-1.000
-1.000
-1.000
-1.000
-1.000
-1.000
-1.000
-1.000
-1.000
3.802
-1.000
-1.000
-1.000
3.588
3.713
-1.000
4.041
4.300
4.089
4.290
3.738
4.382
3.485
3.915
-1.000
3.567
4.369
4.419
3.920
3.489
4.231
3.879
1.732
-1.000
-1.000
-1.000
-1.000
-1.000
-1.000
-1.000
-1.000
-1.000
-1.000
-1.000
2.847
-1.000
-1.000
-1.000
-1.000
-1.000
4.385
-1.000
4.046
4.113
-1.000
-1.000
-1.000
-1.000
-1.000
3.774
3.865
4.336
2.784
3.643
3.660
3.943
3.613
-1.000
-1.000
-1.000
-1.000
3.651
-1.000
-1.000
4.234
-1.000
-1.000
-1.000
-1.000
-1.000
4.789
-1.000
-1.000
-1.000
-1.000
-1.000
4.287
-1.000
4.011
-1.000
4.030
-1.000
-1.000
-1.000
3.144
-1.000
4.296
-1.000
-1.000
-1.000
3.317
4.509
-1.000
2.991
2.375
-1.000
3.327
-1.000
-1.000
-1.000
-1.000
3.114
-1.000
-1.000
-1.000
-1.000
-1.000
4.361
-1.000
-1.000
-1.000
-1.000
-1.000
-1.000
-1.000
-1.000
-1.000
-1.000
3.665
-1.000
-1.000
-1.000
4.308
-1.000
3.642
-1.000
