# Snapnum | SubfindID | BeginIdx | EndIdx+1
22  44992  0  1 
22  44992  1  2 
25  58441  2  3 
33  104990  3  4 
37  133572  4  5 
37  133572  5  6 
37  133572  6  7 
42  174633  7  8 
42  174633  8  9 
42  174633  9  10 
48  232522  10  11 
48  232522  11  12 
48  232522  12  13 
48  232522  13  14 
48  232522  14  15 
55  313001  15  16 
55  313001  16  17 
55  313001  17  18 
55  313001  18  19 
55  313001  19  20 
55  313001  20  21 
55  313001  21  22 
63  423572  22  23 
63  423572  23  24 
63  423572  24  25 
63  423572  25  27 
63  423572  27  31 
63  423572  31  36 
63  423572  36  38 
73  591102  38  47 
73  591102  47  48 
73  591102  48  50 
73  591102  50  60 
73  591102  60  68 
73  591102  68  80 
73  591102  80  96 
73  591102  96  106 
73  591102  106  118 
84  813599  118  125 
84  813599  125  138 
84  813599  138  161 
84  813599  161  172 
84  813599  172  192 
84  813599  192  201 
84  813599  201  248 
84  813599  248  266 
98  1157443  266  304 
98  1157443  304  433 
98  1157443  433  521 
98  1157443  521  635 
98  1157443  635  659 
98  1157443  659  686 
98  1157443  686  768 
98  1157443  768  812 
98  1157443  812  898 
98  1157443  898  929 
98  1157443  929  1044 
98  1157443  1044  1284 
98  1157443  1284  1385 
98  1157443  1385  1502 
116  1708217  1502  1574 
116  1708217  1574  1629 
116  1708217  1629  1684 
116  1708217  1684  1819 
116  1708217  1819  1999 
116  1708217  1999  2300 
116  1708217  2300  2387 
168  3942398  2387  2483 
168  3942398  2483  2842 
168  3942398  2842  2886 
168  3942398  2886  3299 
168  3942398  3299  3585 
168  3942398  3585  4038 
168  3942398  4038  4628 
168  3942398  4628  4752 
168  3942398  4752  5428 
210  6279613  5428  5499 
210  6279613  5499  6130 
210  6279613  6130  6620 
210  6279613  6620  6804 
210  6279613  6804  6953 
210  6279613  6953  7206 
273  9970953  7206  8000 
273  9970953  8000  8891 
273  9970953  8891  9169 
273  9970953  9169  9699 
48  232523  9699  9700 
48  232523  9700  9701 
16  24505  9701  9702 
16  24505  9702  9703 
16  24505  9703  9704 
16  24505  9704  9705 
16  24505  9705  9706 
16  24505  9706  9707 
19  33819  9707  9708 
22  45011  9708  9709 
22  45011  9709  9710 
25  58466  9710  9711 
25  58466  9711  9712 
29  79835  9712  9713 
29  79835  9713  9714 
29  79835  9714  9715 
29  79835  9715  9716 
33  105020  9716  9717 
33  105020  9717  9718 
33  105020  9718  9719 
33  105020  9719  9722 
37  133606  9722  9723 
37  133606  9723  9726 
37  133606  9726  9727 
37  133606  9727  9728 
42  174666  9728  9730 
42  174666  9730  9732 
48  232556  9732  9734 
55  313034  9734  9735 
55  313034  9735  9736 
55  313034  9736  9737 
55  313034  9737  9738 
63  423601  9738  9741 
63  423601  9741  9744 
63  423601  9744  9745 
63  423601  9745  9747 
63  423601  9747  9749 
63  423601  9749  9755 
63  423601  9755  9759 
73  591111  9759  9767 
73  591111  9767  9770 
73  591111  9770  9773 
73  591111  9773  9776 
73  591111  9776  9780 
73  591111  9780  9784 
73  591111  9784  9789 
73  591111  9789  9795 
73  591111  9795  9799 
84  813599  9799  9802 
84  813599  9802  9814 
84  813599  9814  9843 
84  813599  9843  9861 
84  813599  9861  9873 
84  813599  9873  9885 
16  24506  9885  9886 
16  24506  9886  9887 
16  24506  9887  9888 
16  24506  9888  9889 
25  58467  9889  9890 
25  58467  9890  9891 
25  58467  9891  9892 
16  24510  9892  9893 
16  24510  9893  9894 
22  45017  9894  9895 
22  45017  9895  9896 
25  58474  9896  9897 
29  79842  9897  9898 
29  79842  9898  9899 
29  79842  9899  9900 
33  105027  9900  9901 
33  105027  9901  9902 
48  232563  9902  9903 
55  313038  9903  9904 
55  313038  9904  9905 
55  313038  9905  9906 
29  79856  9906  9907 
55  313088  9907  9908 
25  58508  9908  9909 
33  105063  9909  9910 
33  105063  9910  9911 
37  133653  9911  9912 
42  174722  9912  9913 
48  232624  9913  9914 
48  232624  9914  9915 
48  232624  9915  9916 
48  232624  9916  9917 
48  232624  9917  9918 
55  313105  9918  9919 
55  313105  9919  9920 
55  313105  9920  9921 
63  423697  9921  9922 
63  423697  9922  9923 
98  1157444  9923  9924 
98  1157444  9924  9925 
22  45054  9925  9926 
25  58514  9926  9927 
25  58514  9927  9928 
25  58514  9928  9929 
29  79885  9929  9930 
29  79885  9930  9931 
29  79885  9931  9932 
29  79885  9932  9933 
33  105072  9933  9934 
33  105072  9934  9935 
33  105072  9935  9936 
37  133665  9936  9937 
37  133665  9937  9938 
42  174734  9938  9939 
42  174734  9939  9940 
48  232639  9940  9941 
48  232639  9941  9942 
48  232639  9942  9944 
48  232639  9944  9945 
55  313120  9945  9946 
55  313120  9946  9948 
55  313120  9948  9949 
55  313120  9949  9950 
55  313120  9950  9952 
63  423715  9952  9953 
73  591265  9953  9955 
73  591265  9955  9959 
73  591265  9959  9960 
73  591265  9960  9961 
98  1157504  9961  9965 
98  1157504  9965  9972 
98  1157504  9972  9976 
33  105085  9976  9977 
37  133681  9977  9978 
42  174748  9978  9979 
48  232652  9979  9980 
55  313132  9980  9981 
25  58526  9981  9982 
29  79899  9982  9983 
37  133686  9983  9984 
37  133686  9984  9985 
42  174755  9985  9986 
33  105094  9986  9987 
48  232669  9987  9988 
37  133698  9988  9989 
16  24553  9989  9990 
16  24553  9990  9991 
16  24553  9991  9992 
16  24553  9992  9994 
16  24553  9994  9995 
16  24553  9995  9996 
16  24553  9996  9997 
16  24553  9997  9998 
16  24553  9998  9999 
16  24553  9999  10000 
16  24553  10000  10001 
19  33876  10001  10002 
19  33876  10002  10003 
19  33876  10003  10004 
22  45074  10004  10005 
25  58535  10005  10006 
25  58535  10006  10008 
25  58535  10008  10009 
29  79909  10009  10010 
29  79909  10010  10011 
29  79909  10011  10012 
29  79909  10012  10014 
33  105103  10014  10015 
33  105103  10015  10017 
33  105103  10017  10018 
33  105103  10018  10019 
37  133702  10019  10022 
37  133702  10022  10023 
37  133702  10023  10024 
37  133702  10024  10025 
42  174774  10025  10030 
42  174774  10030  10032 
42  174774  10032  10033 
42  174774  10033  10036 
42  174774  10036  10038 
48  232689  10038  10048 
48  232689  10048  10049 
48  232689  10049  10051 
48  232689  10051  10053 
48  232689  10053  10063 
48  232689  10063  10068 
55  313179  10068  10073 
55  313179  10073  10076 
55  313179  10076  10081 
55  313179  10081  10088 
55  313179  10088  10095 
55  313179  10095  10109 
55  313179  10109  10124 
63  423780  10124  10132 
63  423780  10132  10156 
63  423780  10156  10169 
63  423780  10169  10179 
63  423780  10179  10185 
63  423780  10185  10205 
63  423780  10205  10223 
63  423780  10223  10238 
73  591345  10238  10267 
73  591345  10267  10323 
73  591345  10323  10332 
73  591345  10332  10357 
73  591345  10357  10370 
73  591345  10370  10417 
73  591345  10417  10452 
73  591345  10452  10461 
73  591345  10461  10476 
98  1157740  10476  10507 
98  1157740  10507  10582 
98  1157740  10582  10597 
98  1157740  10597  10635 
98  1157740  10635  10672 
116  1708322  10672  10751 
16  24553  10751  10752 
16  24564  10752  10753 
16  24564  10753  10754 
16  24564  10754  10755 
19  33888  10755  10756 
19  33888  10756  10757 
19  33888  10757  10758 
22  45088  10758  10759 
22  45088  10759  10760 
25  58551  10760  10761 
25  58551  10761  10764 
25  58551  10764  10765 
29  79927  10765  10769 
29  79927  10769  10770 
29  79927  10770  10771 
33  105121  10771  10772 
33  105121  10772  10774 
33  105121  10774  10775 
33  105121  10775  10776 
37  133716  10776  10777 
37  133716  10777  10778 
37  133716  10778  10779 
37  133716  10779  10780 
42  174782  10780  10781 
42  174782  10781  10784 
42  174782  10784  10785 
42  174782  10785  10787 
48  232690  10787  10788 
48  232690  10788  10789 
42  174783  10789  10790 
37  133753  10790  10791 
42  174818  10791  10792 
48  232720  10792  10793 
48  232720  10793  10794 
48  232720  10794  10795 
16  24589  10795  10796 
19  33920  10796  10797 
19  33920  10797  10798 
25  58594  10798  10799 
29  79986  10799  10800 
29  79986  10800  10802 
29  79986  10802  10803 
33  105182  10803  10804 
33  105182  10804  10805 
37  133778  10805  10806 
37  133778  10806  10807 
37  133778  10807  10808 
42  174842  10808  10809 
42  174842  10809  10812 
42  174842  10812  10813 
42  174842  10813  10814 
42  174842  10814  10815 
48  232750  10815  10817 
48  232750  10817  10818 
48  232750  10818  10819 
48  232750  10819  10820 
48  232750  10820  10821 
48  232750  10821  10822 
55  313231  10822  10823 
55  313231  10823  10826 
55  313231  10826  10827 
55  313231  10827  10830 
22  45123  10830  10831 
16  24600  10831  10832 
16  24600  10832  10833 
19  33934  10833  10834 
25  58609  10834  10835 
25  58609  10835  10836 
25  58609  10836  10838 
29  80001  10838  10839 
29  80001  10839  10841 
29  80001  10841  10842 
29  80001  10842  10843 
33  105200  10843  10845 
33  105200  10845  10846 
37  133800  10846  10847 
37  133800  10847  10848 
37  133800  10848  10849 
37  133800  10849  10850 
42  174869  10850  10851 
42  174869  10851  10852 
42  174869  10852  10854 
42  174869  10854  10855 
42  174869  10855  10856 
48  232780  10856  10858 
48  232780  10858  10862 
48  232780  10862  10864 
48  232780  10864  10866 
48  232780  10866  10867 
55  313274  10867  10868 
55  313278  10868  10869 
29  80029  10869  10870 
33  105225  10870  10871 
63  423897  10871  10872 
84  814003  10872  10873 
63  423925  10873  10874 
16  24632  10874  10875 
19  33968  10875  10876 
22  45183  10876  10877 
25  58659  10877  10878 
29  80053  10878  10879 
42  174922  10879  10880 
48  232834  10880  10881 
37  133865  10881  10882 
63  423959  10882  10883 
63  423959  10883  10884 
138  2546045  10884  10885 
168  3942398  10885  10886 
168  3942398  10886  10887 
55  313359  10887  10888 
55  313359  10888  10889 
63  423980  10889  10890 
63  423980  10890  10891 
63  423980  10891  10892 
63  423980  10892  10893 
63  423980  10893  10894 
63  423980  10894  10895 
73  591545  10895  10896 
73  591545  10896  10897 
73  591545  10897  10898 
73  591545  10898  10899 
73  591545  10899  10900 
73  591545  10900  10902 
73  591545  10902  10903 
73  591545  10903  10905 
73  591545  10905  10906 
98  1157974  10906  10910 
42  174973  10910  10911 
73  591569  10911  10912 
73  591569  10912  10913 
73  591569  10913  10914 
73  591569  10914  10915 
73  591569  10915  10916 
63  424089  10916  10917 
73  591658  10917  10918 
73  591658  10918  10919 
48  232957  10919  10920 
37  133959  10920  10921 
42  175044  10921  10922 
48  232973  10922  10923 
63  424118  10923  10924 
63  424118  10924  10925 
116  1708888  10925  10926 
116  1708888  10926  10927 
25  58739  10927  10928 
84  814300  10928  10929 
84  814300  10929  10930 
37  133979  10930  10931 
55  313512  10931  10932 
55  313512  10932  10933 
84  814303  10933  10934 
84  814303  10934  10935 
16  24677  10935  10936 
16  24677  10936  10937 
16  24677  10937  10938 
16  24677  10938  10939 
16  24677  10939  10940 
16  24677  10940  10941 
16  24677  10941  10942 
16  24677  10942  10945 
19  34031  10945  10947 
19  34031  10947  10948 
19  34031  10948  10949 
22  45257  10949  10950 
22  45257  10950  10952 
22  45257  10952  10953 
25  58749  10953  10954 
25  58749  10954  10955 
25  58749  10955  10956 
29  80159  10956  10959 
29  80159  10959  10962 
29  80159  10962  10963 
29  80159  10963  10964 
33  105376  10964  10965 
33  105376  10965  10966 
33  105376  10966  10967 
37  133986  10967  10975 
42  175072  10975  10978 
42  175072  10978  10983 
48  233009  10983  10985 
48  233009  10985  10988 
48  233009  10988  10989 
48  233009  10989  10990 
48  233009  10990  10992 
48  233009  10992  10996 
55  313522  10996  10999 
55  313522  10999  11002 
55  313522  11002  11006 
55  313522  11006  11010 
55  313522  11010  11012 
55  313522  11012  11013 
63  424162  11013  11014 
63  424162  11014  11028 
73  591743  11028  11029 
73  591743  11029  11034 
73  591743  11034  11038 
73  591743  11038  11040 
84  814318  11040  11050 
84  814318  11050  11054 
84  814318  11054  11061 
84  814318  11061  11066 
84  814318  11066  11080 
84  814318  11080  11090 
84  814318  11090  11106 
84  814318  11106  11108 
84  814318  11108  11118 
84  814318  11118  11149 
98  1158210  11149  11167 
16  24680  11167  11168 
16  24680  11168  11169 
16  24680  11169  11170 
19  34033  11170  11171 
19  34033  11171  11172 
22  45258  11172  11173 
22  45258  11173  11174 
16  24689  11174  11175 
16  24689  11175  11177 
16  24689  11177  11178 
16  24689  11178  11179 
19  34046  11179  11180 
22  45273  11180  11181 
22  45273  11181  11182 
25  58766  11182  11183 
25  58766  11183  11184 
42  175075  11184  11185 
48  233010  11185  11186 
48  233010  11186  11187 
48  233010  11187  11188 
48  233010  11188  11189 
48  233010  11189  11190 
55  313522  11190  11191 
55  313522  11191  11192 
16  24690  11192  11193 
19  34047  11193  11194 
22  45275  11194  11195 
22  45275  11195  11196 
42  175077  11196  11197 
42  175077  11197  11198 
48  233012  11198  11199 
37  133999  11199  11200 
42  175092  11200  11201 
22  45284  11201  11202 
22  45284  11202  11203 
29  80186  11203  11204 
33  105401  11204  11205 
37  134009  11205  11206 
42  175102  11206  11207 
42  175102  11207  11208 
42  175102  11208  11209 
48  233041  11209  11210 
48  233041  11210  11211 
48  233041  11211  11212 
55  313562  11212  11213 
55  313562  11213  11215 
55  313562  11215  11217 
63  424210  11217  11218 
63  424210  11218  11219 
63  424210  11219  11220 
73  591814  11220  11221 
84  814402  11221  11222 
84  814402  11222  11224 
84  814402  11224  11226 
84  814402  11226  11230 
84  814402  11230  11232 
84  814402  11232  11233 
84  814402  11233  11235 
84  814402  11235  11237 
84  814402  11237  11240 
42  175110  11240  11241 
48  233049  11241  11242 
98  1158261  11242  11243 
19  34070  11243  11244 
25  58799  11244  11246 
29  80204  11246  11247 
29  80204  11247  11248 
29  80204  11248  11249 
29  80204  11249  11250 
33  105417  11250  11251 
33  105417  11251  11252 
33  105417  11252  11256 
33  105417  11256  11257 
37  134030  11257  11258 
37  134030  11258  11259 
37  134030  11259  11260 
37  134030  11260  11266 
42  175122  11266  11267 
42  175122  11267  11269 
42  175122  11269  11270 
42  175122  11270  11271 
48  233061  11271  11273 
48  233061  11273  11274 
55  313584  11274  11275 
55  313584  11275  11276 
55  313584  11276  11278 
55  313584  11278  11283 
55  313584  11283  11284 
63  424236  11284  11285 
63  424236  11285  11286 
73  591841  11286  11288 
73  591841  11288  11290 
73  591841  11290  11292 
73  591841  11292  11299 
33  105432  11299  11300 
37  134039  11300  11301 
37  134039  11301  11302 
42  175133  11302  11303 
42  175133  11303  11304 
42  175133  11304  11305 
48  233075  11305  11306 
48  233075  11306  11307 
55  313595  11307  11308 
55  313595  11308  11309 
55  313595  11309  11310 
63  424246  11310  11311 
63  424246  11311  11313 
63  424246  11313  11314 
63  424246  11314  11315 
84  814434  11315  11316 
84  814434  11316  11317 
84  814434  11317  11321 
19  34106  11321  11322 
25  58839  11322  11323 
25  58839  11323  11324 
29  80243  11324  11325 
29  80243  11325  11326 
29  80243  11326  11327 
29  80243  11327  11328 
33  105448  11328  11329 
33  105448  11329  11330 
33  105448  11330  11331 
37  134054  11331  11332 
37  134054  11332  11333 
37  134054  11333  11334 
42  175147  11334  11335 
42  175147  11335  11336 
48  233092  11336  11337 
55  313610  11337  11338 
55  313610  11338  11339 
55  313610  11339  11342 
63  424261  11342  11343 
63  424261  11343  11344 
63  424261  11344  11346 
63  424261  11346  11347 
63  424261  11347  11348 
73  591866  11348  11349 
25  58843  11349  11350 
63  424269  11350  11351 
63  424269  11351  11352 
73  591872  11352  11353 
42  175169  11353  11354 
48  233113  11354  11355 
55  313633  11355  11356 
63  424281  11356  11357 
63  424281  11357  11358 
63  424281  11358  11359 
73  591878  11359  11360 
73  591878  11360  11361 
84  814456  11361  11362 
37  134090  11362  11363 
42  175188  11363  11364 
63  424300  11364  11365 
73  591905  11365  11366 
84  814540  11366  11367 
48  233201  11367  11368 
48  233201  11368  11369 
55  313718  11369  11370 
55  313718  11370  11372 
55  313718  11372  11373 
55  313718  11373  11374 
55  313718  11374  11375 
55  313718  11375  11376 
55  313718  11376  11378 
63  424370  11378  11380 
63  424370  11380  11381 
63  424370  11381  11382 
63  424370  11382  11384 
63  424370  11384  11385 
63  424370  11385  11386 
63  424370  11386  11387 
63  424370  11387  11392 
73  591975  11392  11394 
73  591975  11394  11395 
73  591975  11395  11401 
73  591975  11401  11403 
84  814562  11403  11405 
84  814562  11405  11406 
84  814562  11406  11409 
84  814562  11409  11410 
37  134155  11410  11411 
37  134155  11411  11412 
42  175256  11412  11413 
48  233207  11413  11414 
33  105552  11414  11415 
37  134166  11415  11416 
37  134166  11416  11417 
42  175269  11417  11418 
42  175269  11418  11419 
48  233220  11419  11420 
48  233220  11420  11421 
63  424401  11421  11422 
63  424401  11422  11424 
63  424401  11424  11425 
73  592008  11425  11426 
73  592008  11426  11430 
73  592008  11430  11432 
73  592008  11432  11433 
16  24793  11433  11434 
22  45426  11434  11435 
55  313761  11435  11436 
63  424407  11436  11437 
29  80372  11437  11438 
42  175324  11438  11439 
48  233282  11439  11440 
48  233282  11440  11441 
48  233282  11441  11442 
48  233282  11442  11443 
48  233282  11443  11444 
55  313796  11444  11445 
55  313796  11445  11446 
55  313796  11446  11447 
55  313796  11447  11448 
63  424444  11448  11449 
63  424444  11449  11450 
63  424444  11450  11454 
63  424444  11454  11456 
63  424444  11456  11462 
63  424444  11462  11464 
73  592055  11464  11466 
73  592055  11466  11471 
73  592055  11471  11481 
73  592055  11481  11483 
73  592055  11483  11488 
73  592055  11488  11498 
73  592055  11498  11503 
73  592055  11503  11506 
33  105600  11506  11507 
84  814675  11507  11508 
16  24821  11508  11509 
16  24821  11509  11510 
16  24821  11510  11511 
16  24821  11511  11512 
16  24821  11512  11513 
16  24821  11513  11514 
16  24821  11514  11515 
16  24821  11515  11516 
16  24821  11516  11517 
16  24821  11517  11518 
16  24821  11518  11519 
16  24821  11519  11520 
16  24821  11520  11521 
19  34205  11521  11522 
19  34205  11522  11523 
25  58988  11523  11524 
29  80416  11524  11525 
29  80416  11525  11526 
29  80416  11526  11527 
33  105651  11527  11528 
33  105651  11528  11529 
33  105651  11529  11530 
37  134276  11530  11531 
37  134276  11531  11532 
37  134276  11532  11533 
42  175394  11533  11534 
42  175394  11534  11536 
42  175394  11536  11537 
42  175394  11537  11538 
48  233364  11538  11540 
48  233364  11540  11541 
48  233364  11541  11542 
48  233364  11542  11544 
48  233364  11544  11546 
48  233364  11546  11547 
55  313884  11547  11548 
55  313884  11548  11555 
55  313884  11555  11557 
55  313884  11557  11558 
55  313884  11558  11560 
55  313884  11560  11563 
55  313884  11563  11565 
63  424527  11565  11572 
63  424527  11572  11574 
63  424527  11574  11577 
42  175400  11577  11578 
42  175400  11578  11579 
42  175400  11579  11580 
48  233364  11580  11581 
25  59013  11581  11582 
29  80446  11582  11583 
63  424557  11583  11584 
63  424557  11584  11585 
73  592160  11585  11586 
73  592160  11586  11587 
73  592160  11587  11588 
84  814722  11588  11589 
84  814722  11589  11590 
116  1709396  11590  11591 
116  1709396  11591  11592 
116  1709396  11592  11593 
116  1709396  11593  11594 
116  1709403  11594  11595 
22  45504  11595  11596 
22  45504  11596  11597 
33  105718  11597  11598 
42  175477  11598  11599 
48  233445  11599  11600 
48  233445  11600  11601 
55  313976  11601  11602 
55  313976  11602  11603 
55  313976  11603  11604 
63  424620  11604  11605 
63  424620  11605  11606 
63  424620  11606  11607 
63  424620  11607  11608 
63  424620  11608  11609 
63  424620  11609  11610 
73  592238  11610  11611 
73  592238  11611  11612 
73  592238  11612  11613 
73  592238  11613  11614 
73  592238  11614  11615 
73  592238  11615  11616 
73  592238  11616  11619 
73  592238  11619  11620 
98  1158734  11620  11621 
73  592272  11621  11622 
73  592328  11622  11623 
63  424697  11623  11624 
25  59066  11624  11625 
29  80516  11625  11626 
29  80516  11626  11627 
55  314071  11627  11628 
63  424727  11628  11629 
37  134441  11629  11630 
37  134441  11630  11631 
37  134441  11631  11632 
42  175579  11632  11633 
42  175579  11633  11635 
48  233571  11635  11636 
48  233571  11636  11637 
48  233571  11637  11638 
55  314118  11638  11639 
55  314118  11639  11640 
63  424783  11640  11641 
63  424783  11641  11642 
63  424783  11642  11643 
63  424783  11643  11645 
63  424783  11645  11646 
63  424783  11646  11647 
73  592437  11647  11648 
73  592437  11648  11650 
73  592437  11650  11651 
16  24875  11651  11652 
16  24875  11652  11654 
16  24875  11654  11655 
16  24875  11655  11656 
16  24875  11656  11657 
16  24875  11657  11658 
16  24875  11658  11659 
16  24875  11659  11660 
16  24875  11660  11661 
16  24875  11661  11662 
16  24875  11662  11664 
16  24875  11664  11665 
19  34274  11665  11666 
19  34274  11666  11667 
19  34274  11667  11668 
22  45550  11668  11669 
22  45550  11669  11670 
22  45550  11670  11671 
25  59083  11671  11672 
25  59083  11672  11674 
25  59083  11674  11675 
29  80537  11675  11677 
29  80537  11677  11681 
29  80537  11681  11683 
29  80537  11683  11684 
33  105796  11684  11687 
33  105796  11687  11689 
33  105796  11689  11690 
33  105796  11690  11692 
37  134451  11692  11693 
37  134451  11693  11709 
37  134451  11709  11714 
37  134451  11714  11716 
42  175593  11716  11719 
42  175593  11719  11727 
42  175593  11727  11731 
48  233586  11731  11733 
48  233586  11733  11737 
73  592454  11737  11740 
73  592454  11740  11749 
73  592454  11749  11755 
84  815094  11755  11768 
84  815094  11768  11789 
84  815094  11789  11798 
84  815094  11798  11804 
84  815094  11804  11807 
84  815094  11807  11814 
84  815094  11814  11821 
84  815094  11821  11823 
84  815094  11823  11836 
84  815094  11836  11842 
84  815094  11842  11844 
98  1159085  11844  11854 
98  1159085  11854  11857 
98  1159085  11857  11867 
98  1159085  11867  11882 
98  1159085  11882  11892 
98  1159085  11892  11905 
98  1159085  11905  11920 
116  1710003  11920  11932 
116  1710003  11932  11942 
116  1710003  11942  11948 
116  1710003  11948  11964 
138  2547871  11964  11992 
138  2547871  11992  12010 
138  2547871  12010  12030 
138  2547871  12030  12034 
138  2547871  12034  12070 
138  2547871  12070  12125 
138  2547871  12125  12133 
138  2547871  12133  12172 
138  2547871  12172  12184 
138  2547871  12184  12200 
138  2547871  12200  12222 
138  2547871  12222  12263 
138  2547871  12263  12279 
138  2547871  12279  12296 
168  3944972  12296  12353 
168  3944972  12353  12426 
25  59093  12426  12427 
42  175605  12427  12428 
25  59114  12428  12429 
37  134477  12429  12430 
42  175623  12430  12431 
42  175623  12431  12432 
63  424824  12432  12433 
63  424824  12433  12434 
73  592460  12434  12435 
73  592460  12435  12436 
73  592460  12436  12437 
42  175639  12437  12438 
48  233632  12438  12439 
37  134511  12439  12440 
42  175660  12440  12441 
42  175660  12441  12442 
42  175660  12442  12443 
48  233653  12443  12444 
48  233653  12444  12445 
48  233653  12445  12446 
48  233653  12446  12447 
55  314215  12447  12448 
63  424895  12448  12449 
63  424895  12449  12450 
37  134562  12450  12451 
42  175707  12451  12452 
42  175707  12452  12453 
42  175707  12453  12454 
42  175707  12454  12455 
48  233717  12455  12456 
48  233717  12456  12457 
48  233717  12457  12460 
48  233717  12460  12461 
48  233717  12461  12462 
48  233717  12462  12463 
55  314290  12463  12464 
55  314290  12464  12465 
55  314290  12465  12466 
55  314290  12466  12467 
55  314290  12467  12468 
63  424962  12468  12469 
63  424962  12469  12470 
63  424962  12470  12471 
63  424962  12471  12473 
63  424962  12473  12475 
63  424962  12475  12478 
63  424962  12478  12480 
63  424962  12480  12481 
73  592650  12481  12491 
73  592650  12491  12493 
73  592650  12493  12497 
73  592650  12497  12503 
73  592650  12503  12506 
73  592650  12506  12512 
73  592650  12512  12517 
73  592650  12517  12522 
84  815276  12522  12528 
84  815276  12528  12532 
84  815276  12532  12539 
84  815276  12539  12545 
84  815276  12545  12549 
84  815276  12549  12551 
84  815276  12551  12555 
98  1159254  12555  12562 
98  1159254  12562  12569 
98  1159254  12569  12579 
98  1159254  12579  12585 
98  1159254  12585  12593 
42  175707  12593  12594 
25  59196  12594  12595 
42  175730  12595  12596 
48  233737  12596  12597 
48  233737  12597  12598 
48  233737  12598  12599 
55  314313  12599  12600 
55  314313  12600  12601 
55  314313  12601  12602 
55  314330  12602  12603 
25  59239  12603  12604 
42  175768  12604  12605 
48  233768  12605  12606 
48  233768  12606  12607 
48  233768  12607  12608 
63  425027  12608  12609 
73  592712  12609  12610 
29  80717  12610  12611 
16  24981  12611  12612 
16  24981  12612  12615 
16  24981  12615  12617 
16  24981  12617  12619 
16  24981  12619  12620 
16  24981  12620  12622 
16  24981  12622  12624 
16  24981  12624  12628 
16  24981  12628  12631 
16  24981  12631  12634 
16  24981  12634  12636 
16  24981  12636  12637 
16  24981  12637  12640 
16  24981  12640  12643 
16  24981  12643  12646 
19  34402  12646  12648 
19  34402  12648  12650 
19  34402  12650  12653 
22  45707  12653  12658 
22  45707  12658  12659 
22  45707  12659  12662 
25  59263  12662  12666 
25  59263  12666  12671 
25  59263  12671  12675 
29  80740  12675  12677 
29  80740  12677  12679 
29  80740  12679  12682 
29  80740  12682  12684 
33  106007  12684  12687 
33  106007  12687  12689 
33  106007  12689  12694 
33  106007  12694  12696 
37  134667  12696  12699 
37  134667  12699  12701 
37  134667  12701  12702 
37  134667  12702  12703 
42  175815  12703  12706 
42  175815  12706  12708 
42  175815  12708  12710 
48  233829  12710  12711 
48  233829  12711  12713 
48  233829  12713  12714 
48  233829  12714  12716 
48  233829  12716  12717 
63  425107  12717  12718 
63  425107  12718  12719 
63  425107  12719  12720 
73  592836  12720  12725 
73  592836  12725  12728 
73  592836  12728  12731 
73  592836  12731  12734 
73  592836  12734  12736 
73  592836  12736  12738 
73  592836  12738  12739 
73  592836  12739  12740 
73  592836  12740  12742 
73  592836  12742  12744 
84  815464  12744  12746 
29  80773  12746  12747 
33  106045  12747  12748 
42  175862  12748  12749 
42  175862  12749  12750 
42  175862  12750  12751 
48  233891  12751  12752 
48  233891  12752  12753 
55  314491  12753  12754 
55  314491  12754  12755 
55  314491  12755  12756 
63  425198  12756  12757 
63  425198  12757  12758 
63  425198  12758  12759 
63  425198  12759  12760 
63  425198  12760  12761 
73  592943  12761  12762 
73  592943  12762  12763 
73  592943  12763  12764 
73  592943  12764  12765 
73  592943  12765  12766 
73  592943  12766  12769 
73  592943  12769  12770 
73  592943  12770  12771 
73  592943  12771  12772 
73  592943  12772  12773 
84  815574  12773  12776 
84  815574  12776  12778 
84  815574  12778  12787 
84  815574  12787  12788 
84  815574  12788  12790 
84  815574  12790  12791 
84  815574  12791  12792 
84  815574  12792  12794 
84  815574  12794  12797 
84  815574  12797  12801 
84  815574  12801  12803 
98  1159594  12803  12804 
98  1159594  12804  12806 
116  1710549  12806  12807 
116  1710549  12807  12811 
116  1710549  12811  12814 
138  2548531  12814  12815 
168  3945683  12815  12816 
168  3945683  12816  12819 
168  3945683  12819  12831 
168  3945683  12831  12837 
168  3945683  12837  12841 
48  233896  12841  12842 
42  175877  12842  12843 
98  1159603  12843  12844 
73  592979  12844  12845 
37  134746  12845  12846 
73  593011  12846  12847 
84  815653  12847  12848 
84  815653  12848  12849 
37  134750  12849  12850 
42  175908  12850  12851 
73  593025  12851  12852 
84  815668  12852  12853 
84  815668  12853  12854 
98  1159714  12854  12855 
42  175912  12855  12856 
63  425327  12856  12857 
73  593100  12857  12858 
98  1159827  12858  12859 
98  1159827  12859  12860 
98  1159827  12860  12861 
98  1159827  12861  12862 
116  1710868  12862  12863 
116  1710868  12863  12864 
29  80851  12864  12865 
42  175971  12865  12866 
42  175971  12866  12867 
42  175971  12867  12868 
48  234020  12868  12869 
48  234020  12869  12870 
48  234020  12870  12871 
55  314642  12871  12872 
63  425384  12872  12873 
16  25045  12873  12874 
84  815854  12874  12875 
116  1711058  12875  12876 
42  176019  12876  12877 
63  425478  12877  12878 
73  593293  12878  12879 
73  593293  12879  12880 
55  314776  12880  12881 
138  2549985  12881  12882 
138  2549985  12882  12883 
138  2549985  12883  12884 
168  3947724  12884  12885 
168  3947724  12885  12886 
168  3947724  12886  12887 
168  3947724  12887  12888 
168  3947724  12888  12889 
138  2550168  12889  12890 
138  2550168  12890  12891 
168  3948280  12891  12892 
210  6286552  12892  12893 
98  1160589  12893  12894 
63  425694  12894  12895 
63  425694  12895  12896 
73  593567  12896  12897 
84  816362  12897  12898 
98  1160651  12898  12899 
16  25092  12899  12900 
16  25092  12900  12901 
25  59446  12901  12902 
33  106254  12902  12903 
37  134944  12903  12904 
37  134944  12904  12905 
37  134944  12905  12906 
37  134944  12906  12907 
42  176141  12907  12908 
42  176141  12908  12909 
55  314892  12909  12910 
55  314892  12910  12911 
63  425716  12911  12914 
63  425716  12914  12916 
63  425716  12916  12917 
63  425716  12917  12918 
63  425716  12918  12919 
63  425716  12919  12920 
73  593597  12920  12921 
73  593597  12921  12923 
73  593597  12923  12924 
73  593597  12924  12925 
98  1160701  12925  12927 
98  1160701  12927  12928 
98  1160701  12928  12930 
98  1160701  12930  12932 
98  1160701  12932  12933 
98  1160701  12933  12934 
98  1160701  12934  12935 
98  1160701  12935  12937 
98  1160701  12937  12939 
116  1712095  12939  12940 
116  1712095  12940  12945 
116  1712095  12945  12948 
116  1712095  12948  12949 
116  1712095  12949  12952 
116  1712095  12952  12953 
116  1712095  12953  12955 
116  1712095  12955  12956 
116  1712095  12956  12962 
116  1712095  12962  12966 
138  2550639  12966  12969 
168  3948624  12969  12970 
168  3948624  12970  12972 
168  3948624  12972  12974 
168  3948624  12974  12980 
168  3948624  12980  12984 
168  3948624  12984  12987 
168  3948624  12987  12990 
168  3948624  12990  12998 
210  6286968  12998  13001 
210  6286968  13001  13004 
210  6286968  13004  13007 
210  6286968  13007  13014 
210  6286968  13014  13020 
210  6286968  13020  13023 
210  6286968  13023  13033 
273  9978076  13033  13037 
22  45871  13037  13038 
48  234234  13038  13039 
55  314893  13039  13040 
84  816417  13040  13041 
29  80972  13041  13042 
33  106272  13042  13043 
73  593624  13043  13044 
73  593624  13044  13045 
84  816431  13045  13046 
84  816431  13046  13047 
84  816431  13047  13048 
98  1160746  13048  13049 
98  1160746  13049  13050 
98  1160746  13050  13051 
98  1160746  13051  13052 
84  816467  13052  13053 
84  816467  13053  13054 
84  816467  13054  13055 
98  1160787  13055  13056 
98  1160787  13056  13057 
98  1160787  13057  13058 
98  1160787  13058  13059 
98  1160787  13059  13060 
98  1160787  13060  13061 
98  1160787  13061  13062 
98  1160787  13062  13063 
98  1160787  13063  13064 
98  1160787  13064  13065 
98  1160787  13065  13066 
116  1712195  13066  13067 
116  1712195  13067  13068 
116  1712195  13068  13069 
116  1712195  13069  13070 
116  1712195  13070  13072 
116  1712195  13072  13073 
116  1712195  13073  13074 
116  1712195  13074  13075 
116  1712195  13075  13076 
116  1712195  13076  13078 
116  1712195  13078  13079 
138  2550744  13079  13080 
84  816477  13080  13081 
210  6286968  13081  13082 
210  6286968  13082  13083 
37  134993  13083  13084 
16  25118  13084  13085 
16  25118  13085  13086 
16  25118  13086  13088 
16  25118  13088  13089 
16  25118  13089  13090 
16  25118  13090  13091 
16  25118  13091  13092 
16  25118  13092  13093 
16  25118  13093  13094 
16  25118  13094  13095 
19  34568  13095  13096 
19  34568  13096  13097 
19  34568  13097  13098 
22  45906  13098  13099 
22  45906  13099  13100 
25  59484  13100  13102 
25  59484  13102  13106 
25  59484  13106  13107 
29  81002  13107  13109 
29  81002  13109  13110 
29  81002  13110  13112 
29  81002  13112  13116 
33  106303  13116  13118 
33  106303  13118  13119 
33  106303  13119  13121 
33  106303  13121  13127 
37  134997  13127  13130 
37  134997  13130  13138 
37  134997  13138  13139 
37  134997  13139  13142 
42  176204  13142  13146 
42  176204  13146  13153 
42  176204  13153  13171 
63  425829  13171  13180 
63  425829  13180  13184 
63  425829  13184  13188 
63  425829  13188  13192 
63  425829  13192  13195 
63  425829  13195  13203 
63  425829  13203  13206 
63  425829  13206  13228 
73  593737  13228  13232 
73  593737  13232  13240 
73  593737  13240  13243 
73  593737  13243  13247 
73  593737  13247  13249 
73  593737  13249  13255 
73  593737  13255  13257 
73  593737  13257  13263 
73  593737  13263  13278 
73  593737  13278  13288 
98  1160913  13288  13296 
116  1712324  13296  13310 
116  1712324  13310  13336 
116  1712324  13336  13345 
116  1712324  13345  13354 
116  1712324  13354  13366 
16  25119  13366  13367 
16  25119  13367  13368 
48  234310  13368  13369 
55  314984  13369  13370 
25  59509  13370  13371 
25  59509  13371  13372 
29  81028  13372  13373 
33  106324  13373  13374 
63  425854  13374  13375 
63  425854  13375  13376 
63  425854  13376  13377 
63  425854  13377  13378 
73  593762  13378  13379 
73  593762  13379  13380 
73  593769  13380  13381 
55  315079  13381  13382 
48  234387  13382  13383 
16  25158  13383  13384 
16  25158  13384  13385 
16  25158  13385  13386 
16  25158  13386  13387 
19  34612  13387  13388 
22  45957  13388  13389 
22  45957  13389  13390 
22  45957  13390  13391 
25  59536  13391  13392 
25  59536  13392  13393 
25  59536  13393  13394 
29  81064  13394  13395 
29  81064  13395  13396 
29  81064  13396  13397 
33  106370  13397  13398 
33  106370  13398  13399 
33  106370  13399  13400 
37  135069  13400  13401 
37  135069  13401  13402 
48  234408  13402  13403 
48  234408  13403  13404 
48  234408  13404  13405 
48  234408  13405  13406 
55  315114  13406  13407 
55  315114  13407  13408 
55  315114  13408  13410 
55  315114  13410  13411 
55  315114  13411  13412 
63  425977  13412  13414 
63  425977  13414  13416 
63  425977  13416  13417 
84  816771  13417  13424 
84  816771  13424  13425 
138  2551277  13425  13427 
138  2551277  13427  13430 
138  2551277  13430  13431 
138  2551277  13431  13434 
16  25160  13434  13435 
16  25160  13435  13436 
19  34614  13436  13437 
25  59540  13437  13438 
42  176291  13438  13439 
42  176291  13439  13440 
42  176291  13440  13441 
42  176291  13441  13442 
48  234410  13442  13443 
84  816802  13443  13444 
63  426062  13444  13445 
116  1712870  13445  13446 
116  1712870  13446  13447 
116  1712870  13447  13448 
116  1712870  13448  13449 
116  1712870  13449  13450 
116  1712870  13450  13451 
116  1712870  13451  13452 
138  2551606  13452  13453 
37  135116  13453  13454 
63  426067  13454  13455 
73  594048  13455  13456 
73  594048  13456  13457 
42  176355  13457  13458 
55  315212  13458  13459 
63  426089  13459  13460 
63  426089  13460  13461 
63  426089  13461  13462 
63  426089  13462  13463 
73  594073  13463  13464 
73  594073  13464  13465 
73  594073  13465  13466 
73  594073  13466  13467 
73  594073  13467  13468 
84  816957  13468  13469 
116  1712929  13469  13470 
116  1712929  13470  13471 
116  1712929  13471  13472 
55  315232  13472  13473 
73  594097  13473  13474 
73  594097  13474  13475 
84  816979  13475  13476 
98  1161421  13476  13477 
98  1161421  13477  13478 
98  1161421  13478  13479 
98  1161421  13479  13480 
98  1161421  13480  13481 
116  1712958  13481  13482 
116  1712958  13482  13483 
16  25198  13483  13484 
16  25198  13484  13485 
19  34662  13485  13486 
33  106457  13486  13487 
37  135163  13487  13488 
42  176394  13488  13489 
42  176394  13489  13490 
42  176394  13490  13491 
42  176394  13491  13492 
16  25199  13492  13493 
25  59609  13493  13494 
48  234542  13494  13495 
48  234542  13495  13496 
48  234542  13496  13497 
63  426153  13497  13498 
63  426153  13498  13499 
63  426153  13499  13500 
42  176413  13500  13501 
48  234551  13501  13502 
48  234551  13502  13503 
55  315282  13503  13504 
55  315282  13504  13505 
55  315282  13505  13506 
63  426173  13506  13507 
63  426173  13507  13508 
63  426173  13508  13509 
73  594174  13509  13510 
73  594174  13510  13511 
73  594174  13511  13512 
84  817075  13512  13513 
84  817075  13513  13514 
84  817075  13514  13515 
84  817075  13515  13517 
84  817075  13517  13519 
84  817075  13519  13521 
84  817075  13521  13523 
84  817075  13523  13524 
84  817075  13524  13525 
84  817075  13525  13527 
98  1161531  13527  13537 
98  1161531  13537  13540 
116  1713104  13540  13544 
116  1713104  13544  13548 
116  1713104  13548  13551 
116  1713104  13551  13557 
116  1713104  13557  13562 
116  1713104  13562  13568 
138  2551873  13568  13573 
138  2551873  13573  13577 
138  2551873  13577  13581 
138  2551873  13581  13596 
138  2551873  13596  13603 
138  2551873  13603  13606 
138  2551873  13606  13612 
138  2551873  13612  13614 
55  315290  13614  13615 
73  594178  13615  13616 
73  594178  13616  13617 
73  594178  13617  13618 
16  25214  13618  13619 
22  46036  13619  13620 
33  106487  13620  13621 
48  234568  13621  13622 
48  234568  13622  13623 
48  234568  13623  13624 
55  315299  13624  13625 
55  315299  13625  13626 
84  817076  13626  13627 
84  817076  13627  13628 
84  817076  13628  13629 
84  817076  13629  13630 
33  106492  13630  13631 
63  426201  13631  13632 
84  817103  13632  13633 
98  1161546  13633  13634 
116  1713108  13634  13635 
116  1713108  13635  13636 
63  426202  13636  13637 
37  135205  13637  13638 
37  135209  13638  13639 
48  234587  13639  13640 
48  234587  13640  13641 
48  234587  13641  13642 
55  315321  13642  13643 
55  315321  13643  13644 
55  315321  13644  13645 
55  315321  13645  13646 
55  315321  13646  13647 
63  426217  13647  13648 
63  426217  13648  13649 
63  426217  13649  13650 
63  426217  13650  13651 
73  594230  13651  13652 
55  315331  13652  13653 
116  1713406  13653  13654 
138  2552265  13654  13655 
98  1161841  13655  13656 
55  315475  13656  13657 
33  106582  13657  13658 
37  135299  13658  13659 
37  135299  13659  13661 
37  135299  13661  13662 
37  135299  13662  13663 
42  176552  13663  13666 
42  176552  13666  13670 
42  176552  13670  13675 
42  176552  13675  13677 
42  176552  13677  13681 
48  234717  13681  13684 
48  234717  13684  13685 
48  234717  13685  13688 
48  234717  13688  13694 
48  234717  13694  13698 
48  234717  13698  13703 
55  315495  13703  13708 
55  315495  13708  13715 
55  315495  13715  13717 
55  315495  13717  13726 
55  315495  13726  13728 
55  315495  13728  13733 
63  426441  13733  13736 
63  426441  13736  13740 
63  426441  13740  13747 
63  426441  13747  13749 
63  426441  13749  13753 
73  594510  13753  13763 
73  594510  13763  13767 
73  594510  13767  13773 
73  594510  13773  13780 
73  594510  13780  13812 
73  594510  13812  13818 
73  594510  13818  13824 
84  817490  13824  13829 
84  817490  13829  13832 
84  817490  13832  13837 
84  817490  13837  13842 
84  817490  13842  13848 
84  817490  13848  13859 
98  1162032  13859  13890 
210  6289773  13890  13907 
273  9980876  13907  13932 
273  9980876  13932  13945 
37  135299  13945  13946 
16  25264  13946  13947 
16  25264  13947  13948 
16  25264  13948  13949 
16  25264  13949  13951 
16  25264  13951  13952 
16  25264  13952  13953 
16  25264  13953  13954 
16  25264  13954  13956 
16  25264  13956  13957 
16  25264  13957  13958 
16  25264  13958  13959 
16  25264  13959  13960 
19  34743  13960  13961 
19  34743  13961  13962 
19  34743  13962  13963 
22  46106  13963  13964 
22  46106  13964  13965 
25  59708  13965  13966 
25  59708  13966  13967 
29  81263  13967  13968 
29  81263  13968  13969 
29  81263  13969  13970 
33  106593  13970  13972 
37  135302  13972  13973 
37  135302  13973  13974 
16  25269  13974  13975 
16  25269  13975  13976 
16  25269  13976  13977 
19  34749  13977  13978 
19  34749  13978  13979 
22  46112  13979  13980 
22  46112  13980  13981 
25  59718  13981  13982 
29  81277  13982  13983 
29  81277  13983  13984 
29  81277  13984  13985 
29  81277  13985  13986 
33  106608  13986  13989 
33  106608  13989  13990 
33  106608  13990  13992 
33  106608  13992  13994 
37  135315  13994  13996 
37  135315  13996  13998 
37  135315  13998  13999 
37  135315  13999  14000 
42  176564  14000  14001 
16  25290  14001  14002 
19  34768  14002  14003 
29  81293  14003  14004 
33  106622  14004  14005 
33  106622  14005  14006 
33  106622  14006  14007 
33  106622  14007  14008 
37  135334  14008  14009 
37  135334  14009  14010 
37  135334  14010  14012 
37  135334  14012  14014 
42  176591  14014  14015 
42  176591  14015  14016 
42  176591  14016  14017 
42  176591  14017  14018 
48  234757  14018  14019 
48  234757  14019  14020 
33  106642  14020  14021 
37  135351  14021  14022 
48  234771  14022  14023 
55  315539  14023  14024 
55  315539  14024  14025 
25  59775  14025  14026 
33  106666  14026  14027 
55  315555  14027  14028 
63  426504  14028  14029 
63  426504  14029  14030 
63  426504  14030  14031 
73  594567  14031  14032 
73  594567  14032  14033 
73  594567  14033  14034 
73  594567  14034  14035 
73  594567  14035  14036 
84  817543  14036  14039 
84  817543  14039  14040 
84  817543  14040  14041 
84  817543  14041  14042 
98  1162082  14042  14043 
55  315565  14043  14044 
42  176650  14044  14045 
48  234820  14045  14046 
55  315588  14046  14047 
25  59807  14047  14048 
63  426539  14048  14049 
73  594604  14049  14050 
84  817594  14050  14051 
84  817594  14051  14052 
84  817594  14052  14053 
84  817594  14053  14054 
116  1714081  14054  14055 
116  1714081  14055  14056 
29  81400  14056  14057 
33  106730  14057  14058 
33  106730  14058  14059 
37  135440  14059  14060 
42  176709  14060  14061 
55  315679  14061  14062 
63  426650  14062  14063 
63  426650  14063  14064 
73  594737  14064  14065 
73  594737  14065  14066 
73  594737  14066  14067 
73  594737  14067  14068 
73  594737  14068  14069 
138  2553141  14069  14070 
138  2553141  14070  14071 
138  2553141  14071  14072 
138  2553141  14072  14073 
168  3951695  14073  14074 
168  3951695  14074  14075 
168  3951695  14075  14076 
168  3951695  14076  14077 
168  3951695  14077  14079 
168  3951695  14079  14081 
168  3951695  14081  14084 
168  3951695  14084  14086 
168  3951695  14086  14087 
168  3951695  14087  14090 
168  3951695  14090  14091 
168  3951695  14091  14092 
63  426704  14092  14093 
16  25370  14093  14094 
16  25370  14094  14095 
16  25370  14095  14096 
16  25370  14096  14098 
16  25370  14098  14101 
16  25370  14101  14102 
16  25370  14102  14104 
16  25370  14104  14106 
16  25370  14106  14109 
16  25370  14109  14110 
16  25370  14110  14114 
16  25370  14114  14115 
19  34865  14115  14117 
19  34865  14117  14120 
19  34865  14120  14121 
22  46246  14121  14125 
33  106765  14125  14129 
37  135482  14129  14131 
37  135482  14131  14134 
37  135482  14134  14140 
37  135482  14140  14146 
42  176753  14146  14150 
42  176753  14150  14155 
42  176753  14155  14156 
42  176753  14156  14159 
42  176753  14159  14160 
48  234941  14160  14161 
48  234941  14161  14168 
48  234941  14168  14169 
48  234941  14169  14170 
48  234941  14170  14172 
48  234941  14172  14177 
55  315737  14177  14184 
16  25370  14184  14185 
25  59861  14185  14186 
42  176785  14186  14187 
73  594880  14187  14188 
168  3952047  14188  14189 
168  3952047  14189  14190 
168  3952047  14190  14191 
16  25386  14191  14192 
25  59891  14192  14193 
33  106813  14193  14194 
98  1162727  14194  14195 
98  1162755  14195  14196 
