1.267
-1.000
1.471
2.217
-1.000
-1.000
-1.000
1.411
2.286
-1.000
2.154
-1.000
-1.000
-1.000
-1.000
-1.000
-1.000
-1.000
-1.000
-1.000
-1.000
-1.000
1.855
-1.000
-1.000
-1.000
2.027
-1.000
-1.000
-1.000
2.547
-1.000
-1.000
-1.000
-1.000
-1.000
-1.000
-1.000
-1.000
-1.000
1.997
-1.000
-1.000
1.982
-1.000
-1.000
1.866
-1.000
-1.000
-1.000
-1.000
-1.000
-1.000
-1.000
-1.000
-1.000
-1.000
-1.000
-1.000
2.654
-1.000
-1.000
-1.000
-1.000
-1.000
-1.000
-1.000
-1.000
-1.000
-1.000
-1.000
-1.000
-1.000
-1.000
-1.000
-1.000
-1.000
-1.000
2.154
-1.000
-1.000
-1.000
-1.000
-1.000
-1.000
-1.000
-1.000
-1.000
-1.000
-1.000
-1.000
-1.000
-1.000
-1.000
-1.000
-1.000
-1.000
-1.000
-1.000
-1.000
-1.000
-1.000
-1.000
-1.000
-1.000
-1.000
-1.000
-1.000
-1.000
-1.000
-1.000
-1.000
-1.000
-1.000
-1.000
-1.000
-1.000
-1.000
-1.000
-1.000
-1.000
-1.000
-1.000
-1.000
2.643
-1.000
-1.000
-1.000
-1.000
-1.000
-1.000
-1.000
-1.000
2.490
-1.000
2.375
-1.000
2.452
-1.000
-1.000
-1.000
-1.000
-1.000
-1.000
-1.000
-1.000
-1.000
-1.000
-1.000
-1.000
-1.000
-1.000
2.663
-1.000
-1.000
-1.000
-1.000
-1.000
-1.000
-1.000
-1.000
-1.000
-1.000
-1.000
-1.000
-1.000
-1.000
-1.000
-1.000
-1.000
-1.000
-1.000
-1.000
-1.000
-1.000
-1.000
-1.000
-1.000
-1.000
-1.000
-1.000
-1.000
-1.000
-1.000
-1.000
-1.000
-1.000
-1.000
-1.000
-1.000
-1.000
-1.000
-1.000
-1.000
-1.000
-1.000
-1.000
-1.000
-1.000
-1.000
-1.000
-1.000
-1.000
-1.000
-1.000
-1.000
-1.000
-1.000
-1.000
-1.000
-1.000
-1.000
-1.000
-1.000
-1.000
-1.000
-1.000
-1.000
-1.000
-1.000
-1.000
-1.000
-1.000
-1.000
-1.000
-1.000
-1.000
-1.000
-1.000
-1.000
-1.000
-1.000
-1.000
-1.000
-1.000
-1.000
-1.000
-1.000
-1.000
-1.000
-1.000
-1.000
-1.000
-1.000
-1.000
-1.000
-1.000
-1.000
-1.000
-1.000
-1.000
-1.000
-1.000
-1.000
-1.000
-1.000
-1.000
-1.000
-1.000
-1.000
-1.000
-1.000
-1.000
-1.000
-1.000
-1.000
-1.000
-1.000
-1.000
-1.000
-1.000
-1.000
-1.000
-1.000
-1.000
-1.000
-1.000
-1.000
-1.000
-1.000
-1.000
-1.000
-1.000
-1.000
-1.000
-1.000
-1.000
-1.000
-1.000
-1.000
-1.000
-1.000
-1.000
-1.000
-1.000
-1.000
-1.000
-1.000
-1.000
-1.000
-1.000
-1.000
-1.000
-1.000
-1.000
-1.000
-1.000
-1.000
-1.000
-1.000
-1.000
-1.000
-1.000
-1.000
-1.000
-1.000
-1.000
-1.000
-1.000
-1.000
-1.000
-1.000
-1.000
-1.000
-1.000
-1.000
-1.000
-1.000
-1.000
-1.000
-1.000
-1.000
-1.000
-1.000
-1.000
-1.000
-1.000
-1.000
-1.000
-1.000
-1.000
-1.000
-1.000
-1.000
-1.000
-1.000
-1.000
-1.000
-1.000
-1.000
-1.000
-1.000
-1.000
-1.000
-1.000
-1.000
-1.000
-1.000
-1.000
-1.000
-1.000
-1.000
-1.000
-1.000
-1.000
-1.000
-1.000
-1.000
-1.000
-1.000
-1.000
-1.000
-1.000
-1.000
-1.000
-1.000
-1.000
-1.000
-1.000
-1.000
-1.000
-1.000
-1.000
-1.000
-1.000
-1.000
-1.000
-1.000
-1.000
-1.000
-1.000
-1.000
-1.000
-1.000
-1.000
-1.000
-1.000
-1.000
-1.000
-1.000
-1.000
-1.000
-1.000
-1.000
-1.000
-1.000
-1.000
-1.000
-1.000
-1.000
-1.000
-1.000
-1.000
-1.000
-1.000
-1.000
-1.000
-1.000
-1.000
-1.000
-1.000
-1.000
-1.000
-1.000
-1.000
-1.000
-1.000
-1.000
-1.000
-1.000
-1.000
-1.000
-1.000
-1.000
-1.000
-1.000
-1.000
-1.000
-1.000
-1.000
-1.000
-1.000
-1.000
-1.000
2.553
-1.000
-1.000
-1.000
2.588
-1.000
-1.000
-1.000
-1.000
-1.000
-1.000
2.646
-1.000
-1.000
-1.000
-1.000
-1.000
-1.000
-1.000
-1.000
-1.000
2.487
-1.000
-1.000
-1.000
-1.000
-1.000
-1.000
-1.000
-1.000
-1.000
-1.000
-1.000
-1.000
-1.000
-1.000
-1.000
-1.000
-1.000
-1.000
-1.000
-1.000
-1.000
-1.000
-1.000
-1.000
-1.000
-1.000
-1.000
-1.000
-1.000
-1.000
-1.000
-1.000
-1.000
-1.000
-1.000
-1.000
-1.000
-1.000
-1.000
-1.000
-1.000
-1.000
-1.000
-1.000
-1.000
-1.000
-1.000
-1.000
-1.000
-1.000
-1.000
-1.000
-1.000
-1.000
-1.000
-1.000
-1.000
-1.000
-1.000
-1.000
-1.000
-1.000
-1.000
-1.000
-1.000
-1.000
-1.000
-1.000
-1.000
-1.000
-1.000
-1.000
-1.000
-1.000
-1.000
-1.000
-1.000
-1.000
-1.000
-1.000
-1.000
-1.000
-1.000
-1.000
-1.000
-1.000
-1.000
-1.000
-1.000
-1.000
-1.000
-1.000
-1.000
-1.000
-1.000
-1.000
-1.000
-1.000
-1.000
-1.000
-1.000
-1.000
-1.000
-1.000
-1.000
-1.000
-1.000
-1.000
-1.000
-1.000
-1.000
-1.000
-1.000
-1.000
-1.000
-1.000
-1.000
-1.000
-1.000
-1.000
-1.000
-1.000
-1.000
-1.000
-1.000
-1.000
-1.000
-1.000
-1.000
-1.000
-1.000
-1.000
-1.000
-1.000
-1.000
-1.000
-1.000
-1.000
-1.000
-1.000
-1.000
-1.000
-1.000
-1.000
-1.000
-1.000
-1.000
-1.000
-1.000
-1.000
-1.000
-1.000
-1.000
-1.000
-1.000
-1.000
-1.000
-1.000
-1.000
-1.000
-1.000
-1.000
-1.000
-1.000
-1.000
-1.000
-1.000
-1.000
-1.000
-1.000
-1.000
-1.000
-1.000
-1.000
-1.000
-1.000
-1.000
-1.000
-1.000
-1.000
-1.000
-1.000
-1.000
-1.000
-1.000
-1.000
-1.000
-1.000
-1.000
-1.000
-1.000
-1.000
-1.000
-1.000
-1.000
-1.000
-1.000
-1.000
-1.000
-1.000
-1.000
-1.000
-1.000
-1.000
-1.000
-1.000
-1.000
-1.000
-1.000
-1.000
-1.000
-1.000
-1.000
-1.000
-1.000
-1.000
-1.000
-1.000
-1.000
-1.000
-1.000
-1.000
-1.000
-1.000
-1.000
-1.000
-1.000
-1.000
-1.000
-1.000
-1.000
-1.000
-1.000
-1.000
-1.000
-1.000
-1.000
-1.000
-1.000
-1.000
-1.000
-1.000
-1.000
-1.000
-1.000
-1.000
-1.000
-1.000
-1.000
-1.000
-1.000
-1.000
-1.000
-1.000
-1.000
-1.000
-1.000
-1.000
-1.000
-1.000
-1.000
-1.000
-1.000
-1.000
-1.000
-1.000
-1.000
-1.000
-1.000
-1.000
-1.000
-1.000
-1.000
-1.000
-1.000
-1.000
-1.000
-1.000
-1.000
-1.000
-1.000
-1.000
-1.000
-1.000
-1.000
-1.000
-1.000
-1.000
-1.000
-1.000
-1.000
-1.000
-1.000
-1.000
-1.000
-1.000
-1.000
-1.000
-1.000
-1.000
-1.000
-1.000
-1.000
-1.000
-1.000
-1.000
-1.000
-1.000
-1.000
-1.000
-1.000
-1.000
-1.000
-1.000
-1.000
-1.000
-1.000
-1.000
-1.000
-1.000
-1.000
-1.000
-1.000
-1.000
-1.000
-1.000
-1.000
-1.000
-1.000
-1.000
-1.000
-1.000
-1.000
-1.000
-1.000
-1.000
-1.000
-1.000
-1.000
-1.000
-1.000
-1.000
-1.000
-1.000
-1.000
-1.000
-1.000
-1.000
-1.000
-1.000
-1.000
-1.000
-1.000
-1.000
-1.000
-1.000
-1.000
-1.000
-1.000
-1.000
-1.000
-1.000
-1.000
-1.000
-1.000
-1.000
-1.000
-1.000
-1.000
-1.000
-1.000
-1.000
-1.000
-1.000
-1.000
-1.000
-1.000
-1.000
-1.000
-1.000
-1.000
-1.000
-1.000
-1.000
-1.000
-1.000
-1.000
-1.000
-1.000
-1.000
-1.000
-1.000
-1.000
-1.000
-1.000
-1.000
-1.000
-1.000
-1.000
-1.000
-1.000
-1.000
-1.000
-1.000
-1.000
-1.000
-1.000
-1.000
-1.000
-1.000
-1.000
-1.000
-1.000
-1.000
-1.000
-1.000
-1.000
-1.000
-1.000
-1.000
-1.000
-1.000
-1.000
-1.000
-1.000
-1.000
-1.000
-1.000
-1.000
-1.000
-1.000
-1.000
-1.000
-1.000
-1.000
-1.000
-1.000
-1.000
-1.000
-1.000
-1.000
-1.000
-1.000
-1.000
-1.000
-1.000
-1.000
-1.000
-1.000
-1.000
-1.000
-1.000
-1.000
-1.000
-1.000
-1.000
-1.000
-1.000
-1.000
-1.000
-1.000
-1.000
-1.000
-1.000
-1.000
-1.000
-1.000
-1.000
-1.000
-1.000
-1.000
-1.000
-1.000
-1.000
-1.000
-1.000
-1.000
-1.000
-1.000
-1.000
-1.000
-1.000
-1.000
-1.000
-1.000
-1.000
-1.000
-1.000
-1.000
-1.000
-1.000
-1.000
-1.000
-1.000
-1.000
-1.000
-1.000
-1.000
-1.000
-1.000
-1.000
-1.000
-1.000
-1.000
-1.000
-1.000
-1.000
-1.000
-1.000
-1.000
-1.000
-1.000
-1.000
-1.000
-1.000
-1.000
-1.000
-1.000
-1.000
-1.000
-1.000
-1.000
-1.000
-1.000
-1.000
-1.000
-1.000
-1.000
-1.000
-1.000
-1.000
-1.000
-1.000
-1.000
-1.000
-1.000
-1.000
-1.000
-1.000
-1.000
-1.000
-1.000
-1.000
-1.000
-1.000
-1.000
-1.000
-1.000
-1.000
-1.000
-1.000
-1.000
-1.000
-1.000
-1.000
-1.000
-1.000
-1.000
-1.000
-1.000
-1.000
-1.000
-1.000
-1.000
-1.000
-1.000
-1.000
-1.000
-1.000
-1.000
-1.000
-1.000
-1.000
-1.000
-1.000
-1.000
-1.000
-1.000
-1.000
-1.000
-1.000
-1.000
-1.000
-1.000
-1.000
-1.000
-1.000
-1.000
-1.000
-1.000
-1.000
-1.000
-1.000
-1.000
-1.000
-1.000
-1.000
-1.000
-1.000
-1.000
-1.000
-1.000
-1.000
-1.000
-1.000
-1.000
-1.000
-1.000
-1.000
-1.000
-1.000
-1.000
-1.000
-1.000
-1.000
-1.000
-1.000
-1.000
-1.000
-1.000
-1.000
-1.000
-1.000
-1.000
-1.000
-1.000
-1.000
-1.000
-1.000
-1.000
-1.000
-1.000
-1.000
-1.000
-1.000
-1.000
-1.000
-1.000
-1.000
-1.000
-1.000
-1.000
-1.000
-1.000
-1.000
-1.000
-1.000
-1.000
-1.000
-1.000
-1.000
-1.000
-1.000
-1.000
-1.000
-1.000
-1.000
-1.000
-1.000
-1.000
-1.000
-1.000
-1.000
-1.000
-1.000
-1.000
-1.000
-1.000
-1.000
-1.000
-1.000
-1.000
-1.000
-1.000
-1.000
-1.000
-1.000
-1.000
-1.000
-1.000
-1.000
-1.000
-1.000
-1.000
-1.000
-1.000
-1.000
-1.000
-1.000
-1.000
-1.000
-1.000
-1.000
-1.000
-1.000
-1.000
-1.000
-1.000
-1.000
-1.000
-1.000
-1.000
-1.000
-1.000
-1.000
-1.000
-1.000
-1.000
-1.000
-1.000
-1.000
-1.000
-1.000
-1.000
-1.000
-1.000
-1.000
-1.000
-1.000
-1.000
-1.000
-1.000
-1.000
-1.000
-1.000
-1.000
-1.000
-1.000
-1.000
-1.000
-1.000
-1.000
-1.000
-1.000
-1.000
-1.000
-1.000
-1.000
-1.000
-1.000
-1.000
-1.000
-1.000
-1.000
-1.000
-1.000
-1.000
-1.000
-1.000
-1.000
-1.000
-1.000
-1.000
-1.000
-1.000
-1.000
-1.000
-1.000
-1.000
-1.000
-1.000
-1.000
-1.000
-1.000
-1.000
-1.000
-1.000
-1.000
-1.000
-1.000
-1.000
-1.000
-1.000
-1.000
-1.000
-1.000
-1.000
-1.000
-1.000
-1.000
-1.000
-1.000
-1.000
-1.000
-1.000
-1.000
-1.000
-1.000
-1.000
-1.000
-1.000
-1.000
-1.000
-1.000
-1.000
-1.000
-1.000
-1.000
-1.000
-1.000
-1.000
-1.000
-1.000
-1.000
-1.000
-1.000
-1.000
-1.000
-1.000
-1.000
-1.000
-1.000
-1.000
-1.000
-1.000
-1.000
-1.000
-1.000
-1.000
-1.000
-1.000
-1.000
-1.000
-1.000
-1.000
-1.000
-1.000
-1.000
-1.000
-1.000
-1.000
-1.000
-1.000
-1.000
-1.000
-1.000
-1.000
-1.000
-1.000
-1.000
-1.000
-1.000
-1.000
-1.000
-1.000
-1.000
-1.000
-1.000
-1.000
-1.000
-1.000
-1.000
-1.000
-1.000
-1.000
-1.000
-1.000
-1.000
-1.000
-1.000
-1.000
-1.000
-1.000
-1.000
-1.000
-1.000
-1.000
-1.000
-1.000
-1.000
-1.000
-1.000
-1.000
-1.000
-1.000
-1.000
-1.000
-1.000
-1.000
-1.000
-1.000
-1.000
-1.000
-1.000
-1.000
-1.000
-1.000
-1.000
-1.000
-1.000
-1.000
-1.000
-1.000
-1.000
-1.000
-1.000
-1.000
-1.000
-1.000
-1.000
-1.000
-1.000
-1.000
-1.000
-1.000
-1.000
-1.000
-1.000
-1.000
-1.000
-1.000
-1.000
-1.000
-1.000
-1.000
-1.000
-1.000
-1.000
-1.000
-1.000
-1.000
-1.000
-1.000
-1.000
-1.000
-1.000
-1.000
-1.000
-1.000
-1.000
-1.000
-1.000
-1.000
-1.000
-1.000
-1.000
-1.000
-1.000
-1.000
-1.000
-1.000
-1.000
-1.000
-1.000
-1.000
-1.000
-1.000
-1.000
-1.000
-1.000
-1.000
-1.000
-1.000
-1.000
-1.000
-1.000
-1.000
-1.000
-1.000
-1.000
-1.000
-1.000
-1.000
-1.000
-1.000
-1.000
-1.000
-1.000
-1.000
-1.000
-1.000
-1.000
-1.000
-1.000
-1.000
-1.000
-1.000
-1.000
-1.000
-1.000
-1.000
-1.000
-1.000
-1.000
-1.000
-1.000
-1.000
-1.000
-1.000
-1.000
-1.000
-1.000
-1.000
-1.000
-1.000
-1.000
-1.000
-1.000
-1.000
-1.000
-1.000
-1.000
-1.000
-1.000
-1.000
-1.000
-1.000
-1.000
-1.000
-1.000
-1.000
-1.000
-1.000
-1.000
-1.000
-1.000
-1.000
-1.000
-1.000
-1.000
-1.000
-1.000
-1.000
-1.000
-1.000
-1.000
-1.000
-1.000
-1.000
-1.000
-1.000
-1.000
-1.000
-1.000
-1.000
-1.000
-1.000
-1.000
-1.000
-1.000
-1.000
-1.000
-1.000
-1.000
-1.000
-1.000
-1.000
-1.000
-1.000
-1.000
-1.000
-1.000
-1.000
-1.000
-1.000
-1.000
-1.000
-1.000
-1.000
-1.000
-1.000
-1.000
-1.000
-1.000
-1.000
-1.000
-1.000
-1.000
-1.000
-1.000
-1.000
-1.000
-1.000
-1.000
-1.000
-1.000
-1.000
-1.000
-1.000
-1.000
-1.000
-1.000
-1.000
-1.000
-1.000
-1.000
-1.000
-1.000
-1.000
-1.000
-1.000
-1.000
-1.000
-1.000
-1.000
-1.000
-1.000
-1.000
-1.000
-1.000
-1.000
-1.000
-1.000
-1.000
-1.000
-1.000
-1.000
-1.000
-1.000
-1.000
-1.000
-1.000
-1.000
-1.000
-1.000
-1.000
-1.000
-1.000
-1.000
-1.000
-1.000
-1.000
-1.000
-1.000
-1.000
-1.000
-1.000
-1.000
-1.000
-1.000
-1.000
-1.000
-1.000
-1.000
-1.000
-1.000
-1.000
-1.000
-1.000
-1.000
-1.000
-1.000
-1.000
-1.000
-1.000
-1.000
-1.000
-1.000
-1.000
-1.000
-1.000
-1.000
-1.000
-1.000
-1.000
-1.000
-1.000
-1.000
-1.000
-1.000
-1.000
-1.000
-1.000
-1.000
-1.000
-1.000
-1.000
-1.000
-1.000
-1.000
-1.000
-1.000
-1.000
-1.000
-1.000
-1.000
-1.000
-1.000
-1.000
-1.000
-1.000
-1.000
-1.000
-1.000
-1.000
-1.000
-1.000
-1.000
-1.000
-1.000
-1.000
-1.000
-1.000
-1.000
-1.000
-1.000
-1.000
-1.000
-1.000
-1.000
-1.000
-1.000
-1.000
-1.000
-1.000
-1.000
-1.000
-1.000
-1.000
-1.000
-1.000
-1.000
-1.000
-1.000
-1.000
-1.000
-1.000
-1.000
-1.000
-1.000
-1.000
-1.000
-1.000
-1.000
-1.000
-1.000
-1.000
-1.000
-1.000
-1.000
-1.000
-1.000
-1.000
-1.000
-1.000
-1.000
-1.000
-1.000
-1.000
-1.000
-1.000
-1.000
-1.000
-1.000
-1.000
-1.000
-1.000
-1.000
-1.000
-1.000
-1.000
-1.000
-1.000
-1.000
-1.000
-1.000
-1.000
-1.000
-1.000
-1.000
-1.000
-1.000
-1.000
-1.000
-1.000
-1.000
-1.000
-1.000
-1.000
-1.000
-1.000
-1.000
-1.000
-1.000
-1.000
-1.000
-1.000
-1.000
-1.000
-1.000
-1.000
-1.000
-1.000
-1.000
-1.000
-1.000
-1.000
-1.000
-1.000
-1.000
-1.000
-1.000
-1.000
-1.000
-1.000
-1.000
-1.000
-1.000
-1.000
-1.000
-1.000
-1.000
-1.000
-1.000
-1.000
-1.000
-1.000
-1.000
-1.000
-1.000
-1.000
-1.000
-1.000
-1.000
-1.000
-1.000
-1.000
-1.000
-1.000
-1.000
-1.000
-1.000
-1.000
-1.000
-1.000
-1.000
-1.000
-1.000
-1.000
-1.000
-1.000
-1.000
-1.000
-1.000
-1.000
-1.000
-1.000
-1.000
-1.000
-1.000
-1.000
-1.000
-1.000
-1.000
-1.000
-1.000
-1.000
-1.000
-1.000
-1.000
-1.000
-1.000
-1.000
-1.000
-1.000
-1.000
-1.000
-1.000
-1.000
-1.000
-1.000
-1.000
-1.000
-1.000
-1.000
-1.000
-1.000
-1.000
-1.000
-1.000
-1.000
-1.000
-1.000
-1.000
-1.000
-1.000
-1.000
-1.000
-1.000
-1.000
-1.000
-1.000
-1.000
-1.000
-1.000
-1.000
-1.000
-1.000
-1.000
-1.000
-1.000
-1.000
-1.000
-1.000
-1.000
-1.000
-1.000
-1.000
-1.000
-1.000
-1.000
-1.000
-1.000
-1.000
-1.000
-1.000
-1.000
-1.000
-1.000
-1.000
-1.000
-1.000
-1.000
-1.000
-1.000
-1.000
-1.000
-1.000
-1.000
-1.000
-1.000
-1.000
-1.000
-1.000
-1.000
-1.000
-1.000
-1.000
-1.000
-1.000
-1.000
-1.000
-1.000
-1.000
-1.000
-1.000
-1.000
-1.000
-1.000
-1.000
-1.000
-1.000
-1.000
-1.000
-1.000
-1.000
-1.000
-1.000
-1.000
-1.000
-1.000
-1.000
-1.000
-1.000
-1.000
-1.000
-1.000
-1.000
-1.000
-1.000
-1.000
-1.000
-1.000
-1.000
-1.000
-1.000
-1.000
-1.000
-1.000
-1.000
-1.000
-1.000
-1.000
-1.000
-1.000
-1.000
-1.000
-1.000
-1.000
-1.000
-1.000
-1.000
-1.000
-1.000
-1.000
-1.000
-1.000
-1.000
-1.000
-1.000
-1.000
-1.000
-1.000
-1.000
-1.000
-1.000
-1.000
-1.000
-1.000
-1.000
-1.000
-1.000
-1.000
-1.000
-1.000
-1.000
-1.000
-1.000
-1.000
-1.000
-1.000
-1.000
-1.000
-1.000
-1.000
-1.000
-1.000
-1.000
-1.000
-1.000
-1.000
-1.000
-1.000
-1.000
-1.000
-1.000
-1.000
-1.000
-1.000
-1.000
-1.000
-1.000
-1.000
-1.000
-1.000
-1.000
-1.000
-1.000
-1.000
-1.000
-1.000
-1.000
-1.000
-1.000
-1.000
-1.000
-1.000
-1.000
-1.000
-1.000
-1.000
-1.000
-1.000
-1.000
-1.000
-1.000
-1.000
-1.000
-1.000
-1.000
-1.000
-1.000
-1.000
-1.000
-1.000
-1.000
-1.000
-1.000
-1.000
-1.000
-1.000
-1.000
-1.000
-1.000
-1.000
-1.000
-1.000
-1.000
-1.000
-1.000
-1.000
-1.000
-1.000
-1.000
-1.000
-1.000
-1.000
-1.000
-1.000
-1.000
-1.000
-1.000
-1.000
-1.000
-1.000
-1.000
-1.000
-1.000
-1.000
-1.000
-1.000
-1.000
-1.000
-1.000
-1.000
-1.000
-1.000
-1.000
-1.000
-1.000
-1.000
-1.000
-1.000
-1.000
-1.000
-1.000
-1.000
-1.000
-1.000
-1.000
-1.000
-1.000
-1.000
-1.000
-1.000
-1.000
-1.000
-1.000
-1.000
-1.000
-1.000
-1.000
-1.000
-1.000
-1.000
-1.000
-1.000
-1.000
-1.000
-1.000
-1.000
-1.000
-1.000
-1.000
-1.000
-1.000
-1.000
-1.000
-1.000
-1.000
-1.000
-1.000
-1.000
-1.000
-1.000
-1.000
-1.000
-1.000
-1.000
-1.000
-1.000
-1.000
-1.000
-1.000
-1.000
-1.000
-1.000
-1.000
-1.000
-1.000
-1.000
-1.000
-1.000
-1.000
-1.000
-1.000
-1.000
-1.000
-1.000
-1.000
-1.000
-1.000
-1.000
-1.000
-1.000
-1.000
-1.000
-1.000
-1.000
-1.000
-1.000
-1.000
-1.000
-1.000
-1.000
-1.000
-1.000
-1.000
-1.000
-1.000
-1.000
-1.000
-1.000
-1.000
-1.000
-1.000
-1.000
-1.000
-1.000
-1.000
-1.000
-1.000
-1.000
-1.000
-1.000
-1.000
-1.000
-1.000
-1.000
-1.000
-1.000
-1.000
-1.000
-1.000
-1.000
-1.000
-1.000
-1.000
-1.000
-1.000
-1.000
-1.000
-1.000
-1.000
-1.000
-1.000
-1.000
-1.000
-1.000
-1.000
-1.000
-1.000
-1.000
-1.000
-1.000
-1.000
-1.000
-1.000
-1.000
-1.000
-1.000
-1.000
-1.000
-1.000
-1.000
-1.000
-1.000
-1.000
-1.000
-1.000
-1.000
-1.000
-1.000
-1.000
-1.000
-1.000
-1.000
-1.000
-1.000
-1.000
-1.000
-1.000
-1.000
-1.000
-1.000
-1.000
-1.000
-1.000
-1.000
-1.000
-1.000
-1.000
-1.000
-1.000
-1.000
-1.000
-1.000
-1.000
-1.000
-1.000
-1.000
-1.000
-1.000
-1.000
-1.000
-1.000
-1.000
-1.000
-1.000
-1.000
-1.000
-1.000
-1.000
-1.000
-1.000
-1.000
-1.000
-1.000
-1.000
-1.000
-1.000
-1.000
-1.000
-1.000
-1.000
-1.000
-1.000
-1.000
-1.000
-1.000
-1.000
-1.000
-1.000
-1.000
-1.000
-1.000
-1.000
-1.000
-1.000
-1.000
-1.000
-1.000
-1.000
-1.000
-1.000
-1.000
-1.000
-1.000
-1.000
-1.000
-1.000
-1.000
-1.000
-1.000
-1.000
-1.000
-1.000
-1.000
-1.000
-1.000
-1.000
-1.000
-1.000
-1.000
-1.000
-1.000
-1.000
-1.000
-1.000
-1.000
-1.000
-1.000
-1.000
-1.000
-1.000
-1.000
-1.000
-1.000
-1.000
-1.000
-1.000
-1.000
-1.000
-1.000
-1.000
-1.000
-1.000
-1.000
-1.000
-1.000
-1.000
-1.000
-1.000
-1.000
-1.000
-1.000
-1.000
-1.000
-1.000
-1.000
-1.000
-1.000
-1.000
-1.000
-1.000
-1.000
-1.000
-1.000
-1.000
-1.000
-1.000
-1.000
-1.000
-1.000
-1.000
-1.000
-1.000
-1.000
-1.000
-1.000
-1.000
-1.000
-1.000
-1.000
-1.000
-1.000
-1.000
-1.000
-1.000
-1.000
-1.000
-1.000
-1.000
-1.000
-1.000
-1.000
-1.000
-1.000
-1.000
-1.000
-1.000
-1.000
-1.000
-1.000
-1.000
-1.000
-1.000
-1.000
-1.000
-1.000
-1.000
-1.000
-1.000
-1.000
-1.000
-1.000
-1.000
-1.000
-1.000
-1.000
-1.000
-1.000
-1.000
-1.000
-1.000
-1.000
-1.000
-1.000
-1.000
-1.000
-1.000
-1.000
-1.000
-1.000
-1.000
-1.000
-1.000
-1.000
-1.000
-1.000
-1.000
-1.000
-1.000
-1.000
-1.000
-1.000
-1.000
-1.000
-1.000
-1.000
-1.000
-1.000
-1.000
-1.000
-1.000
-1.000
-1.000
-1.000
-1.000
-1.000
-1.000
-1.000
-1.000
-1.000
-1.000
-1.000
-1.000
-1.000
-1.000
-1.000
-1.000
-1.000
-1.000
-1.000
-1.000
-1.000
-1.000
-1.000
-1.000
-1.000
-1.000
-1.000
-1.000
-1.000
-1.000
-1.000
-1.000
-1.000
-1.000
-1.000
-1.000
-1.000
-1.000
-1.000
-1.000
-1.000
-1.000
-1.000
-1.000
-1.000
-1.000
-1.000
-1.000
-1.000
-1.000
-1.000
-1.000
-1.000
-1.000
-1.000
-1.000
-1.000
-1.000
-1.000
-1.000
-1.000
-1.000
-1.000
-1.000
-1.000
-1.000
-1.000
-1.000
-1.000
-1.000
-1.000
-1.000
-1.000
-1.000
-1.000
-1.000
-1.000
-1.000
-1.000
-1.000
-1.000
-1.000
-1.000
-1.000
-1.000
-1.000
-1.000
-1.000
-1.000
-1.000
-1.000
-1.000
-1.000
-1.000
-1.000
-1.000
-1.000
-1.000
-1.000
-1.000
-1.000
-1.000
-1.000
-1.000
-1.000
-1.000
-1.000
-1.000
-1.000
-1.000
-1.000
-1.000
-1.000
-1.000
-1.000
-1.000
-1.000
-1.000
-1.000
-1.000
-1.000
-1.000
-1.000
-1.000
-1.000
-1.000
-1.000
-1.000
-1.000
-1.000
-1.000
-1.000
-1.000
-1.000
-1.000
-1.000
-1.000
-1.000
-1.000
-1.000
-1.000
-1.000
-1.000
-1.000
-1.000
-1.000
-1.000
-1.000
-1.000
-1.000
-1.000
-1.000
-1.000
-1.000
-1.000
-1.000
-1.000
-1.000
-1.000
-1.000
-1.000
-1.000
-1.000
-1.000
-1.000
-1.000
-1.000
-1.000
-1.000
-1.000
-1.000
-1.000
-1.000
-1.000
-1.000
-1.000
-1.000
-1.000
-1.000
-1.000
-1.000
-1.000
-1.000
-1.000
-1.000
-1.000
-1.000
-1.000
-1.000
-1.000
-1.000
-1.000
-1.000
-1.000
-1.000
-1.000
-1.000
-1.000
-1.000
-1.000
-1.000
-1.000
-1.000
-1.000
-1.000
-1.000
-1.000
-1.000
-1.000
-1.000
-1.000
-1.000
-1.000
-1.000
-1.000
-1.000
-1.000
-1.000
-1.000
-1.000
-1.000
-1.000
-1.000
-1.000
-1.000
-1.000
-1.000
-1.000
-1.000
-1.000
-1.000
-1.000
-1.000
-1.000
-1.000
-1.000
-1.000
-1.000
-1.000
-1.000
-1.000
-1.000
-1.000
-1.000
-1.000
-1.000
-1.000
-1.000
-1.000
-1.000
-1.000
-1.000
-1.000
-1.000
-1.000
-1.000
-1.000
-1.000
-1.000
-1.000
-1.000
-1.000
-1.000
-1.000
-1.000
-1.000
-1.000
-1.000
-1.000
-1.000
-1.000
-1.000
-1.000
-1.000
-1.000
-1.000
-1.000
-1.000
-1.000
-1.000
-1.000
-1.000
-1.000
-1.000
-1.000
-1.000
-1.000
-1.000
-1.000
-1.000
-1.000
-1.000
-1.000
-1.000
-1.000
-1.000
-1.000
-1.000
-1.000
-1.000
-1.000
-1.000
-1.000
-1.000
-1.000
-1.000
-1.000
-1.000
-1.000
-1.000
-1.000
-1.000
-1.000
-1.000
-1.000
-1.000
-1.000
-1.000
-1.000
-1.000
-1.000
-1.000
-1.000
-1.000
-1.000
-1.000
-1.000
-1.000
-1.000
-1.000
-1.000
-1.000
-1.000
-1.000
-1.000
-1.000
-1.000
-1.000
-1.000
-1.000
-1.000
-1.000
-1.000
-1.000
-1.000
-1.000
-1.000
-1.000
-1.000
-1.000
-1.000
-1.000
-1.000
-1.000
-1.000
-1.000
-1.000
-1.000
-1.000
-1.000
-1.000
-1.000
-1.000
-1.000
-1.000
-1.000
-1.000
-1.000
-1.000
-1.000
-1.000
-1.000
-1.000
-1.000
-1.000
-1.000
-1.000
-1.000
-1.000
-1.000
-1.000
-1.000
-1.000
-1.000
-1.000
-1.000
-1.000
-1.000
-1.000
-1.000
-1.000
-1.000
-1.000
-1.000
-1.000
-1.000
-1.000
-1.000
-1.000
-1.000
-1.000
-1.000
-1.000
-1.000
-1.000
-1.000
-1.000
-1.000
-1.000
-1.000
-1.000
-1.000
-1.000
-1.000
-1.000
-1.000
-1.000
-1.000
-1.000
-1.000
-1.000
-1.000
-1.000
-1.000
-1.000
-1.000
-1.000
-1.000
-1.000
-1.000
-1.000
-1.000
-1.000
-1.000
-1.000
-1.000
-1.000
-1.000
-1.000
-1.000
-1.000
-1.000
-1.000
-1.000
-1.000
-1.000
-1.000
-1.000
-1.000
-1.000
-1.000
-1.000
-1.000
-1.000
-1.000
-1.000
-1.000
-1.000
-1.000
-1.000
-1.000
-1.000
-1.000
-1.000
-1.000
-1.000
-1.000
-1.000
-1.000
-1.000
-1.000
-1.000
-1.000
-1.000
-1.000
-1.000
-1.000
-1.000
-1.000
-1.000
-1.000
-1.000
-1.000
-1.000
-1.000
-1.000
-1.000
-1.000
-1.000
-1.000
-1.000
-1.000
-1.000
-1.000
-1.000
-1.000
-1.000
-1.000
-1.000
-1.000
-1.000
-1.000
-1.000
-1.000
-1.000
-1.000
-1.000
-1.000
-1.000
-1.000
-1.000
-1.000
-1.000
-1.000
-1.000
-1.000
-1.000
-1.000
-1.000
-1.000
-1.000
-1.000
-1.000
-1.000
-1.000
-1.000
-1.000
-1.000
-1.000
-1.000
-1.000
-1.000
-1.000
-1.000
-1.000
-1.000
-1.000
-1.000
-1.000
-1.000
-1.000
-1.000
-1.000
-1.000
-1.000
-1.000
-1.000
-1.000
-1.000
-1.000
-1.000
-1.000
-1.000
-1.000
-1.000
-1.000
-1.000
-1.000
-1.000
-1.000
-1.000
-1.000
-1.000
-1.000
-1.000
-1.000
-1.000
-1.000
-1.000
-1.000
-1.000
-1.000
-1.000
-1.000
-1.000
-1.000
-1.000
-1.000
-1.000
-1.000
-1.000
-1.000
-1.000
-1.000
-1.000
-1.000
-1.000
-1.000
-1.000
-1.000
-1.000
-1.000
-1.000
-1.000
-1.000
-1.000
-1.000
-1.000
-1.000
-1.000
-1.000
-1.000
-1.000
-1.000
-1.000
-1.000
-1.000
-1.000
-1.000
-1.000
-1.000
-1.000
-1.000
-1.000
-1.000
-1.000
-1.000
-1.000
-1.000
-1.000
-1.000
-1.000
-1.000
-1.000
-1.000
-1.000
-1.000
-1.000
-1.000
-1.000
-1.000
-1.000
-1.000
-1.000
-1.000
-1.000
-1.000
-1.000
-1.000
-1.000
-1.000
-1.000
-1.000
-1.000
-1.000
-1.000
-1.000
-1.000
-1.000
-1.000
-1.000
-1.000
-1.000
-1.000
-1.000
-1.000
-1.000
-1.000
-1.000
-1.000
-1.000
-1.000
-1.000
-1.000
-1.000
-1.000
-1.000
-1.000
-1.000
-1.000
-1.000
-1.000
-1.000
-1.000
-1.000
-1.000
-1.000
-1.000
-1.000
-1.000
-1.000
-1.000
-1.000
-1.000
-1.000
-1.000
-1.000
-1.000
-1.000
-1.000
-1.000
-1.000
-1.000
-1.000
-1.000
-1.000
-1.000
-1.000
-1.000
-1.000
-1.000
-1.000
-1.000
-1.000
-1.000
-1.000
-1.000
-1.000
-1.000
-1.000
-1.000
-1.000
-1.000
-1.000
-1.000
-1.000
-1.000
-1.000
-1.000
-1.000
-1.000
-1.000
-1.000
-1.000
-1.000
-1.000
-1.000
-1.000
-1.000
-1.000
-1.000
-1.000
-1.000
-1.000
-1.000
-1.000
-1.000
-1.000
-1.000
-1.000
-1.000
-1.000
-1.000
-1.000
-1.000
-1.000
-1.000
-1.000
-1.000
-1.000
-1.000
-1.000
-1.000
-1.000
-1.000
-1.000
-1.000
-1.000
-1.000
-1.000
-1.000
-1.000
-1.000
-1.000
-1.000
-1.000
-1.000
-1.000
-1.000
-1.000
-1.000
-1.000
-1.000
-1.000
-1.000
-1.000
-1.000
-1.000
-1.000
-1.000
-1.000
-1.000
-1.000
-1.000
-1.000
-1.000
-1.000
-1.000
-1.000
-1.000
-1.000
-1.000
-1.000
-1.000
-1.000
-1.000
-1.000
-1.000
-1.000
-1.000
-1.000
-1.000
-1.000
-1.000
-1.000
-1.000
-1.000
-1.000
-1.000
-1.000
-1.000
-1.000
-1.000
-1.000
-1.000
-1.000
-1.000
-1.000
-1.000
-1.000
-1.000
-1.000
-1.000
-1.000
-1.000
-1.000
-1.000
-1.000
-1.000
-1.000
-1.000
-1.000
-1.000
-1.000
-1.000
-1.000
-1.000
-1.000
-1.000
-1.000
-1.000
-1.000
-1.000
-1.000
-1.000
-1.000
-1.000
-1.000
-1.000
-1.000
-1.000
-1.000
-1.000
-1.000
-1.000
-1.000
-1.000
-1.000
-1.000
-1.000
-1.000
-1.000
-1.000
-1.000
-1.000
-1.000
-1.000
-1.000
-1.000
-1.000
-1.000
-1.000
-1.000
-1.000
-1.000
-1.000
-1.000
-1.000
-1.000
-1.000
-1.000
-1.000
-1.000
-1.000
-1.000
-1.000
-1.000
-1.000
-1.000
-1.000
-1.000
-1.000
-1.000
-1.000
-1.000
-1.000
-1.000
-1.000
-1.000
-1.000
-1.000
-1.000
-1.000
-1.000
-1.000
-1.000
-1.000
-1.000
-1.000
-1.000
-1.000
-1.000
-1.000
-1.000
-1.000
-1.000
-1.000
-1.000
-1.000
-1.000
-1.000
-1.000
-1.000
-1.000
-1.000
-1.000
-1.000
-1.000
-1.000
-1.000
-1.000
-1.000
-1.000
-1.000
-1.000
-1.000
-1.000
-1.000
-1.000
-1.000
-1.000
-1.000
-1.000
-1.000
-1.000
-1.000
-1.000
-1.000
-1.000
-1.000
-1.000
-1.000
-1.000
-1.000
-1.000
-1.000
-1.000
-1.000
-1.000
-1.000
-1.000
-1.000
-1.000
-1.000
-1.000
-1.000
-1.000
-1.000
-1.000
-1.000
-1.000
-1.000
-1.000
-1.000
-1.000
-1.000
-1.000
-1.000
-1.000
-1.000
-1.000
-1.000
-1.000
-1.000
-1.000
-1.000
-1.000
-1.000
-1.000
-1.000
-1.000
-1.000
-1.000
-1.000
-1.000
-1.000
-1.000
-1.000
-1.000
-1.000
-1.000
-1.000
-1.000
-1.000
-1.000
-1.000
-1.000
-1.000
-1.000
-1.000
-1.000
-1.000
-1.000
-1.000
-1.000
-1.000
-1.000
-1.000
-1.000
-1.000
-1.000
-1.000
-1.000
-1.000
-1.000
-1.000
-1.000
-1.000
-1.000
-1.000
-1.000
-1.000
-1.000
-1.000
-1.000
-1.000
-1.000
-1.000
-1.000
-1.000
-1.000
-1.000
-1.000
-1.000
-1.000
-1.000
-1.000
-1.000
-1.000
-1.000
-1.000
-1.000
-1.000
-1.000
-1.000
-1.000
-1.000
-1.000
-1.000
-1.000
-1.000
-1.000
-1.000
-1.000
-1.000
-1.000
-1.000
-1.000
-1.000
-1.000
-1.000
-1.000
-1.000
-1.000
-1.000
-1.000
-1.000
-1.000
-1.000
-1.000
-1.000
-1.000
-1.000
-1.000
-1.000
-1.000
-1.000
-1.000
-1.000
-1.000
-1.000
-1.000
-1.000
-1.000
-1.000
-1.000
-1.000
-1.000
-1.000
-1.000
-1.000
-1.000
-1.000
-1.000
-1.000
-1.000
-1.000
-1.000
-1.000
-1.000
-1.000
-1.000
-1.000
-1.000
-1.000
-1.000
-1.000
-1.000
-1.000
-1.000
-1.000
-1.000
-1.000
-1.000
-1.000
-1.000
-1.000
-1.000
-1.000
-1.000
-1.000
-1.000
-1.000
-1.000
-1.000
-1.000
-1.000
-1.000
-1.000
-1.000
-1.000
-1.000
-1.000
-1.000
-1.000
-1.000
-1.000
-1.000
-1.000
-1.000
-1.000
-1.000
-1.000
-1.000
-1.000
-1.000
-1.000
-1.000
-1.000
-1.000
-1.000
-1.000
-1.000
-1.000
-1.000
-1.000
-1.000
-1.000
-1.000
-1.000
-1.000
-1.000
-1.000
-1.000
-1.000
-1.000
-1.000
-1.000
-1.000
-1.000
-1.000
-1.000
-1.000
-1.000
-1.000
-1.000
-1.000
-1.000
-1.000
-1.000
-1.000
-1.000
-1.000
-1.000
-1.000
-1.000
-1.000
-1.000
-1.000
-1.000
-1.000
-1.000
-1.000
-1.000
-1.000
-1.000
-1.000
-1.000
-1.000
-1.000
-1.000
-1.000
-1.000
-1.000
-1.000
-1.000
-1.000
-1.000
-1.000
-1.000
-1.000
-1.000
-1.000
-1.000
-1.000
-1.000
-1.000
-1.000
-1.000
-1.000
-1.000
-1.000
-1.000
-1.000
-1.000
-1.000
-1.000
-1.000
-1.000
-1.000
-1.000
-1.000
-1.000
-1.000
-1.000
-1.000
-1.000
-1.000
-1.000
-1.000
-1.000
-1.000
-1.000
-1.000
-1.000
-1.000
-1.000
-1.000
-1.000
-1.000
-1.000
-1.000
-1.000
-1.000
-1.000
-1.000
-1.000
-1.000
-1.000
-1.000
-1.000
-1.000
-1.000
-1.000
-1.000
-1.000
-1.000
-1.000
-1.000
-1.000
-1.000
-1.000
-1.000
-1.000
-1.000
-1.000
-1.000
-1.000
-1.000
-1.000
-1.000
-1.000
-1.000
-1.000
-1.000
-1.000
-1.000
-1.000
-1.000
-1.000
-1.000
-1.000
-1.000
-1.000
-1.000
-1.000
-1.000
-1.000
-1.000
-1.000
-1.000
-1.000
-1.000
-1.000
-1.000
-1.000
-1.000
-1.000
-1.000
-1.000
-1.000
-1.000
-1.000
-1.000
-1.000
-1.000
-1.000
-1.000
-1.000
-1.000
-1.000
-1.000
-1.000
-1.000
-1.000
-1.000
-1.000
-1.000
-1.000
-1.000
-1.000
-1.000
-1.000
-1.000
-1.000
-1.000
-1.000
-1.000
-1.000
-1.000
-1.000
-1.000
-1.000
-1.000
-1.000
-1.000
-1.000
-1.000
-1.000
-1.000
-1.000
-1.000
-1.000
-1.000
-1.000
-1.000
-1.000
-1.000
-1.000
-1.000
-1.000
-1.000
-1.000
-1.000
-1.000
-1.000
-1.000
-1.000
-1.000
-1.000
-1.000
-1.000
-1.000
-1.000
-1.000
-1.000
-1.000
-1.000
-1.000
-1.000
-1.000
-1.000
-1.000
-1.000
-1.000
-1.000
-1.000
-1.000
-1.000
-1.000
-1.000
-1.000
-1.000
-1.000
-1.000
-1.000
-1.000
-1.000
-1.000
-1.000
-1.000
-1.000
-1.000
-1.000
-1.000
-1.000
-1.000
-1.000
-1.000
-1.000
-1.000
-1.000
-1.000
-1.000
-1.000
-1.000
-1.000
-1.000
-1.000
-1.000
-1.000
-1.000
-1.000
-1.000
-1.000
-1.000
-1.000
-1.000
-1.000
-1.000
-1.000
-1.000
-1.000
-1.000
-1.000
-1.000
-1.000
-1.000
-1.000
-1.000
-1.000
-1.000
-1.000
-1.000
-1.000
-1.000
-1.000
-1.000
-1.000
-1.000
-1.000
-1.000
-1.000
-1.000
-1.000
-1.000
-1.000
-1.000
-1.000
-1.000
-1.000
-1.000
-1.000
-1.000
-1.000
-1.000
-1.000
-1.000
-1.000
-1.000
-1.000
-1.000
-1.000
-1.000
-1.000
-1.000
-1.000
-1.000
-1.000
-1.000
-1.000
-1.000
-1.000
-1.000
-1.000
-1.000
-1.000
-1.000
-1.000
-1.000
-1.000
-1.000
-1.000
-1.000
-1.000
-1.000
-1.000
-1.000
-1.000
-1.000
-1.000
-1.000
-1.000
-1.000
-1.000
-1.000
-1.000
-1.000
-1.000
-1.000
-1.000
-1.000
-1.000
-1.000
-1.000
-1.000
-1.000
-1.000
-1.000
-1.000
-1.000
-1.000
-1.000
-1.000
-1.000
-1.000
-1.000
-1.000
-1.000
-1.000
-1.000
-1.000
-1.000
-1.000
-1.000
-1.000
-1.000
-1.000
-1.000
-1.000
-1.000
-1.000
-1.000
-1.000
-1.000
-1.000
-1.000
-1.000
-1.000
-1.000
-1.000
-1.000
-1.000
-1.000
-1.000
-1.000
-1.000
-1.000
-1.000
-1.000
-1.000
-1.000
-1.000
-1.000
-1.000
-1.000
-1.000
-1.000
-1.000
-1.000
-1.000
-1.000
-1.000
-1.000
-1.000
-1.000
-1.000
-1.000
-1.000
-1.000
-1.000
-1.000
-1.000
-1.000
-1.000
-1.000
-1.000
-1.000
-1.000
-1.000
-1.000
-1.000
-1.000
-1.000
-1.000
-1.000
-1.000
-1.000
-1.000
-1.000
-1.000
-1.000
-1.000
-1.000
-1.000
-1.000
-1.000
-1.000
-1.000
-1.000
-1.000
-1.000
-1.000
-1.000
-1.000
-1.000
-1.000
-1.000
-1.000
-1.000
-1.000
-1.000
-1.000
-1.000
-1.000
-1.000
-1.000
-1.000
-1.000
-1.000
-1.000
-1.000
-1.000
-1.000
-1.000
-1.000
-1.000
-1.000
-1.000
-1.000
-1.000
-1.000
-1.000
-1.000
-1.000
-1.000
-1.000
-1.000
-1.000
-1.000
-1.000
-1.000
-1.000
-1.000
-1.000
-1.000
-1.000
-1.000
-1.000
-1.000
-1.000
-1.000
-1.000
-1.000
-1.000
-1.000
-1.000
-1.000
-1.000
-1.000
-1.000
-1.000
-1.000
-1.000
-1.000
-1.000
-1.000
-1.000
-1.000
-1.000
-1.000
-1.000
-1.000
-1.000
-1.000
-1.000
-1.000
-1.000
-1.000
-1.000
-1.000
-1.000
-1.000
-1.000
-1.000
-1.000
-1.000
-1.000
-1.000
-1.000
-1.000
-1.000
-1.000
-1.000
-1.000
-1.000
-1.000
-1.000
-1.000
-1.000
-1.000
-1.000
-1.000
-1.000
-1.000
-1.000
-1.000
-1.000
-1.000
-1.000
-1.000
-1.000
-1.000
-1.000
-1.000
-1.000
-1.000
-1.000
-1.000
-1.000
-1.000
-1.000
-1.000
-1.000
-1.000
-1.000
-1.000
-1.000
-1.000
-1.000
-1.000
-1.000
-1.000
-1.000
-1.000
-1.000
-1.000
-1.000
-1.000
-1.000
-1.000
-1.000
-1.000
-1.000
-1.000
-1.000
-1.000
-1.000
-1.000
-1.000
-1.000
-1.000
-1.000
-1.000
-1.000
-1.000
-1.000
-1.000
-1.000
-1.000
-1.000
-1.000
-1.000
-1.000
-1.000
-1.000
-1.000
-1.000
-1.000
-1.000
-1.000
-1.000
-1.000
-1.000
-1.000
-1.000
-1.000
-1.000
-1.000
-1.000
-1.000
-1.000
-1.000
-1.000
-1.000
-1.000
-1.000
-1.000
-1.000
-1.000
-1.000
-1.000
-1.000
-1.000
-1.000
-1.000
-1.000
-1.000
-1.000
-1.000
-1.000
-1.000
-1.000
-1.000
-1.000
-1.000
-1.000
-1.000
-1.000
-1.000
-1.000
-1.000
-1.000
-1.000
-1.000
-1.000
-1.000
-1.000
-1.000
-1.000
-1.000
-1.000
-1.000
-1.000
-1.000
-1.000
-1.000
-1.000
-1.000
-1.000
-1.000
-1.000
-1.000
-1.000
-1.000
-1.000
-1.000
-1.000
-1.000
-1.000
-1.000
-1.000
-1.000
-1.000
-1.000
-1.000
-1.000
-1.000
-1.000
-1.000
-1.000
-1.000
-1.000
-1.000
-1.000
-1.000
-1.000
-1.000
-1.000
-1.000
-1.000
-1.000
-1.000
-1.000
-1.000
-1.000
-1.000
-1.000
-1.000
-1.000
-1.000
-1.000
-1.000
-1.000
-1.000
-1.000
-1.000
-1.000
-1.000
-1.000
-1.000
-1.000
-1.000
-1.000
-1.000
-1.000
-1.000
-1.000
-1.000
-1.000
-1.000
-1.000
-1.000
-1.000
-1.000
-1.000
-1.000
-1.000
-1.000
-1.000
-1.000
-1.000
-1.000
-1.000
-1.000
-1.000
-1.000
-1.000
-1.000
-1.000
-1.000
-1.000
-1.000
-1.000
-1.000
-1.000
-1.000
-1.000
-1.000
-1.000
-1.000
-1.000
-1.000
-1.000
-1.000
-1.000
-1.000
-1.000
-1.000
-1.000
-1.000
-1.000
-1.000
-1.000
-1.000
-1.000
-1.000
-1.000
-1.000
-1.000
-1.000
-1.000
-1.000
-1.000
-1.000
-1.000
-1.000
-1.000
-1.000
-1.000
-1.000
-1.000
-1.000
-1.000
-1.000
-1.000
-1.000
-1.000
-1.000
-1.000
-1.000
-1.000
-1.000
-1.000
-1.000
-1.000
-1.000
-1.000
-1.000
-1.000
-1.000
-1.000
-1.000
-1.000
-1.000
-1.000
-1.000
-1.000
-1.000
-1.000
-1.000
-1.000
-1.000
-1.000
-1.000
-1.000
-1.000
-1.000
-1.000
-1.000
-1.000
-1.000
-1.000
-1.000
-1.000
-1.000
-1.000
-1.000
-1.000
-1.000
-1.000
-1.000
-1.000
-1.000
-1.000
-1.000
-1.000
-1.000
-1.000
-1.000
-1.000
-1.000
-1.000
-1.000
-1.000
-1.000
-1.000
-1.000
-1.000
-1.000
-1.000
-1.000
-1.000
-1.000
-1.000
-1.000
-1.000
-1.000
-1.000
-1.000
-1.000
-1.000
-1.000
-1.000
-1.000
-1.000
-1.000
-1.000
-1.000
-1.000
-1.000
-1.000
-1.000
-1.000
-1.000
-1.000
-1.000
-1.000
-1.000
-1.000
-1.000
-1.000
-1.000
-1.000
-1.000
-1.000
-1.000
-1.000
-1.000
-1.000
-1.000
-1.000
-1.000
-1.000
-1.000
-1.000
-1.000
-1.000
-1.000
-1.000
-1.000
-1.000
-1.000
-1.000
-1.000
-1.000
-1.000
-1.000
-1.000
-1.000
-1.000
-1.000
-1.000
-1.000
-1.000
-1.000
-1.000
-1.000
-1.000
-1.000
-1.000
-1.000
-1.000
-1.000
-1.000
-1.000
-1.000
-1.000
-1.000
-1.000
-1.000
-1.000
-1.000
-1.000
-1.000
-1.000
-1.000
-1.000
-1.000
-1.000
-1.000
-1.000
-1.000
-1.000
-1.000
-1.000
-1.000
-1.000
-1.000
-1.000
-1.000
-1.000
-1.000
-1.000
-1.000
-1.000
-1.000
-1.000
-1.000
-1.000
-1.000
-1.000
-1.000
-1.000
-1.000
-1.000
-1.000
-1.000
-1.000
-1.000
-1.000
-1.000
-1.000
-1.000
-1.000
-1.000
-1.000
-1.000
-1.000
-1.000
-1.000
-1.000
-1.000
-1.000
-1.000
-1.000
-1.000
-1.000
-1.000
-1.000
-1.000
-1.000
-1.000
-1.000
-1.000
-1.000
-1.000
-1.000
-1.000
-1.000
-1.000
-1.000
-1.000
-1.000
-1.000
-1.000
-1.000
-1.000
-1.000
-1.000
-1.000
-1.000
-1.000
-1.000
-1.000
-1.000
-1.000
-1.000
-1.000
-1.000
-1.000
-1.000
-1.000
-1.000
-1.000
-1.000
-1.000
-1.000
-1.000
-1.000
-1.000
-1.000
-1.000
-1.000
-1.000
-1.000
-1.000
-1.000
-1.000
-1.000
-1.000
-1.000
-1.000
-1.000
-1.000
-1.000
-1.000
-1.000
-1.000
-1.000
-1.000
-1.000
-1.000
-1.000
-1.000
-1.000
-1.000
-1.000
-1.000
-1.000
-1.000
-1.000
-1.000
-1.000
-1.000
-1.000
-1.000
-1.000
-1.000
-1.000
-1.000
-1.000
-1.000
-1.000
-1.000
-1.000
-1.000
-1.000
-1.000
-1.000
-1.000
-1.000
-1.000
-1.000
-1.000
-1.000
-1.000
-1.000
-1.000
-1.000
-1.000
-1.000
-1.000
-1.000
-1.000
-1.000
-1.000
-1.000
-1.000
-1.000
-1.000
-1.000
-1.000
-1.000
-1.000
-1.000
-1.000
-1.000
-1.000
-1.000
-1.000
-1.000
-1.000
-1.000
-1.000
-1.000
-1.000
-1.000
-1.000
-1.000
-1.000
-1.000
-1.000
-1.000
-1.000
-1.000
-1.000
-1.000
-1.000
-1.000
-1.000
-1.000
-1.000
-1.000
-1.000
-1.000
-1.000
-1.000
-1.000
-1.000
-1.000
-1.000
-1.000
-1.000
-1.000
-1.000
-1.000
-1.000
-1.000
-1.000
-1.000
-1.000
-1.000
-1.000
-1.000
-1.000
-1.000
-1.000
-1.000
-1.000
-1.000
-1.000
-1.000
-1.000
-1.000
-1.000
-1.000
-1.000
-1.000
-1.000
-1.000
-1.000
-1.000
-1.000
-1.000
-1.000
-1.000
-1.000
-1.000
-1.000
-1.000
-1.000
-1.000
-1.000
-1.000
-1.000
-1.000
-1.000
-1.000
-1.000
-1.000
-1.000
-1.000
-1.000
-1.000
-1.000
-1.000
-1.000
-1.000
-1.000
-1.000
-1.000
-1.000
-1.000
-1.000
-1.000
-1.000
-1.000
-1.000
-1.000
-1.000
-1.000
-1.000
-1.000
-1.000
-1.000
-1.000
-1.000
-1.000
-1.000
-1.000
-1.000
-1.000
-1.000
-1.000
-1.000
-1.000
-1.000
-1.000
-1.000
-1.000
-1.000
-1.000
-1.000
-1.000
-1.000
-1.000
-1.000
-1.000
-1.000
-1.000
-1.000
-1.000
-1.000
-1.000
-1.000
-1.000
-1.000
-1.000
-1.000
-1.000
-1.000
-1.000
-1.000
-1.000
-1.000
-1.000
-1.000
-1.000
-1.000
-1.000
-1.000
-1.000
-1.000
-1.000
-1.000
-1.000
-1.000
-1.000
-1.000
-1.000
-1.000
-1.000
-1.000
-1.000
-1.000
-1.000
-1.000
-1.000
-1.000
-1.000
-1.000
-1.000
-1.000
-1.000
-1.000
-1.000
-1.000
-1.000
-1.000
-1.000
-1.000
-1.000
-1.000
-1.000
-1.000
-1.000
-1.000
-1.000
-1.000
-1.000
-1.000
-1.000
-1.000
-1.000
-1.000
-1.000
-1.000
-1.000
-1.000
-1.000
-1.000
-1.000
-1.000
-1.000
-1.000
-1.000
-1.000
-1.000
-1.000
-1.000
-1.000
-1.000
-1.000
-1.000
-1.000
-1.000
-1.000
-1.000
-1.000
-1.000
-1.000
-1.000
-1.000
-1.000
-1.000
-1.000
-1.000
-1.000
-1.000
-1.000
-1.000
-1.000
-1.000
-1.000
-1.000
-1.000
-1.000
-1.000
-1.000
-1.000
-1.000
-1.000
-1.000
-1.000
-1.000
-1.000
-1.000
-1.000
-1.000
-1.000
-1.000
-1.000
-1.000
-1.000
-1.000
-1.000
-1.000
-1.000
-1.000
-1.000
-1.000
-1.000
-1.000
-1.000
-1.000
-1.000
-1.000
-1.000
-1.000
-1.000
-1.000
-1.000
-1.000
-1.000
-1.000
-1.000
-1.000
-1.000
-1.000
-1.000
-1.000
-1.000
-1.000
-1.000
-1.000
-1.000
-1.000
-1.000
-1.000
-1.000
-1.000
-1.000
-1.000
-1.000
-1.000
-1.000
-1.000
-1.000
-1.000
-1.000
-1.000
-1.000
-1.000
-1.000
-1.000
-1.000
-1.000
-1.000
-1.000
-1.000
-1.000
-1.000
-1.000
-1.000
-1.000
-1.000
-1.000
-1.000
-1.000
-1.000
-1.000
-1.000
-1.000
-1.000
-1.000
-1.000
-1.000
-1.000
-1.000
-1.000
-1.000
-1.000
-1.000
-1.000
-1.000
-1.000
-1.000
-1.000
-1.000
-1.000
-1.000
-1.000
-1.000
-1.000
-1.000
-1.000
-1.000
-1.000
-1.000
-1.000
-1.000
-1.000
-1.000
-1.000
-1.000
-1.000
-1.000
-1.000
-1.000
-1.000
-1.000
-1.000
-1.000
-1.000
-1.000
-1.000
-1.000
-1.000
-1.000
-1.000
-1.000
-1.000
-1.000
-1.000
-1.000
-1.000
-1.000
-1.000
-1.000
-1.000
-1.000
-1.000
-1.000
-1.000
-1.000
-1.000
-1.000
-1.000
-1.000
-1.000
-1.000
-1.000
-1.000
-1.000
-1.000
-1.000
-1.000
-1.000
-1.000
-1.000
-1.000
-1.000
-1.000
-1.000
-1.000
-1.000
-1.000
-1.000
-1.000
-1.000
-1.000
-1.000
-1.000
-1.000
-1.000
-1.000
-1.000
-1.000
-1.000
-1.000
-1.000
-1.000
-1.000
-1.000
-1.000
-1.000
-1.000
-1.000
-1.000
-1.000
-1.000
-1.000
-1.000
-1.000
-1.000
-1.000
-1.000
-1.000
-1.000
-1.000
-1.000
-1.000
-1.000
-1.000
-1.000
-1.000
-1.000
-1.000
-1.000
-1.000
-1.000
-1.000
-1.000
-1.000
-1.000
-1.000
-1.000
-1.000
-1.000
-1.000
-1.000
-1.000
-1.000
-1.000
-1.000
-1.000
-1.000
-1.000
-1.000
-1.000
-1.000
-1.000
-1.000
-1.000
-1.000
-1.000
-1.000
-1.000
-1.000
-1.000
-1.000
-1.000
-1.000
-1.000
-1.000
-1.000
-1.000
-1.000
-1.000
-1.000
-1.000
-1.000
-1.000
-1.000
-1.000
-1.000
-1.000
-1.000
-1.000
-1.000
-1.000
-1.000
-1.000
-1.000
-1.000
-1.000
-1.000
-1.000
-1.000
-1.000
-1.000
-1.000
-1.000
-1.000
-1.000
-1.000
-1.000
-1.000
-1.000
-1.000
-1.000
-1.000
-1.000
-1.000
-1.000
-1.000
-1.000
-1.000
-1.000
-1.000
-1.000
-1.000
-1.000
-1.000
-1.000
-1.000
-1.000
-1.000
-1.000
-1.000
-1.000
-1.000
-1.000
-1.000
-1.000
-1.000
-1.000
-1.000
-1.000
-1.000
-1.000
-1.000
-1.000
-1.000
-1.000
-1.000
-1.000
-1.000
-1.000
-1.000
-1.000
-1.000
-1.000
-1.000
-1.000
-1.000
-1.000
-1.000
-1.000
-1.000
-1.000
-1.000
-1.000
-1.000
-1.000
-1.000
-1.000
-1.000
-1.000
-1.000
-1.000
-1.000
-1.000
-1.000
-1.000
-1.000
-1.000
-1.000
-1.000
-1.000
-1.000
-1.000
-1.000
-1.000
-1.000
-1.000
-1.000
-1.000
-1.000
-1.000
-1.000
-1.000
-1.000
-1.000
-1.000
-1.000
-1.000
-1.000
-1.000
-1.000
-1.000
-1.000
-1.000
-1.000
-1.000
-1.000
-1.000
-1.000
-1.000
-1.000
-1.000
-1.000
-1.000
-1.000
-1.000
-1.000
-1.000
-1.000
-1.000
-1.000
-1.000
-1.000
-1.000
-1.000
-1.000
-1.000
-1.000
-1.000
-1.000
-1.000
-1.000
-1.000
-1.000
-1.000
-1.000
-1.000
-1.000
-1.000
-1.000
-1.000
-1.000
-1.000
-1.000
-1.000
-1.000
-1.000
-1.000
-1.000
-1.000
-1.000
-1.000
-1.000
-1.000
-1.000
-1.000
-1.000
-1.000
-1.000
-1.000
-1.000
-1.000
-1.000
-1.000
-1.000
-1.000
-1.000
-1.000
-1.000
-1.000
-1.000
-1.000
-1.000
-1.000
-1.000
-1.000
-1.000
-1.000
-1.000
-1.000
-1.000
-1.000
-1.000
-1.000
-1.000
-1.000
-1.000
-1.000
-1.000
-1.000
-1.000
-1.000
-1.000
-1.000
-1.000
-1.000
-1.000
-1.000
-1.000
-1.000
-1.000
-1.000
-1.000
-1.000
-1.000
-1.000
-1.000
-1.000
-1.000
-1.000
-1.000
-1.000
-1.000
-1.000
-1.000
-1.000
-1.000
-1.000
-1.000
-1.000
-1.000
-1.000
-1.000
-1.000
-1.000
-1.000
-1.000
-1.000
-1.000
-1.000
-1.000
-1.000
-1.000
-1.000
-1.000
-1.000
-1.000
-1.000
-1.000
-1.000
-1.000
-1.000
-1.000
-1.000
-1.000
-1.000
-1.000
-1.000
-1.000
-1.000
-1.000
-1.000
-1.000
-1.000
-1.000
-1.000
-1.000
-1.000
-1.000
-1.000
-1.000
-1.000
-1.000
-1.000
-1.000
-1.000
-1.000
-1.000
-1.000
-1.000
-1.000
-1.000
-1.000
-1.000
-1.000
-1.000
-1.000
-1.000
-1.000
-1.000
-1.000
-1.000
-1.000
-1.000
-1.000
-1.000
-1.000
-1.000
-1.000
-1.000
-1.000
-1.000
-1.000
-1.000
-1.000
-1.000
-1.000
-1.000
-1.000
-1.000
-1.000
-1.000
-1.000
-1.000
-1.000
-1.000
-1.000
-1.000
-1.000
-1.000
-1.000
-1.000
-1.000
-1.000
-1.000
-1.000
-1.000
-1.000
-1.000
-1.000
-1.000
-1.000
-1.000
-1.000
-1.000
-1.000
-1.000
-1.000
-1.000
-1.000
-1.000
-1.000
-1.000
-1.000
-1.000
-1.000
-1.000
-1.000
-1.000
-1.000
-1.000
-1.000
-1.000
-1.000
-1.000
-1.000
-1.000
-1.000
-1.000
-1.000
-1.000
-1.000
-1.000
-1.000
-1.000
-1.000
-1.000
-1.000
-1.000
-1.000
-1.000
-1.000
-1.000
-1.000
-1.000
-1.000
-1.000
-1.000
-1.000
-1.000
-1.000
-1.000
-1.000
-1.000
-1.000
-1.000
-1.000
-1.000
-1.000
-1.000
-1.000
-1.000
-1.000
-1.000
-1.000
-1.000
-1.000
-1.000
-1.000
-1.000
-1.000
-1.000
-1.000
-1.000
-1.000
-1.000
-1.000
-1.000
-1.000
-1.000
-1.000
-1.000
-1.000
-1.000
-1.000
-1.000
-1.000
-1.000
-1.000
-1.000
-1.000
-1.000
-1.000
-1.000
-1.000
-1.000
-1.000
-1.000
-1.000
-1.000
-1.000
-1.000
-1.000
-1.000
-1.000
-1.000
-1.000
-1.000
-1.000
-1.000
-1.000
-1.000
-1.000
-1.000
-1.000
-1.000
-1.000
-1.000
-1.000
-1.000
-1.000
-1.000
-1.000
-1.000
-1.000
-1.000
-1.000
-1.000
-1.000
-1.000
-1.000
-1.000
-1.000
-1.000
-1.000
-1.000
-1.000
-1.000
-1.000
-1.000
-1.000
-1.000
-1.000
-1.000
-1.000
-1.000
-1.000
-1.000
-1.000
-1.000
-1.000
-1.000
-1.000
-1.000
-1.000
-1.000
-1.000
-1.000
-1.000
-1.000
-1.000
-1.000
-1.000
-1.000
-1.000
-1.000
-1.000
-1.000
-1.000
-1.000
-1.000
-1.000
-1.000
-1.000
-1.000
-1.000
-1.000
-1.000
-1.000
-1.000
-1.000
-1.000
-1.000
-1.000
-1.000
-1.000
-1.000
-1.000
-1.000
-1.000
-1.000
-1.000
-1.000
-1.000
-1.000
-1.000
-1.000
-1.000
-1.000
-1.000
-1.000
-1.000
-1.000
-1.000
-1.000
-1.000
-1.000
-1.000
-1.000
-1.000
-1.000
-1.000
-1.000
-1.000
-1.000
-1.000
-1.000
-1.000
-1.000
-1.000
-1.000
-1.000
-1.000
-1.000
-1.000
-1.000
-1.000
-1.000
-1.000
-1.000
-1.000
-1.000
-1.000
-1.000
-1.000
-1.000
-1.000
-1.000
-1.000
-1.000
-1.000
-1.000
-1.000
-1.000
-1.000
-1.000
-1.000
-1.000
-1.000
-1.000
-1.000
-1.000
-1.000
-1.000
-1.000
-1.000
-1.000
-1.000
-1.000
-1.000
-1.000
-1.000
-1.000
-1.000
-1.000
-1.000
-1.000
-1.000
-1.000
-1.000
-1.000
-1.000
-1.000
-1.000
-1.000
-1.000
-1.000
-1.000
-1.000
-1.000
-1.000
-1.000
-1.000
-1.000
-1.000
-1.000
-1.000
-1.000
-1.000
-1.000
-1.000
-1.000
-1.000
-1.000
-1.000
-1.000
-1.000
-1.000
-1.000
-1.000
-1.000
-1.000
-1.000
-1.000
-1.000
-1.000
-1.000
-1.000
-1.000
-1.000
-1.000
-1.000
-1.000
-1.000
-1.000
-1.000
-1.000
-1.000
-1.000
-1.000
-1.000
-1.000
-1.000
-1.000
-1.000
-1.000
-1.000
-1.000
-1.000
-1.000
-1.000
-1.000
-1.000
-1.000
-1.000
-1.000
-1.000
-1.000
-1.000
-1.000
-1.000
-1.000
-1.000
-1.000
-1.000
-1.000
-1.000
-1.000
-1.000
-1.000
-1.000
-1.000
-1.000
-1.000
-1.000
-1.000
-1.000
-1.000
-1.000
-1.000
-1.000
-1.000
-1.000
-1.000
-1.000
-1.000
-1.000
-1.000
-1.000
-1.000
-1.000
-1.000
-1.000
-1.000
-1.000
-1.000
-1.000
-1.000
-1.000
-1.000
-1.000
-1.000
-1.000
-1.000
-1.000
-1.000
-1.000
-1.000
-1.000
-1.000
-1.000
-1.000
-1.000
-1.000
-1.000
-1.000
-1.000
-1.000
-1.000
-1.000
-1.000
-1.000
-1.000
-1.000
-1.000
-1.000
-1.000
-1.000
-1.000
-1.000
-1.000
-1.000
-1.000
-1.000
-1.000
-1.000
-1.000
-1.000
-1.000
-1.000
-1.000
-1.000
-1.000
-1.000
-1.000
-1.000
-1.000
-1.000
-1.000
-1.000
-1.000
-1.000
-1.000
-1.000
-1.000
-1.000
-1.000
-1.000
-1.000
-1.000
-1.000
-1.000
-1.000
-1.000
-1.000
-1.000
-1.000
-1.000
-1.000
-1.000
-1.000
-1.000
-1.000
-1.000
-1.000
-1.000
-1.000
-1.000
-1.000
-1.000
-1.000
-1.000
-1.000
-1.000
-1.000
-1.000
-1.000
-1.000
-1.000
-1.000
-1.000
-1.000
-1.000
-1.000
-1.000
-1.000
-1.000
-1.000
-1.000
-1.000
-1.000
-1.000
-1.000
-1.000
-1.000
-1.000
-1.000
-1.000
-1.000
-1.000
-1.000
-1.000
-1.000
-1.000
-1.000
-1.000
-1.000
-1.000
-1.000
-1.000
-1.000
-1.000
-1.000
-1.000
-1.000
-1.000
-1.000
-1.000
-1.000
-1.000
-1.000
-1.000
-1.000
-1.000
-1.000
-1.000
-1.000
-1.000
-1.000
-1.000
-1.000
-1.000
-1.000
-1.000
-1.000
-1.000
-1.000
-1.000
-1.000
-1.000
-1.000
-1.000
-1.000
-1.000
-1.000
-1.000
-1.000
-1.000
-1.000
-1.000
-1.000
-1.000
-1.000
-1.000
-1.000
-1.000
-1.000
-1.000
-1.000
-1.000
-1.000
-1.000
-1.000
-1.000
-1.000
-1.000
-1.000
-1.000
-1.000
-1.000
-1.000
-1.000
-1.000
-1.000
-1.000
-1.000
-1.000
-1.000
-1.000
-1.000
-1.000
-1.000
-1.000
-1.000
-1.000
-1.000
-1.000
-1.000
-1.000
-1.000
-1.000
-1.000
-1.000
-1.000
-1.000
-1.000
-1.000
-1.000
-1.000
-1.000
-1.000
-1.000
-1.000
-1.000
-1.000
-1.000
-1.000
-1.000
-1.000
-1.000
-1.000
-1.000
-1.000
-1.000
-1.000
-1.000
-1.000
-1.000
-1.000
-1.000
-1.000
-1.000
-1.000
-1.000
-1.000
-1.000
-1.000
-1.000
-1.000
-1.000
-1.000
-1.000
-1.000
-1.000
-1.000
-1.000
-1.000
-1.000
-1.000
-1.000
-1.000
-1.000
-1.000
-1.000
-1.000
-1.000
-1.000
-1.000
-1.000
-1.000
-1.000
-1.000
-1.000
-1.000
-1.000
-1.000
-1.000
-1.000
-1.000
-1.000
-1.000
-1.000
-1.000
-1.000
-1.000
-1.000
-1.000
-1.000
-1.000
-1.000
-1.000
-1.000
-1.000
-1.000
-1.000
-1.000
-1.000
-1.000
-1.000
-1.000
-1.000
-1.000
-1.000
-1.000
-1.000
-1.000
-1.000
-1.000
-1.000
-1.000
-1.000
-1.000
-1.000
-1.000
-1.000
-1.000
-1.000
-1.000
-1.000
-1.000
-1.000
-1.000
-1.000
-1.000
-1.000
-1.000
-1.000
-1.000
-1.000
-1.000
-1.000
-1.000
-1.000
-1.000
-1.000
-1.000
-1.000
-1.000
-1.000
-1.000
-1.000
-1.000
-1.000
-1.000
-1.000
-1.000
-1.000
-1.000
-1.000
-1.000
-1.000
-1.000
-1.000
-1.000
-1.000
-1.000
-1.000
-1.000
-1.000
-1.000
-1.000
-1.000
-1.000
-1.000
-1.000
-1.000
-1.000
-1.000
-1.000
-1.000
-1.000
-1.000
-1.000
-1.000
-1.000
-1.000
-1.000
-1.000
-1.000
-1.000
-1.000
-1.000
-1.000
-1.000
-1.000
-1.000
-1.000
-1.000
-1.000
-1.000
-1.000
-1.000
-1.000
-1.000
-1.000
-1.000
-1.000
-1.000
-1.000
-1.000
-1.000
-1.000
-1.000
-1.000
-1.000
-1.000
-1.000
-1.000
-1.000
-1.000
-1.000
-1.000
-1.000
-1.000
-1.000
-1.000
-1.000
-1.000
-1.000
-1.000
-1.000
-1.000
-1.000
-1.000
-1.000
-1.000
-1.000
-1.000
-1.000
-1.000
-1.000
-1.000
-1.000
-1.000
-1.000
-1.000
-1.000
-1.000
-1.000
-1.000
-1.000
-1.000
-1.000
-1.000
-1.000
-1.000
-1.000
-1.000
-1.000
-1.000
-1.000
-1.000
-1.000
-1.000
-1.000
-1.000
-1.000
-1.000
-1.000
-1.000
-1.000
-1.000
-1.000
-1.000
-1.000
-1.000
-1.000
-1.000
-1.000
-1.000
-1.000
-1.000
-1.000
-1.000
-1.000
-1.000
-1.000
-1.000
-1.000
-1.000
-1.000
-1.000
-1.000
-1.000
-1.000
-1.000
-1.000
-1.000
-1.000
-1.000
-1.000
-1.000
-1.000
-1.000
-1.000
-1.000
-1.000
-1.000
-1.000
-1.000
-1.000
-1.000
-1.000
-1.000
-1.000
-1.000
-1.000
-1.000
-1.000
-1.000
-1.000
-1.000
-1.000
-1.000
-1.000
-1.000
-1.000
-1.000
-1.000
-1.000
-1.000
-1.000
-1.000
-1.000
-1.000
-1.000
-1.000
-1.000
-1.000
-1.000
-1.000
-1.000
-1.000
-1.000
-1.000
-1.000
-1.000
-1.000
-1.000
-1.000
-1.000
-1.000
-1.000
-1.000
-1.000
-1.000
-1.000
-1.000
-1.000
-1.000
-1.000
-1.000
-1.000
-1.000
-1.000
-1.000
-1.000
-1.000
-1.000
-1.000
-1.000
-1.000
-1.000
-1.000
-1.000
-1.000
-1.000
-1.000
-1.000
-1.000
-1.000
-1.000
-1.000
-1.000
-1.000
-1.000
-1.000
-1.000
-1.000
-1.000
-1.000
-1.000
-1.000
-1.000
-1.000
-1.000
-1.000
-1.000
-1.000
-1.000
-1.000
-1.000
-1.000
-1.000
-1.000
-1.000
-1.000
-1.000
-1.000
-1.000
-1.000
-1.000
-1.000
-1.000
-1.000
-1.000
-1.000
-1.000
-1.000
-1.000
-1.000
-1.000
-1.000
-1.000
-1.000
-1.000
-1.000
-1.000
-1.000
-1.000
-1.000
-1.000
-1.000
-1.000
-1.000
-1.000
-1.000
-1.000
-1.000
-1.000
-1.000
-1.000
-1.000
-1.000
-1.000
-1.000
-1.000
-1.000
-1.000
-1.000
-1.000
-1.000
-1.000
-1.000
-1.000
-1.000
-1.000
-1.000
-1.000
-1.000
-1.000
-1.000
-1.000
-1.000
-1.000
-1.000
-1.000
-1.000
-1.000
-1.000
-1.000
-1.000
-1.000
-1.000
-1.000
-1.000
-1.000
-1.000
-1.000
-1.000
-1.000
-1.000
-1.000
-1.000
-1.000
-1.000
-1.000
-1.000
-1.000
-1.000
-1.000
-1.000
-1.000
-1.000
-1.000
-1.000
-1.000
-1.000
-1.000
-1.000
-1.000
-1.000
-1.000
-1.000
-1.000
-1.000
-1.000
-1.000
-1.000
-1.000
-1.000
-1.000
-1.000
-1.000
-1.000
-1.000
-1.000
-1.000
-1.000
-1.000
-1.000
-1.000
-1.000
-1.000
-1.000
-1.000
-1.000
-1.000
-1.000
-1.000
-1.000
-1.000
-1.000
-1.000
-1.000
-1.000
-1.000
-1.000
-1.000
-1.000
-1.000
-1.000
-1.000
-1.000
-1.000
-1.000
-1.000
-1.000
-1.000
-1.000
-1.000
-1.000
-1.000
-1.000
-1.000
-1.000
-1.000
-1.000
-1.000
-1.000
-1.000
-1.000
-1.000
-1.000
-1.000
-1.000
-1.000
-1.000
-1.000
-1.000
-1.000
-1.000
-1.000
-1.000
-1.000
-1.000
-1.000
-1.000
-1.000
-1.000
-1.000
-1.000
-1.000
-1.000
-1.000
-1.000
-1.000
-1.000
-1.000
-1.000
-1.000
-1.000
-1.000
-1.000
-1.000
-1.000
-1.000
-1.000
-1.000
-1.000
-1.000
-1.000
-1.000
-1.000
-1.000
-1.000
-1.000
-1.000
-1.000
-1.000
-1.000
-1.000
-1.000
-1.000
-1.000
-1.000
-1.000
-1.000
-1.000
-1.000
-1.000
-1.000
-1.000
-1.000
-1.000
-1.000
-1.000
-1.000
-1.000
-1.000
-1.000
-1.000
-1.000
-1.000
-1.000
-1.000
-1.000
-1.000
-1.000
-1.000
-1.000
-1.000
-1.000
-1.000
-1.000
-1.000
-1.000
-1.000
-1.000
-1.000
-1.000
-1.000
-1.000
-1.000
-1.000
-1.000
-1.000
-1.000
-1.000
-1.000
-1.000
-1.000
-1.000
-1.000
-1.000
-1.000
-1.000
-1.000
-1.000
-1.000
-1.000
-1.000
-1.000
-1.000
-1.000
-1.000
-1.000
-1.000
-1.000
-1.000
-1.000
-1.000
-1.000
-1.000
-1.000
-1.000
-1.000
-1.000
-1.000
-1.000
-1.000
-1.000
-1.000
-1.000
-1.000
-1.000
-1.000
-1.000
-1.000
-1.000
-1.000
-1.000
-1.000
-1.000
-1.000
-1.000
-1.000
-1.000
-1.000
-1.000
-1.000
-1.000
-1.000
-1.000
-1.000
-1.000
-1.000
-1.000
-1.000
-1.000
-1.000
-1.000
-1.000
-1.000
-1.000
-1.000
-1.000
-1.000
-1.000
-1.000
-1.000
-1.000
-1.000
-1.000
-1.000
-1.000
-1.000
-1.000
-1.000
-1.000
-1.000
-1.000
-1.000
-1.000
-1.000
-1.000
-1.000
-1.000
-1.000
-1.000
-1.000
-1.000
-1.000
-1.000
-1.000
-1.000
-1.000
-1.000
-1.000
-1.000
-1.000
-1.000
-1.000
-1.000
-1.000
-1.000
-1.000
-1.000
-1.000
-1.000
-1.000
-1.000
-1.000
-1.000
-1.000
-1.000
-1.000
-1.000
-1.000
-1.000
-1.000
-1.000
-1.000
-1.000
-1.000
-1.000
-1.000
-1.000
-1.000
-1.000
-1.000
-1.000
-1.000
-1.000
-1.000
-1.000
-1.000
-1.000
-1.000
-1.000
-1.000
-1.000
-1.000
-1.000
-1.000
-1.000
-1.000
-1.000
-1.000
-1.000
-1.000
-1.000
-1.000
-1.000
-1.000
-1.000
-1.000
-1.000
-1.000
-1.000
-1.000
-1.000
-1.000
-1.000
-1.000
-1.000
-1.000
-1.000
-1.000
-1.000
-1.000
-1.000
-1.000
-1.000
-1.000
-1.000
-1.000
-1.000
-1.000
-1.000
-1.000
-1.000
-1.000
-1.000
-1.000
-1.000
-1.000
-1.000
-1.000
-1.000
-1.000
-1.000
-1.000
-1.000
-1.000
-1.000
-1.000
-1.000
-1.000
-1.000
-1.000
-1.000
-1.000
-1.000
-1.000
-1.000
-1.000
-1.000
-1.000
-1.000
-1.000
-1.000
-1.000
-1.000
-1.000
-1.000
-1.000
-1.000
-1.000
-1.000
-1.000
-1.000
-1.000
-1.000
-1.000
-1.000
-1.000
-1.000
-1.000
-1.000
-1.000
-1.000
-1.000
-1.000
-1.000
-1.000
-1.000
-1.000
-1.000
-1.000
-1.000
-1.000
-1.000
-1.000
-1.000
-1.000
-1.000
-1.000
-1.000
-1.000
-1.000
-1.000
-1.000
-1.000
-1.000
-1.000
-1.000
-1.000
-1.000
-1.000
-1.000
-1.000
-1.000
-1.000
-1.000
-1.000
-1.000
-1.000
-1.000
-1.000
-1.000
-1.000
-1.000
-1.000
-1.000
-1.000
-1.000
-1.000
-1.000
-1.000
-1.000
-1.000
-1.000
-1.000
-1.000
-1.000
-1.000
-1.000
-1.000
-1.000
-1.000
-1.000
-1.000
-1.000
-1.000
-1.000
-1.000
-1.000
-1.000
-1.000
-1.000
-1.000
-1.000
-1.000
-1.000
-1.000
-1.000
-1.000
-1.000
-1.000
-1.000
-1.000
-1.000
-1.000
-1.000
-1.000
-1.000
-1.000
-1.000
-1.000
-1.000
-1.000
-1.000
-1.000
-1.000
-1.000
-1.000
-1.000
-1.000
-1.000
-1.000
-1.000
-1.000
-1.000
-1.000
-1.000
-1.000
-1.000
-1.000
-1.000
-1.000
-1.000
-1.000
-1.000
-1.000
-1.000
-1.000
-1.000
-1.000
-1.000
-1.000
-1.000
-1.000
-1.000
-1.000
-1.000
-1.000
-1.000
-1.000
-1.000
-1.000
-1.000
-1.000
-1.000
-1.000
-1.000
-1.000
-1.000
-1.000
-1.000
-1.000
-1.000
-1.000
-1.000
-1.000
-1.000
-1.000
-1.000
-1.000
-1.000
-1.000
-1.000
-1.000
-1.000
-1.000
-1.000
-1.000
-1.000
-1.000
-1.000
-1.000
-1.000
-1.000
-1.000
-1.000
-1.000
-1.000
-1.000
-1.000
-1.000
-1.000
-1.000
-1.000
-1.000
-1.000
-1.000
-1.000
-1.000
-1.000
-1.000
-1.000
-1.000
-1.000
-1.000
-1.000
-1.000
-1.000
-1.000
-1.000
-1.000
-1.000
-1.000
-1.000
-1.000
-1.000
-1.000
-1.000
-1.000
-1.000
-1.000
-1.000
-1.000
-1.000
-1.000
-1.000
-1.000
-1.000
-1.000
-1.000
-1.000
-1.000
-1.000
-1.000
-1.000
-1.000
-1.000
-1.000
-1.000
-1.000
-1.000
-1.000
-1.000
-1.000
-1.000
-1.000
-1.000
-1.000
-1.000
-1.000
-1.000
-1.000
-1.000
-1.000
-1.000
-1.000
-1.000
-1.000
-1.000
-1.000
-1.000
-1.000
-1.000
-1.000
-1.000
-1.000
-1.000
-1.000
-1.000
-1.000
-1.000
-1.000
-1.000
-1.000
-1.000
-1.000
-1.000
-1.000
-1.000
-1.000
-1.000
-1.000
-1.000
-1.000
-1.000
-1.000
-1.000
-1.000
-1.000
-1.000
-1.000
-1.000
-1.000
-1.000
-1.000
-1.000
-1.000
-1.000
-1.000
-1.000
-1.000
-1.000
-1.000
-1.000
-1.000
-1.000
-1.000
-1.000
-1.000
-1.000
-1.000
-1.000
-1.000
-1.000
-1.000
-1.000
-1.000
-1.000
-1.000
-1.000
-1.000
-1.000
-1.000
-1.000
-1.000
-1.000
-1.000
-1.000
-1.000
-1.000
-1.000
-1.000
-1.000
-1.000
-1.000
-1.000
-1.000
-1.000
-1.000
-1.000
-1.000
-1.000
-1.000
-1.000
-1.000
-1.000
-1.000
-1.000
-1.000
-1.000
-1.000
-1.000
-1.000
-1.000
-1.000
-1.000
-1.000
-1.000
-1.000
-1.000
-1.000
-1.000
-1.000
-1.000
-1.000
-1.000
-1.000
-1.000
-1.000
-1.000
-1.000
-1.000
-1.000
-1.000
-1.000
-1.000
-1.000
-1.000
-1.000
-1.000
-1.000
-1.000
-1.000
-1.000
-1.000
-1.000
-1.000
-1.000
-1.000
-1.000
-1.000
-1.000
-1.000
-1.000
-1.000
-1.000
-1.000
-1.000
-1.000
-1.000
-1.000
-1.000
-1.000
-1.000
-1.000
-1.000
-1.000
-1.000
-1.000
-1.000
-1.000
-1.000
-1.000
-1.000
-1.000
-1.000
-1.000
-1.000
-1.000
-1.000
-1.000
-1.000
-1.000
-1.000
-1.000
-1.000
-1.000
-1.000
-1.000
-1.000
-1.000
-1.000
-1.000
-1.000
-1.000
-1.000
-1.000
-1.000
-1.000
-1.000
-1.000
-1.000
-1.000
-1.000
-1.000
-1.000
-1.000
-1.000
-1.000
-1.000
-1.000
-1.000
-1.000
-1.000
-1.000
-1.000
-1.000
-1.000
-1.000
-1.000
-1.000
-1.000
-1.000
-1.000
-1.000
-1.000
-1.000
-1.000
-1.000
-1.000
-1.000
-1.000
-1.000
-1.000
-1.000
-1.000
-1.000
-1.000
-1.000
-1.000
-1.000
-1.000
-1.000
-1.000
-1.000
-1.000
-1.000
-1.000
-1.000
-1.000
-1.000
-1.000
-1.000
-1.000
-1.000
-1.000
-1.000
-1.000
-1.000
-1.000
-1.000
-1.000
-1.000
-1.000
-1.000
-1.000
-1.000
-1.000
-1.000
-1.000
-1.000
-1.000
-1.000
-1.000
-1.000
-1.000
-1.000
-1.000
-1.000
-1.000
-1.000
-1.000
-1.000
-1.000
-1.000
-1.000
-1.000
-1.000
-1.000
-1.000
-1.000
-1.000
-1.000
-1.000
-1.000
-1.000
-1.000
-1.000
-1.000
-1.000
-1.000
-1.000
-1.000
-1.000
-1.000
-1.000
-1.000
-1.000
-1.000
-1.000
-1.000
-1.000
-1.000
-1.000
-1.000
-1.000
-1.000
-1.000
-1.000
-1.000
-1.000
-1.000
-1.000
-1.000
-1.000
-1.000
-1.000
-1.000
-1.000
-1.000
-1.000
-1.000
-1.000
-1.000
-1.000
-1.000
-1.000
-1.000
-1.000
-1.000
-1.000
-1.000
-1.000
-1.000
-1.000
-1.000
-1.000
-1.000
-1.000
-1.000
-1.000
-1.000
-1.000
-1.000
-1.000
-1.000
-1.000
-1.000
-1.000
-1.000
-1.000
-1.000
-1.000
-1.000
-1.000
-1.000
-1.000
-1.000
-1.000
-1.000
-1.000
-1.000
-1.000
-1.000
-1.000
-1.000
-1.000
-1.000
-1.000
-1.000
-1.000
-1.000
-1.000
-1.000
-1.000
-1.000
-1.000
-1.000
-1.000
-1.000
-1.000
-1.000
-1.000
-1.000
-1.000
-1.000
-1.000
-1.000
-1.000
-1.000
-1.000
-1.000
-1.000
-1.000
-1.000
-1.000
-1.000
-1.000
-1.000
-1.000
-1.000
-1.000
-1.000
-1.000
-1.000
-1.000
-1.000
-1.000
-1.000
-1.000
-1.000
-1.000
-1.000
-1.000
-1.000
-1.000
-1.000
-1.000
-1.000
-1.000
-1.000
-1.000
-1.000
-1.000
-1.000
-1.000
-1.000
-1.000
-1.000
-1.000
-1.000
-1.000
-1.000
-1.000
-1.000
-1.000
-1.000
-1.000
-1.000
-1.000
-1.000
-1.000
-1.000
-1.000
-1.000
-1.000
-1.000
-1.000
-1.000
-1.000
-1.000
-1.000
-1.000
-1.000
-1.000
-1.000
-1.000
-1.000
-1.000
-1.000
-1.000
-1.000
-1.000
-1.000
-1.000
-1.000
-1.000
-1.000
-1.000
-1.000
-1.000
-1.000
-1.000
-1.000
-1.000
-1.000
-1.000
-1.000
-1.000
-1.000
-1.000
-1.000
-1.000
-1.000
-1.000
-1.000
-1.000
-1.000
-1.000
-1.000
-1.000
-1.000
-1.000
-1.000
-1.000
-1.000
-1.000
-1.000
-1.000
-1.000
-1.000
-1.000
-1.000
-1.000
-1.000
-1.000
-1.000
-1.000
-1.000
-1.000
-1.000
-1.000
-1.000
-1.000
-1.000
-1.000
-1.000
-1.000
-1.000
-1.000
-1.000
-1.000
-1.000
-1.000
-1.000
-1.000
-1.000
-1.000
-1.000
-1.000
-1.000
-1.000
-1.000
-1.000
-1.000
-1.000
-1.000
-1.000
-1.000
-1.000
-1.000
-1.000
-1.000
-1.000
-1.000
-1.000
-1.000
-1.000
-1.000
-1.000
-1.000
-1.000
-1.000
-1.000
-1.000
-1.000
-1.000
-1.000
-1.000
-1.000
-1.000
-1.000
-1.000
-1.000
-1.000
-1.000
-1.000
-1.000
-1.000
-1.000
-1.000
-1.000
-1.000
-1.000
-1.000
-1.000
-1.000
-1.000
-1.000
-1.000
-1.000
-1.000
-1.000
-1.000
-1.000
-1.000
-1.000
-1.000
-1.000
-1.000
-1.000
-1.000
-1.000
-1.000
-1.000
-1.000
-1.000
-1.000
-1.000
-1.000
-1.000
-1.000
-1.000
-1.000
-1.000
-1.000
-1.000
-1.000
-1.000
-1.000
-1.000
-1.000
-1.000
-1.000
-1.000
-1.000
-1.000
-1.000
-1.000
-1.000
-1.000
-1.000
-1.000
-1.000
-1.000
-1.000
-1.000
-1.000
-1.000
-1.000
-1.000
-1.000
-1.000
-1.000
-1.000
-1.000
-1.000
-1.000
-1.000
-1.000
-1.000
-1.000
-1.000
-1.000
-1.000
-1.000
-1.000
-1.000
-1.000
-1.000
-1.000
-1.000
-1.000
-1.000
-1.000
-1.000
-1.000
-1.000
-1.000
-1.000
-1.000
-1.000
-1.000
-1.000
-1.000
-1.000
-1.000
-1.000
-1.000
-1.000
-1.000
-1.000
-1.000
-1.000
-1.000
-1.000
-1.000
-1.000
-1.000
-1.000
-1.000
-1.000
-1.000
-1.000
-1.000
-1.000
-1.000
-1.000
-1.000
-1.000
-1.000
-1.000
-1.000
-1.000
-1.000
-1.000
-1.000
-1.000
-1.000
-1.000
-1.000
-1.000
-1.000
-1.000
-1.000
-1.000
-1.000
-1.000
-1.000
-1.000
-1.000
-1.000
-1.000
-1.000
-1.000
-1.000
-1.000
-1.000
-1.000
-1.000
-1.000
-1.000
-1.000
-1.000
-1.000
-1.000
-1.000
-1.000
-1.000
-1.000
-1.000
-1.000
-1.000
-1.000
-1.000
-1.000
-1.000
-1.000
-1.000
-1.000
-1.000
-1.000
-1.000
-1.000
-1.000
-1.000
-1.000
-1.000
-1.000
-1.000
-1.000
-1.000
-1.000
-1.000
-1.000
-1.000
-1.000
-1.000
-1.000
-1.000
-1.000
-1.000
-1.000
-1.000
-1.000
-1.000
-1.000
-1.000
-1.000
-1.000
-1.000
-1.000
-1.000
-1.000
-1.000
-1.000
-1.000
-1.000
-1.000
-1.000
-1.000
-1.000
-1.000
-1.000
-1.000
-1.000
-1.000
-1.000
-1.000
-1.000
-1.000
-1.000
-1.000
-1.000
-1.000
-1.000
-1.000
-1.000
-1.000
-1.000
-1.000
-1.000
-1.000
-1.000
-1.000
-1.000
-1.000
-1.000
-1.000
-1.000
-1.000
-1.000
-1.000
-1.000
-1.000
-1.000
-1.000
-1.000
-1.000
-1.000
-1.000
-1.000
-1.000
-1.000
-1.000
-1.000
-1.000
-1.000
-1.000
-1.000
-1.000
-1.000
-1.000
-1.000
-1.000
-1.000
-1.000
-1.000
-1.000
-1.000
-1.000
-1.000
-1.000
-1.000
-1.000
-1.000
-1.000
-1.000
-1.000
-1.000
-1.000
-1.000
-1.000
-1.000
-1.000
-1.000
-1.000
-1.000
-1.000
-1.000
-1.000
-1.000
-1.000
-1.000
-1.000
-1.000
-1.000
-1.000
-1.000
-1.000
-1.000
-1.000
-1.000
-1.000
-1.000
-1.000
-1.000
-1.000
-1.000
-1.000
-1.000
-1.000
-1.000
-1.000
-1.000
-1.000
-1.000
-1.000
-1.000
-1.000
-1.000
-1.000
-1.000
-1.000
-1.000
-1.000
-1.000
-1.000
-1.000
-1.000
-1.000
-1.000
-1.000
-1.000
-1.000
-1.000
-1.000
-1.000
-1.000
-1.000
-1.000
-1.000
-1.000
-1.000
-1.000
-1.000
-1.000
-1.000
-1.000
-1.000
-1.000
-1.000
-1.000
-1.000
-1.000
-1.000
-1.000
-1.000
-1.000
-1.000
-1.000
-1.000
-1.000
-1.000
-1.000
-1.000
-1.000
-1.000
-1.000
-1.000
-1.000
-1.000
-1.000
-1.000
-1.000
-1.000
-1.000
-1.000
-1.000
-1.000
-1.000
-1.000
-1.000
-1.000
-1.000
-1.000
-1.000
-1.000
-1.000
-1.000
-1.000
-1.000
-1.000
-1.000
-1.000
-1.000
-1.000
-1.000
-1.000
-1.000
-1.000
-1.000
-1.000
-1.000
-1.000
-1.000
-1.000
-1.000
-1.000
-1.000
-1.000
-1.000
-1.000
-1.000
-1.000
-1.000
-1.000
-1.000
-1.000
-1.000
-1.000
-1.000
-1.000
-1.000
-1.000
-1.000
-1.000
-1.000
-1.000
-1.000
-1.000
-1.000
-1.000
-1.000
-1.000
-1.000
-1.000
-1.000
-1.000
-1.000
-1.000
-1.000
-1.000
-1.000
-1.000
-1.000
-1.000
-1.000
-1.000
-1.000
-1.000
-1.000
-1.000
-1.000
-1.000
-1.000
-1.000
-1.000
-1.000
-1.000
-1.000
-1.000
-1.000
-1.000
-1.000
-1.000
-1.000
-1.000
-1.000
-1.000
-1.000
-1.000
-1.000
-1.000
-1.000
-1.000
-1.000
-1.000
-1.000
-1.000
-1.000
-1.000
-1.000
-1.000
-1.000
-1.000
-1.000
-1.000
-1.000
-1.000
-1.000
-1.000
-1.000
-1.000
-1.000
-1.000
-1.000
-1.000
-1.000
-1.000
-1.000
-1.000
-1.000
-1.000
-1.000
-1.000
-1.000
-1.000
-1.000
-1.000
-1.000
-1.000
-1.000
-1.000
-1.000
-1.000
-1.000
-1.000
-1.000
-1.000
-1.000
-1.000
-1.000
-1.000
-1.000
-1.000
-1.000
-1.000
-1.000
-1.000
-1.000
-1.000
-1.000
-1.000
-1.000
-1.000
-1.000
-1.000
-1.000
-1.000
-1.000
-1.000
-1.000
-1.000
-1.000
-1.000
-1.000
-1.000
-1.000
-1.000
-1.000
-1.000
-1.000
-1.000
-1.000
-1.000
-1.000
-1.000
-1.000
-1.000
-1.000
-1.000
-1.000
-1.000
-1.000
-1.000
-1.000
-1.000
-1.000
-1.000
-1.000
-1.000
-1.000
-1.000
-1.000
-1.000
-1.000
-1.000
-1.000
-1.000
-1.000
-1.000
-1.000
-1.000
-1.000
-1.000
-1.000
-1.000
-1.000
-1.000
-1.000
-1.000
-1.000
-1.000
-1.000
-1.000
-1.000
-1.000
-1.000
-1.000
-1.000
-1.000
-1.000
-1.000
-1.000
-1.000
-1.000
-1.000
-1.000
-1.000
-1.000
-1.000
-1.000
-1.000
-1.000
-1.000
-1.000
-1.000
-1.000
-1.000
-1.000
-1.000
-1.000
-1.000
-1.000
-1.000
-1.000
-1.000
-1.000
-1.000
-1.000
-1.000
-1.000
-1.000
-1.000
-1.000
-1.000
-1.000
-1.000
-1.000
-1.000
-1.000
-1.000
-1.000
-1.000
-1.000
-1.000
-1.000
-1.000
-1.000
-1.000
-1.000
-1.000
-1.000
-1.000
-1.000
-1.000
-1.000
-1.000
-1.000
-1.000
-1.000
-1.000
-1.000
-1.000
-1.000
-1.000
-1.000
-1.000
-1.000
-1.000
-1.000
-1.000
-1.000
-1.000
-1.000
-1.000
-1.000
-1.000
-1.000
-1.000
-1.000
-1.000
-1.000
-1.000
-1.000
-1.000
-1.000
-1.000
-1.000
-1.000
-1.000
-1.000
-1.000
-1.000
-1.000
-1.000
-1.000
-1.000
-1.000
-1.000
-1.000
-1.000
-1.000
-1.000
-1.000
-1.000
-1.000
-1.000
-1.000
-1.000
-1.000
-1.000
-1.000
-1.000
-1.000
-1.000
-1.000
-1.000
-1.000
-1.000
-1.000
-1.000
-1.000
-1.000
-1.000
-1.000
-1.000
-1.000
-1.000
-1.000
-1.000
-1.000
-1.000
-1.000
-1.000
-1.000
-1.000
-1.000
-1.000
-1.000
-1.000
-1.000
-1.000
-1.000
-1.000
-1.000
-1.000
-1.000
-1.000
-1.000
-1.000
-1.000
-1.000
-1.000
-1.000
-1.000
-1.000
-1.000
-1.000
-1.000
-1.000
-1.000
-1.000
-1.000
-1.000
-1.000
-1.000
-1.000
-1.000
-1.000
-1.000
-1.000
-1.000
-1.000
-1.000
-1.000
-1.000
-1.000
-1.000
-1.000
-1.000
-1.000
-1.000
-1.000
-1.000
-1.000
-1.000
-1.000
-1.000
-1.000
-1.000
-1.000
-1.000
-1.000
-1.000
-1.000
-1.000
-1.000
-1.000
-1.000
-1.000
-1.000
-1.000
-1.000
-1.000
-1.000
-1.000
-1.000
-1.000
-1.000
-1.000
-1.000
-1.000
-1.000
-1.000
-1.000
-1.000
-1.000
-1.000
-1.000
-1.000
-1.000
-1.000
-1.000
-1.000
-1.000
-1.000
-1.000
-1.000
-1.000
-1.000
-1.000
-1.000
-1.000
-1.000
-1.000
-1.000
-1.000
-1.000
-1.000
-1.000
-1.000
-1.000
-1.000
-1.000
-1.000
-1.000
-1.000
-1.000
-1.000
-1.000
-1.000
-1.000
-1.000
-1.000
-1.000
-1.000
-1.000
-1.000
-1.000
-1.000
-1.000
-1.000
-1.000
-1.000
-1.000
-1.000
-1.000
-1.000
-1.000
-1.000
-1.000
-1.000
-1.000
-1.000
-1.000
-1.000
-1.000
-1.000
-1.000
-1.000
-1.000
-1.000
-1.000
-1.000
-1.000
-1.000
-1.000
-1.000
-1.000
-1.000
-1.000
-1.000
-1.000
-1.000
-1.000
-1.000
-1.000
-1.000
-1.000
-1.000
-1.000
-1.000
-1.000
-1.000
-1.000
-1.000
-1.000
-1.000
-1.000
-1.000
-1.000
-1.000
-1.000
-1.000
-1.000
-1.000
-1.000
-1.000
-1.000
-1.000
-1.000
-1.000
-1.000
-1.000
-1.000
-1.000
-1.000
-1.000
-1.000
-1.000
-1.000
-1.000
-1.000
-1.000
-1.000
-1.000
-1.000
-1.000
-1.000
-1.000
-1.000
-1.000
-1.000
-1.000
-1.000
-1.000
-1.000
-1.000
-1.000
-1.000
-1.000
-1.000
-1.000
-1.000
-1.000
-1.000
-1.000
-1.000
-1.000
-1.000
-1.000
-1.000
-1.000
-1.000
-1.000
-1.000
-1.000
-1.000
-1.000
-1.000
-1.000
-1.000
-1.000
-1.000
-1.000
-1.000
-1.000
-1.000
-1.000
-1.000
-1.000
-1.000
-1.000
-1.000
-1.000
-1.000
-1.000
-1.000
-1.000
-1.000
-1.000
-1.000
-1.000
-1.000
-1.000
-1.000
-1.000
-1.000
-1.000
-1.000
-1.000
-1.000
-1.000
-1.000
-1.000
-1.000
-1.000
-1.000
-1.000
-1.000
-1.000
-1.000
-1.000
-1.000
-1.000
-1.000
-1.000
-1.000
-1.000
-1.000
-1.000
-1.000
-1.000
-1.000
-1.000
-1.000
-1.000
-1.000
-1.000
-1.000
-1.000
-1.000
-1.000
-1.000
-1.000
-1.000
-1.000
-1.000
-1.000
-1.000
-1.000
-1.000
-1.000
-1.000
-1.000
-1.000
-1.000
-1.000
-1.000
-1.000
-1.000
-1.000
-1.000
-1.000
-1.000
-1.000
-1.000
-1.000
-1.000
-1.000
-1.000
-1.000
-1.000
-1.000
-1.000
-1.000
-1.000
-1.000
-1.000
-1.000
-1.000
-1.000
-1.000
-1.000
-1.000
-1.000
-1.000
-1.000
-1.000
-1.000
-1.000
-1.000
-1.000
-1.000
-1.000
-1.000
-1.000
-1.000
-1.000
-1.000
-1.000
-1.000
-1.000
-1.000
-1.000
-1.000
-1.000
-1.000
-1.000
-1.000
-1.000
-1.000
-1.000
-1.000
-1.000
-1.000
-1.000
-1.000
-1.000
-1.000
-1.000
-1.000
-1.000
-1.000
-1.000
-1.000
-1.000
-1.000
-1.000
-1.000
-1.000
-1.000
-1.000
-1.000
-1.000
-1.000
-1.000
-1.000
-1.000
-1.000
-1.000
-1.000
-1.000
-1.000
-1.000
-1.000
-1.000
-1.000
-1.000
-1.000
-1.000
-1.000
-1.000
-1.000
-1.000
-1.000
-1.000
-1.000
-1.000
-1.000
-1.000
-1.000
-1.000
-1.000
-1.000
-1.000
-1.000
-1.000
-1.000
-1.000
-1.000
-1.000
-1.000
-1.000
-1.000
-1.000
-1.000
-1.000
-1.000
-1.000
-1.000
-1.000
-1.000
-1.000
-1.000
-1.000
-1.000
-1.000
-1.000
-1.000
-1.000
-1.000
-1.000
-1.000
-1.000
-1.000
-1.000
-1.000
-1.000
-1.000
-1.000
-1.000
-1.000
-1.000
-1.000
-1.000
-1.000
-1.000
-1.000
-1.000
-1.000
-1.000
-1.000
-1.000
-1.000
-1.000
-1.000
-1.000
-1.000
-1.000
-1.000
-1.000
-1.000
-1.000
-1.000
-1.000
-1.000
-1.000
-1.000
-1.000
-1.000
-1.000
-1.000
-1.000
-1.000
-1.000
-1.000
-1.000
-1.000
-1.000
-1.000
-1.000
-1.000
-1.000
-1.000
-1.000
-1.000
-1.000
-1.000
-1.000
-1.000
-1.000
-1.000
-1.000
-1.000
-1.000
-1.000
-1.000
-1.000
-1.000
-1.000
-1.000
-1.000
-1.000
-1.000
-1.000
-1.000
-1.000
-1.000
-1.000
-1.000
-1.000
-1.000
-1.000
-1.000
-1.000
-1.000
-1.000
-1.000
-1.000
-1.000
-1.000
-1.000
-1.000
-1.000
-1.000
-1.000
-1.000
-1.000
-1.000
-1.000
-1.000
-1.000
-1.000
-1.000
-1.000
-1.000
-1.000
-1.000
-1.000
-1.000
-1.000
-1.000
-1.000
-1.000
-1.000
-1.000
-1.000
-1.000
-1.000
-1.000
-1.000
-1.000
-1.000
-1.000
-1.000
-1.000
-1.000
-1.000
-1.000
-1.000
-1.000
-1.000
-1.000
-1.000
-1.000
-1.000
-1.000
-1.000
-1.000
-1.000
-1.000
-1.000
-1.000
-1.000
-1.000
-1.000
-1.000
-1.000
-1.000
-1.000
-1.000
-1.000
-1.000
-1.000
-1.000
-1.000
-1.000
-1.000
-1.000
-1.000
-1.000
-1.000
-1.000
-1.000
-1.000
-1.000
-1.000
-1.000
-1.000
-1.000
-1.000
-1.000
-1.000
-1.000
-1.000
-1.000
-1.000
-1.000
-1.000
-1.000
-1.000
-1.000
-1.000
-1.000
-1.000
-1.000
-1.000
-1.000
-1.000
-1.000
-1.000
-1.000
-1.000
-1.000
-1.000
-1.000
-1.000
-1.000
-1.000
-1.000
-1.000
-1.000
-1.000
-1.000
-1.000
-1.000
-1.000
-1.000
-1.000
-1.000
-1.000
-1.000
-1.000
-1.000
-1.000
-1.000
-1.000
-1.000
-1.000
-1.000
-1.000
-1.000
-1.000
-1.000
-1.000
-1.000
-1.000
-1.000
-1.000
-1.000
-1.000
-1.000
-1.000
-1.000
-1.000
-1.000
-1.000
-1.000
-1.000
-1.000
-1.000
-1.000
-1.000
-1.000
-1.000
-1.000
-1.000
-1.000
-1.000
-1.000
-1.000
-1.000
-1.000
-1.000
-1.000
-1.000
-1.000
-1.000
-1.000
-1.000
-1.000
-1.000
-1.000
-1.000
-1.000
-1.000
-1.000
-1.000
-1.000
-1.000
-1.000
-1.000
-1.000
-1.000
-1.000
-1.000
-1.000
-1.000
-1.000
-1.000
-1.000
-1.000
-1.000
-1.000
-1.000
-1.000
-1.000
-1.000
-1.000
-1.000
-1.000
-1.000
-1.000
-1.000
-1.000
-1.000
-1.000
-1.000
-1.000
-1.000
-1.000
-1.000
-1.000
-1.000
-1.000
-1.000
-1.000
-1.000
-1.000
-1.000
-1.000
-1.000
-1.000
-1.000
-1.000
-1.000
-1.000
-1.000
-1.000
-1.000
-1.000
-1.000
-1.000
-1.000
-1.000
-1.000
-1.000
-1.000
-1.000
-1.000
-1.000
-1.000
-1.000
-1.000
-1.000
-1.000
-1.000
-1.000
-1.000
-1.000
-1.000
-1.000
-1.000
-1.000
-1.000
-1.000
-1.000
-1.000
-1.000
-1.000
-1.000
-1.000
-1.000
-1.000
-1.000
-1.000
-1.000
-1.000
-1.000
-1.000
-1.000
-1.000
-1.000
-1.000
-1.000
-1.000
-1.000
-1.000
-1.000
-1.000
-1.000
-1.000
-1.000
-1.000
-1.000
-1.000
-1.000
-1.000
-1.000
-1.000
-1.000
-1.000
-1.000
-1.000
-1.000
-1.000
-1.000
-1.000
-1.000
-1.000
-1.000
-1.000
-1.000
-1.000
-1.000
-1.000
-1.000
-1.000
-1.000
-1.000
-1.000
-1.000
-1.000
-1.000
-1.000
-1.000
-1.000
-1.000
-1.000
-1.000
-1.000
-1.000
-1.000
-1.000
-1.000
-1.000
-1.000
-1.000
-1.000
-1.000
-1.000
-1.000
-1.000
-1.000
-1.000
-1.000
-1.000
-1.000
-1.000
-1.000
-1.000
-1.000
-1.000
-1.000
-1.000
-1.000
-1.000
-1.000
-1.000
-1.000
-1.000
-1.000
-1.000
-1.000
-1.000
-1.000
-1.000
-1.000
-1.000
-1.000
-1.000
-1.000
-1.000
-1.000
-1.000
-1.000
-1.000
-1.000
-1.000
-1.000
-1.000
-1.000
-1.000
-1.000
-1.000
-1.000
-1.000
-1.000
-1.000
-1.000
-1.000
-1.000
-1.000
-1.000
-1.000
-1.000
-1.000
-1.000
-1.000
-1.000
-1.000
-1.000
-1.000
-1.000
-1.000
-1.000
-1.000
-1.000
-1.000
-1.000
-1.000
-1.000
-1.000
-1.000
-1.000
-1.000
-1.000
-1.000
-1.000
-1.000
-1.000
-1.000
-1.000
-1.000
-1.000
-1.000
-1.000
-1.000
-1.000
-1.000
-1.000
-1.000
-1.000
-1.000
-1.000
-1.000
-1.000
-1.000
-1.000
-1.000
-1.000
-1.000
-1.000
-1.000
-1.000
-1.000
-1.000
-1.000
-1.000
-1.000
-1.000
-1.000
-1.000
-1.000
-1.000
-1.000
-1.000
-1.000
-1.000
-1.000
-1.000
-1.000
-1.000
-1.000
-1.000
-1.000
-1.000
-1.000
-1.000
-1.000
-1.000
-1.000
-1.000
-1.000
-1.000
-1.000
-1.000
-1.000
-1.000
-1.000
-1.000
-1.000
-1.000
-1.000
-1.000
-1.000
-1.000
-1.000
-1.000
-1.000
-1.000
-1.000
-1.000
-1.000
-1.000
-1.000
-1.000
-1.000
-1.000
-1.000
-1.000
-1.000
-1.000
-1.000
-1.000
-1.000
-1.000
-1.000
-1.000
-1.000
-1.000
-1.000
-1.000
-1.000
-1.000
-1.000
-1.000
-1.000
-1.000
-1.000
-1.000
-1.000
-1.000
-1.000
-1.000
-1.000
-1.000
-1.000
-1.000
-1.000
-1.000
-1.000
-1.000
-1.000
-1.000
-1.000
-1.000
-1.000
-1.000
-1.000
-1.000
-1.000
-1.000
-1.000
-1.000
-1.000
-1.000
-1.000
-1.000
-1.000
-1.000
-1.000
-1.000
-1.000
-1.000
-1.000
-1.000
-1.000
-1.000
-1.000
-1.000
-1.000
-1.000
-1.000
-1.000
-1.000
-1.000
-1.000
-1.000
-1.000
-1.000
-1.000
-1.000
-1.000
-1.000
-1.000
-1.000
-1.000
-1.000
-1.000
-1.000
-1.000
-1.000
-1.000
-1.000
-1.000
-1.000
-1.000
-1.000
-1.000
-1.000
-1.000
-1.000
-1.000
-1.000
-1.000
-1.000
-1.000
-1.000
-1.000
-1.000
-1.000
-1.000
-1.000
-1.000
-1.000
-1.000
2.166
1.557
-1.000
-1.000
-1.000
1.690
-1.000
1.463
1.460
-1.000
1.686
-1.000
1.424
2.685
-1.000
2.127
1.420
2.027
2.417
-1.000
-1.000
-1.000
-1.000
2.602
2.258
1.775
-1.000
2.050
-1.000
-1.000
-1.000
1.464
-1.000
-1.000
2.398
-1.000
-1.000
-1.000
-1.000
1.682
2.143
-1.000
-1.000
-1.000
-1.000
-1.000
-1.000
-1.000
-1.000
-1.000
-1.000
-1.000
-1.000
-1.000
-1.000
-1.000
-1.000
-1.000
-1.000
-1.000
-1.000
-1.000
-1.000
-1.000
-1.000
-1.000
-1.000
-1.000
-1.000
-1.000
-1.000
-1.000
-1.000
-1.000
-1.000
-1.000
-1.000
2.638
-1.000
2.622
-1.000
-1.000
-1.000
-1.000
-1.000
-1.000
-1.000
-1.000
-1.000
-1.000
-1.000
-1.000
-1.000
-1.000
-1.000
-1.000
-1.000
-1.000
-1.000
-1.000
-1.000
-1.000
-1.000
-1.000
2.576
-1.000
-1.000
-1.000
-1.000
-1.000
-1.000
-1.000
-1.000
-1.000
-1.000
-1.000
-1.000
-1.000
-1.000
-1.000
-1.000
-1.000
-1.000
-1.000
-1.000
-1.000
-1.000
-1.000
-1.000
-1.000
-1.000
-1.000
2.559
2.440
-1.000
-1.000
-1.000
-1.000
2.649
-1.000
-1.000
-1.000
-1.000
-1.000
-1.000
-1.000
-1.000
-1.000
-1.000
-1.000
-1.000
-1.000
-1.000
-1.000
-1.000
-1.000
-1.000
-1.000
-1.000
-1.000
-1.000
-1.000
-1.000
-1.000
-1.000
-1.000
-1.000
-1.000
-1.000
-1.000
-1.000
-1.000
-1.000
-1.000
-1.000
-1.000
-1.000
-1.000
-1.000
-1.000
-1.000
-1.000
-1.000
-1.000
-1.000
1.444
-1.000
-1.000
-1.000
1.437
-1.000
-1.000
0.995
-1.000
1.476
-1.000
1.396
-1.000
2.314
2.577
-1.000
-1.000
-1.000
-1.000
2.404
-1.000
1.549
2.443
1.365
1.369
-1.000
1.657
2.023
-1.000
-1.000
-1.000
-1.000
-1.000
-1.000
-1.000
-1.000
-1.000
-1.000
-1.000
-1.000
1.350
2.068
-1.000
-1.000
1.383
-1.000
-1.000
-1.000
2.233
-1.000
-1.000
1.878
2.355
-1.000
2.238
1.959
1.617
-1.000
1.544
2.403
-1.000
-1.000
2.515
-1.000
2.471
-1.000
-1.000
-1.000
-1.000
-1.000
-1.000
2.278
-1.000
-1.000
-1.000
-1.000
-1.000
2.472
-1.000
-1.000
-1.000
-1.000
-1.000
-1.000
-1.000
-1.000
-1.000
-1.000
-1.000
2.668
-1.000
1.915
2.375
-1.000
2.293
-1.000
1.266
2.101
1.538
-1.000
-1.000
1.602
-1.000
2.040
0.807
-1.000
-1.000
1.975
1.359
-1.000
-1.000
-1.000
-1.000
-1.000
-1.000
-1.000
0.956
-1.000
-1.000
2.384
1.192
-1.000
1.068
-1.000
1.556
1.273
2.411
-1.000
2.132
-1.000
1.546
1.323
2.554
1.542
-1.000
1.819
2.362
-1.000
-1.000
-1.000
-1.000
1.498
1.746
1.496
1.860
-1.000
2.244
2.038
-1.000
1.425
1.359
-1.000
-1.000
-1.000
2.152
1.906
2.118
-1.000
1.594
1.617
1.800
1.845
-1.000
-1.000
-1.000
-1.000
-1.000
-1.000
-1.000
-1.000
-1.000
-1.000
-1.000
-1.000
-1.000
-1.000
-1.000
-1.000
-1.000
-1.000
-1.000
-1.000
-1.000
-1.000
-1.000
1.737
-1.000
1.640
-1.000
-1.000
2.630
-1.000
2.690
-1.000
2.648
-1.000
-1.000
-1.000
-1.000
2.176
1.578
-1.000
1.821
-1.000
-1.000
-1.000
2.677
-1.000
2.213
-1.000
-1.000
-1.000
2.456
-1.000
-1.000
2.364
-1.000
-1.000
-1.000
-1.000
-1.000
-1.000
-1.000
-1.000
-1.000
-1.000
-1.000
-1.000
-1.000
-1.000
2.551
1.842
2.258
-1.000
2.227
2.606
-1.000
1.691
1.981
-1.000
1.994
-1.000
-1.000
1.781
-1.000
2.160
-1.000
-1.000
-1.000
-1.000
-1.000
-1.000
-1.000
-1.000
-1.000
-1.000
1.903
-1.000
2.259
1.737
-1.000
-1.000
1.639
1.992
1.709
-1.000
1.931
2.062
-1.000
2.595
1.669
-1.000
-1.000
-1.000
-1.000
-1.000
-1.000
-1.000
-1.000
-1.000
-1.000
-1.000
-1.000
-1.000
-1.000
-1.000
-1.000
-1.000
-1.000
-1.000
-1.000
-1.000
-1.000
-1.000
-1.000
-1.000
-1.000
-1.000
-1.000
-1.000
-1.000
-1.000
-1.000
-1.000
-1.000
-1.000
-1.000
-1.000
-1.000
-1.000
-1.000
-1.000
-1.000
-1.000
-1.000
-1.000
-1.000
-1.000
-1.000
-1.000
-1.000
-1.000
-1.000
-1.000
-1.000
-1.000
-1.000
-1.000
-1.000
-1.000
-1.000
-1.000
-1.000
-1.000
-1.000
-1.000
-1.000
-1.000
-1.000
2.639
-1.000
2.406
-1.000
-1.000
-1.000
-1.000
-1.000
-1.000
-1.000
-1.000
-1.000
-1.000
-1.000
-1.000
-1.000
-1.000
-1.000
-1.000
-1.000
-1.000
-1.000
-1.000
-1.000
-1.000
-1.000
-1.000
-1.000
-1.000
-1.000
-1.000
-1.000
-1.000
-1.000
-1.000
-1.000
-1.000
-1.000
-1.000
2.420
-1.000
-1.000
-1.000
-1.000
-1.000
-1.000
2.621
-1.000
-1.000
-1.000
-1.000
-1.000
-1.000
-1.000
-1.000
-1.000
-1.000
-1.000
-1.000
-1.000
-1.000
-1.000
-1.000
-1.000
-1.000
-1.000
-1.000
-1.000
-1.000
-1.000
-1.000
-1.000
-1.000
2.610
-1.000
2.566
-1.000
-1.000
-1.000
-1.000
2.619
-1.000
-1.000
-1.000
-1.000
-1.000
-1.000
-1.000
2.080
-1.000
-1.000
-1.000
2.021
-1.000
2.386
-1.000
-1.000
-1.000
2.057
-1.000
-1.000
2.536
2.346
-1.000
-1.000
-1.000
-1.000
-1.000
-1.000
-1.000
-1.000
-1.000
-1.000
-1.000
-1.000
-1.000
-1.000
-1.000
2.619
2.662
-1.000
-1.000
-1.000
-1.000
-1.000
-1.000
-1.000
-1.000
-1.000
-1.000
2.317
-1.000
-1.000
-1.000
-1.000
-1.000
-1.000
-1.000
-1.000
-1.000
-1.000
-1.000
-1.000
-1.000
-1.000
-1.000
-1.000
-1.000
-1.000
-1.000
-1.000
-1.000
-1.000
-1.000
-1.000
2.674
-1.000
-1.000
-1.000
-1.000
2.482
-1.000
-1.000
-1.000
-1.000
-1.000
-1.000
-1.000
-1.000
2.594
-1.000
-1.000
-1.000
-1.000
-1.000
-1.000
-1.000
-1.000
-1.000
-1.000
-1.000
-1.000
2.573
-1.000
-1.000
-1.000
-1.000
-1.000
-1.000
-1.000
-1.000
-1.000
-1.000
-1.000
2.608
-1.000
-1.000
-1.000
-1.000
-1.000
-1.000
-1.000
-1.000
-1.000
-1.000
-1.000
-1.000
-1.000
-1.000
-1.000
-1.000
-1.000
-1.000
-1.000
-1.000
-1.000
2.592
2.641
-1.000
-1.000
-1.000
-1.000
-1.000
-1.000
-1.000
-1.000
-1.000
-1.000
-1.000
-1.000
2.630
-1.000
-1.000
-1.000
-1.000
-1.000
-1.000
-1.000
-1.000
-1.000
-1.000
2.408
-1.000
-1.000
-1.000
-1.000
-1.000
-1.000
-1.000
-1.000
-1.000
-1.000
-1.000
-1.000
-1.000
-1.000
-1.000
-1.000
-1.000
-1.000
-1.000
-1.000
-1.000
-1.000
-1.000
-1.000
2.676
-1.000
-1.000
-1.000
-1.000
-1.000
-1.000
-1.000
-1.000
-1.000
-1.000
-1.000
-1.000
-1.000
-1.000
-1.000
-1.000
-1.000
-1.000
-1.000
-1.000
-1.000
-1.000
-1.000
-1.000
-1.000
-1.000
-1.000
-1.000
-1.000
-1.000
2.673
-1.000
-1.000
-1.000
-1.000
-1.000
-1.000
-1.000
-1.000
-1.000
2.679
-1.000
-1.000
-1.000
-1.000
-1.000
-1.000
2.570
-1.000
-1.000
-1.000
-1.000
-1.000
-1.000
-1.000
-1.000
-1.000
-1.000
-1.000
-1.000
-1.000
-1.000
-1.000
-1.000
2.635
-1.000
-1.000
-1.000
-1.000
-1.000
-1.000
-1.000
-1.000
-1.000
-1.000
-1.000
-1.000
-1.000
-1.000
-1.000
-1.000
-1.000
-1.000
2.480
-1.000
2.667
-1.000
-1.000
-1.000
-1.000
-1.000
-1.000
-1.000
-1.000
-1.000
-1.000
-1.000
-1.000
-1.000
-1.000
-1.000
-1.000
-1.000
-1.000
-1.000
-1.000
-1.000
-1.000
-1.000
-1.000
-1.000
-1.000
-1.000
-1.000
-1.000
-1.000
-1.000
-1.000
-1.000
-1.000
-1.000
-1.000
-1.000
-1.000
-1.000
-1.000
-1.000
-1.000
-1.000
-1.000
-1.000
-1.000
-1.000
-1.000
-1.000
-1.000
-1.000
-1.000
-1.000
-1.000
-1.000
-1.000
-1.000
-1.000
-1.000
-1.000
-1.000
-1.000
-1.000
-1.000
-1.000
-1.000
-1.000
-1.000
-1.000
-1.000
-1.000
-1.000
-1.000
-1.000
-1.000
-1.000
-1.000
-1.000
-1.000
-1.000
-1.000
-1.000
-1.000
-1.000
-1.000
-1.000
-1.000
-1.000
-1.000
-1.000
-1.000
-1.000
-1.000
-1.000
-1.000
-1.000
-1.000
-1.000
-1.000
-1.000
-1.000
-1.000
-1.000
-1.000
-1.000
-1.000
-1.000
-1.000
-1.000
-1.000
-1.000
-1.000
-1.000
-1.000
-1.000
-1.000
-1.000
-1.000
-1.000
-1.000
-1.000
-1.000
-1.000
-1.000
-1.000
-1.000
-1.000
-1.000
-1.000
-1.000
-1.000
-1.000
-1.000
-1.000
-1.000
-1.000
-1.000
-1.000
-1.000
-1.000
-1.000
-1.000
-1.000
-1.000
-1.000
-1.000
-1.000
-1.000
-1.000
-1.000
-1.000
-1.000
-1.000
-1.000
-1.000
-1.000
-1.000
-1.000
-1.000
-1.000
-1.000
-1.000
-1.000
-1.000
-1.000
-1.000
-1.000
-1.000
-1.000
-1.000
-1.000
-1.000
-1.000
-1.000
-1.000
1.149
-1.000
-1.000
1.118
-1.000
-1.000
1.454
-1.000
1.695
-1.000
1.498
-1.000
2.485
-1.000
1.787
1.872
2.682
1.543
2.404
1.628
-1.000
-1.000
-1.000
-1.000
-1.000
-1.000
-1.000
-1.000
2.521
-1.000
2.646
1.618
-1.000
-1.000
-1.000
-1.000
-1.000
1.527
-1.000
2.688
2.529
2.316
-1.000
1.011
1.912
-1.000
2.604
2.115
-1.000
1.322
-1.000
2.096
-1.000
1.465
-1.000
-1.000
2.425
-1.000
1.568
2.329
-1.000
-1.000
-1.000
-1.000
-1.000
-1.000
-1.000
-1.000
-1.000
-1.000
-1.000
-1.000
-1.000
-1.000
-1.000
-1.000
-1.000
-1.000
-1.000
1.875
-1.000
1.209
1.365
-1.000
-1.000
1.807
2.000
-1.000
2.072
-1.000
-1.000
-1.000
1.592
-1.000
2.174
-1.000
-1.000
-1.000
-1.000
-1.000
-1.000
-1.000
2.466
-1.000
-1.000
-1.000
-1.000
-1.000
2.467
-1.000
-1.000
-1.000
-1.000
-1.000
-1.000
-1.000
-1.000
1.592
1.568
2.517
-1.000
2.172
1.670
1.435
1.060
1.298
1.314
1.378
-1.000
-1.000
-1.000
-1.000
-1.000
-1.000
-1.000
2.118
-1.000
-1.000
-1.000
-1.000
-1.000
2.687
-1.000
-1.000
2.653
-1.000
-1.000
-1.000
-1.000
-1.000
-1.000
-1.000
-1.000
-1.000
-1.000
-1.000
-1.000
-1.000
1.976
-1.000
-1.000
-1.000
-1.000
-1.000
-1.000
-1.000
-1.000
-1.000
2.078
1.837
-1.000
2.682
-1.000
-1.000
-1.000
1.799
2.482
-1.000
-1.000
2.446
-1.000
-1.000
-1.000
0.850
2.334
-1.000
-1.000
-1.000
-1.000
-1.000
-1.000
-1.000
1.014
-1.000
1.561
2.388
1.460
-1.000
-1.000
1.788
2.062
1.927
-1.000
-1.000
2.300
1.151
1.489
-1.000
-1.000
-1.000
-1.000
-1.000
-1.000
1.765
-1.000
-1.000
1.357
1.922
2.102
1.581
1.289
1.846
1.295
-1.000
-1.000
2.236
-1.000
1.903
2.243
2.509
2.104
-1.000
2.593
-1.000
-1.000
1.770
-1.000
-1.000
-1.000
-1.000
-1.000
-1.000
-1.000
-1.000
-1.000
-1.000
2.324
-1.000
1.629
2.073
-1.000
-1.000
-1.000
-1.000
-1.000
-1.000
-1.000
-1.000
-1.000
-1.000
-1.000
-1.000
-1.000
-1.000
-1.000
-1.000
2.008
2.328
-1.000
-1.000
-1.000
1.725
-1.000
-1.000
-1.000
1.824
-1.000
-1.000
-1.000
-1.000
-1.000
-1.000
-1.000
-1.000
-1.000
-1.000
-1.000
-1.000
-1.000
-1.000
-1.000
-1.000
-1.000
2.064
2.679
-1.000
-1.000
-1.000
-1.000
-1.000
2.635
-1.000
-1.000
-1.000
-1.000
-1.000
-1.000
-1.000
-1.000
-1.000
-1.000
-1.000
-1.000
-1.000
-1.000
-1.000
-1.000
-1.000
-1.000
-1.000
-1.000
-1.000
-1.000
-1.000
-1.000
-1.000
2.503
-1.000
-1.000
-1.000
-1.000
2.537
-1.000
-1.000
-1.000
-1.000
-1.000
-1.000
-1.000
-1.000
-1.000
-1.000
-1.000
-1.000
-1.000
2.548
-1.000
-1.000
-1.000
-1.000
-1.000
-1.000
-1.000
-1.000
-1.000
-1.000
-1.000
-1.000
-1.000
-1.000
-1.000
-1.000
-1.000
-1.000
-1.000
-1.000
-1.000
-1.000
-1.000
-1.000
-1.000
-1.000
-1.000
-1.000
-1.000
-1.000
-1.000
-1.000
-1.000
-1.000
-1.000
-1.000
-1.000
-1.000
-1.000
-1.000
-1.000
-1.000
-1.000
-1.000
-1.000
-1.000
-1.000
-1.000
-1.000
-1.000
-1.000
-1.000
-1.000
-1.000
-1.000
-1.000
-1.000
-1.000
-1.000
-1.000
-1.000
-1.000
-1.000
-1.000
-1.000
-1.000
-1.000
-1.000
2.659
0.899
-1.000
1.824
1.561
-1.000
1.740
1.199
2.579
-1.000
1.102
-1.000
-1.000
2.682
-1.000
-1.000
-1.000
2.590
2.532
2.168
-1.000
-1.000
1.774
-1.000
-1.000
-1.000
1.302
1.067
1.313
1.356
1.515
-1.000
-1.000
2.373
-1.000
1.565
2.094
1.976
1.296
1.543
2.550
-1.000
-1.000
2.208
-1.000
-1.000
2.471
-1.000
2.011
-1.000
-1.000
-1.000
-1.000
-1.000
-1.000
-1.000
-1.000
2.534
-1.000
-1.000
-1.000
-1.000
-1.000
-1.000
-1.000
-1.000
-1.000
-1.000
-1.000
-1.000
-1.000
-1.000
-1.000
-1.000
2.602
2.445
-1.000
1.395
-1.000
1.558
1.797
2.422
-1.000
-1.000
2.612
-1.000
-1.000
2.504
1.495
2.685
2.436
-1.000
-1.000
-1.000
-1.000
-1.000
-1.000
-1.000
2.111
1.873
2.082
-1.000
-1.000
-1.000
-1.000
-1.000
-1.000
-1.000
-1.000
-1.000
-1.000
-1.000
-1.000
-1.000
1.836
2.610
2.153
2.603
-1.000
-1.000
-1.000
-1.000
-1.000
2.664
-1.000
-1.000
-1.000
-1.000
-1.000
-1.000
-1.000
2.551
-1.000
1.753
1.481
-1.000
2.178
2.033
-1.000
-1.000
2.137
-1.000
-1.000
2.635
-1.000
-1.000
2.409
-1.000
-1.000
-1.000
-1.000
-1.000
-1.000
-1.000
-1.000
1.057
1.710
-1.000
1.262
-1.000
1.530
2.104
1.368
2.053
2.571
2.663
-1.000
-1.000
1.784
-1.000
-1.000
-1.000
-1.000
-1.000
-1.000
-1.000
1.828
-1.000
-1.000
2.384
-1.000
-1.000
2.385
2.628
-1.000
-1.000
2.177
-1.000
-1.000
-1.000
-1.000
-1.000
-1.000
-1.000
-1.000
-1.000
2.077
-1.000
1.873
-1.000
-1.000
-1.000
-1.000
2.299
-1.000
1.911
-1.000
-1.000
-1.000
-1.000
-1.000
2.467
-1.000
-1.000
2.602
-1.000
-1.000
-1.000
-1.000
-1.000
-1.000
-1.000
-1.000
2.494
-1.000
-1.000
-1.000
-1.000
-1.000
-1.000
-1.000
-1.000
2.618
-1.000
-1.000
-1.000
-1.000
-1.000
-1.000
-1.000
-1.000
-1.000
-1.000
-1.000
-1.000
1.848
2.138
2.639
2.605
2.080
-1.000
2.376
2.174
1.926
-1.000
-1.000
-1.000
2.466
-1.000
-1.000
-1.000
-1.000
-1.000
-1.000
-1.000
-1.000
-1.000
1.674
1.902
-1.000
-1.000
1.609
2.577
2.050
-1.000
-1.000
-1.000
-1.000
-1.000
-1.000
-1.000
-1.000
-1.000
-1.000
-1.000
-1.000
2.375
-1.000
-1.000
-1.000
-1.000
-1.000
-1.000
-1.000
-1.000
-1.000
-1.000
-1.000
-1.000
-1.000
-1.000
-1.000
-1.000
-1.000
-1.000
-1.000
-1.000
-1.000
-1.000
-1.000
-1.000
-1.000
-1.000
2.541
-1.000
-1.000
-1.000
-1.000
-1.000
-1.000
-1.000
-1.000
-1.000
-1.000
-1.000
-1.000
-1.000
-1.000
-1.000
-1.000
-1.000
-1.000
-1.000
-1.000
-1.000
2.633
-1.000
-1.000
-1.000
-1.000
1.536
-1.000
1.192
-1.000
-1.000
-1.000
-1.000
-1.000
-1.000
-1.000
-1.000
0.927
-1.000
-1.000
-1.000
2.004
-1.000
1.542
1.551
-1.000
-1.000
1.769
-1.000
2.070
1.464
-1.000
-1.000
-1.000
-1.000
-1.000
-1.000
1.947
-1.000
-1.000
2.591
-1.000
-1.000
-1.000
-1.000
1.511
-1.000
-1.000
-1.000
1.956
2.116
-1.000
1.969
2.066
1.896
-1.000
-1.000
-1.000
-1.000
-1.000
-1.000
-1.000
-1.000
-1.000
1.786
-1.000
2.066
2.248
-1.000
2.329
1.588
2.507
-1.000
-1.000
-1.000
-1.000
-1.000
2.426
-1.000
-1.000
-1.000
1.967
1.453
1.973
-1.000
1.974
-1.000
-1.000
2.504
-1.000
-1.000
-1.000
-1.000
-1.000
-1.000
1.239
-1.000
1.702
1.771
2.272
2.524
2.291
-1.000
-1.000
-1.000
2.296
-1.000
-1.000
-1.000
-1.000
-1.000
1.949
-1.000
-1.000
-1.000
-1.000
-1.000
2.239
-1.000
-1.000
-1.000
2.504
-1.000
2.209
1.538
1.560
-1.000
2.360
-1.000
1.547
-1.000
-1.000
1.896
-1.000
2.417
-1.000
-1.000
-1.000
1.893
-1.000
-1.000
-1.000
-1.000
-1.000
-1.000
2.483
-1.000
2.091
-1.000
2.018
-1.000
1.344
-1.000
0.955
-1.000
-1.000
-1.000
-1.000
2.330
-1.000
-1.000
1.634
-1.000
1.405
-1.000
1.302
-1.000
-1.000
-1.000
-1.000
-1.000
-1.000
-1.000
1.569
-1.000
-1.000
1.719
-1.000
1.845
1.859
2.129
-1.000
-1.000
2.146
-1.000
-1.000
2.110
-1.000
2.528
-1.000
-1.000
-1.000
-1.000
-1.000
-1.000
-1.000
-1.000
2.428
-1.000
-1.000
-1.000
-1.000
-1.000
1.781
-1.000
2.139
1.796
-1.000
-1.000
-1.000
2.440
-1.000
1.869
-1.000
-1.000
2.425
-1.000
-1.000
-1.000
-1.000
-1.000
2.011
2.360
2.020
1.986
2.447
-1.000
-1.000
-1.000
-1.000
-1.000
-1.000
-1.000
-1.000
2.155
-1.000
-1.000
-1.000
-1.000
2.432
-1.000
-1.000
-1.000
2.451
-1.000
-1.000
-1.000
2.333
-1.000
-1.000
2.401
-1.000
-1.000
2.242
-1.000
-1.000
-1.000
-1.000
-1.000
-1.000
-1.000
-1.000
-1.000
-1.000
-1.000
-1.000
-1.000
-1.000
-1.000
-1.000
-1.000
-1.000
-1.000
-1.000
-1.000
-1.000
-1.000
-1.000
-1.000
-1.000
-1.000
-1.000
-1.000
-1.000
-1.000
-1.000
-1.000
-1.000
-1.000
-1.000
-1.000
-1.000
-1.000
-1.000
-1.000
-1.000
-1.000
-1.000
-1.000
-1.000
-1.000
-1.000
-1.000
-1.000
-1.000
-1.000
2.688
-1.000
-1.000
-1.000
-1.000
-1.000
-1.000
-1.000
-1.000
-1.000
-1.000
-1.000
-1.000
-1.000
-1.000
-1.000
-1.000
-1.000
-1.000
-1.000
-1.000
-1.000
-1.000
-1.000
-1.000
-1.000
-1.000
-1.000
-1.000
-1.000
-1.000
2.561
2.314
-1.000
-1.000
-1.000
-1.000
-1.000
-1.000
-1.000
-1.000
-1.000
-1.000
-1.000
-1.000
-1.000
-1.000
-1.000
-1.000
-1.000
-1.000
-1.000
-1.000
-1.000
-1.000
-1.000
-1.000
-1.000
-1.000
-1.000
-1.000
-1.000
-1.000
-1.000
-1.000
-1.000
-1.000
-1.000
-1.000
-1.000
-1.000
-1.000
-1.000
-1.000
-1.000
2.640
-1.000
-1.000
-1.000
-1.000
-1.000
-1.000
-1.000
-1.000
-1.000
-1.000
-1.000
-1.000
-1.000
-1.000
-1.000
-1.000
-1.000
-1.000
-1.000
-1.000
-1.000
-1.000
-1.000
-1.000
-1.000
-1.000
-1.000
-1.000
-1.000
-1.000
-1.000
-1.000
-1.000
-1.000
-1.000
-1.000
-1.000
-1.000
-1.000
-1.000
-1.000
-1.000
-1.000
-1.000
-1.000
-1.000
-1.000
-1.000
-1.000
-1.000
-1.000
-1.000
-1.000
-1.000
-1.000
-1.000
-1.000
-1.000
-1.000
-1.000
-1.000
-1.000
-1.000
-1.000
-1.000
-1.000
-1.000
-1.000
-1.000
-1.000
-1.000
-1.000
-1.000
-1.000
-1.000
-1.000
-1.000
-1.000
-1.000
-1.000
-1.000
-1.000
-1.000
-1.000
-1.000
-1.000
-1.000
-1.000
-1.000
-1.000
-1.000
-1.000
-1.000
-1.000
-1.000
-1.000
-1.000
-1.000
-1.000
-1.000
-1.000
-1.000
-1.000
-1.000
-1.000
-1.000
-1.000
-1.000
-1.000
-1.000
-1.000
-1.000
-1.000
-1.000
-1.000
-1.000
-1.000
-1.000
-1.000
-1.000
-1.000
-1.000
-1.000
-1.000
-1.000
-1.000
-1.000
-1.000
-1.000
-1.000
-1.000
-1.000
-1.000
-1.000
-1.000
-1.000
-1.000
-1.000
-1.000
-1.000
-1.000
-1.000
-1.000
-1.000
-1.000
-1.000
-1.000
-1.000
-1.000
-1.000
-1.000
-1.000
-1.000
-1.000
-1.000
-1.000
-1.000
-1.000
-1.000
-1.000
-1.000
-1.000
-1.000
-1.000
-1.000
-1.000
-1.000
-1.000
-1.000
-1.000
-1.000
-1.000
-1.000
-1.000
-1.000
-1.000
-1.000
-1.000
-1.000
-1.000
-1.000
-1.000
-1.000
-1.000
-1.000
-1.000
-1.000
-1.000
-1.000
-1.000
-1.000
-1.000
-1.000
-1.000
-1.000
-1.000
-1.000
-1.000
-1.000
-1.000
-1.000
-1.000
-1.000
-1.000
-1.000
-1.000
-1.000
-1.000
-1.000
-1.000
-1.000
-1.000
-1.000
-1.000
-1.000
-1.000
-1.000
-1.000
-1.000
-1.000
-1.000
-1.000
-1.000
-1.000
-1.000
-1.000
-1.000
-1.000
-1.000
-1.000
-1.000
-1.000
-1.000
-1.000
-1.000
-1.000
-1.000
-1.000
-1.000
-1.000
-1.000
-1.000
-1.000
-1.000
-1.000
-1.000
-1.000
-1.000
-1.000
-1.000
-1.000
-1.000
-1.000
-1.000
-1.000
-1.000
-1.000
-1.000
-1.000
-1.000
-1.000
-1.000
-1.000
-1.000
-1.000
-1.000
-1.000
-1.000
-1.000
-1.000
-1.000
-1.000
-1.000
-1.000
-1.000
-1.000
-1.000
-1.000
-1.000
-1.000
-1.000
-1.000
-1.000
-1.000
-1.000
-1.000
-1.000
-1.000
-1.000
-1.000
-1.000
-1.000
-1.000
-1.000
-1.000
-1.000
-1.000
-1.000
-1.000
-1.000
-1.000
-1.000
-1.000
-1.000
-1.000
-1.000
-1.000
-1.000
-1.000
-1.000
-1.000
-1.000
-1.000
-1.000
-1.000
-1.000
-1.000
-1.000
-1.000
-1.000
-1.000
-1.000
-1.000
-1.000
-1.000
-1.000
-1.000
-1.000
-1.000
-1.000
-1.000
-1.000
-1.000
-1.000
-1.000
-1.000
-1.000
-1.000
-1.000
-1.000
-1.000
-1.000
-1.000
-1.000
-1.000
-1.000
-1.000
-1.000
-1.000
-1.000
-1.000
-1.000
-1.000
-1.000
-1.000
-1.000
-1.000
-1.000
-1.000
-1.000
-1.000
-1.000
-1.000
-1.000
-1.000
-1.000
-1.000
-1.000
-1.000
-1.000
-1.000
-1.000
-1.000
-1.000
-1.000
-1.000
-1.000
-1.000
-1.000
-1.000
-1.000
-1.000
-1.000
-1.000
-1.000
-1.000
-1.000
-1.000
-1.000
-1.000
-1.000
-1.000
-1.000
-1.000
-1.000
-1.000
-1.000
-1.000
-1.000
-1.000
-1.000
-1.000
-1.000
-1.000
-1.000
-1.000
-1.000
-1.000
-1.000
-1.000
-1.000
-1.000
-1.000
-1.000
-1.000
-1.000
-1.000
-1.000
-1.000
-1.000
-1.000
-1.000
-1.000
-1.000
-1.000
-1.000
-1.000
-1.000
-1.000
-1.000
-1.000
-1.000
-1.000
-1.000
-1.000
-1.000
-1.000
-1.000
-1.000
-1.000
-1.000
-1.000
-1.000
-1.000
-1.000
-1.000
-1.000
-1.000
-1.000
-1.000
-1.000
-1.000
-1.000
-1.000
-1.000
-1.000
-1.000
-1.000
-1.000
-1.000
-1.000
-1.000
-1.000
-1.000
-1.000
-1.000
-1.000
-1.000
-1.000
-1.000
-1.000
-1.000
-1.000
-1.000
-1.000
-1.000
-1.000
-1.000
-1.000
-1.000
-1.000
-1.000
-1.000
-1.000
-1.000
-1.000
-1.000
-1.000
-1.000
-1.000
-1.000
-1.000
-1.000
-1.000
-1.000
-1.000
-1.000
-1.000
-1.000
-1.000
-1.000
-1.000
-1.000
-1.000
-1.000
-1.000
-1.000
-1.000
-1.000
-1.000
-1.000
-1.000
-1.000
-1.000
-1.000
-1.000
-1.000
-1.000
-1.000
-1.000
-1.000
-1.000
-1.000
-1.000
-1.000
-1.000
-1.000
-1.000
-1.000
-1.000
-1.000
-1.000
-1.000
-1.000
-1.000
-1.000
-1.000
-1.000
-1.000
-1.000
-1.000
-1.000
-1.000
-1.000
2.250
-1.000
1.414
2.188
2.538
1.886
2.282
2.214
-1.000
-1.000
-1.000
-1.000
-1.000
2.510
-1.000
-1.000
-1.000
2.050
-1.000
-1.000
2.680
2.285
-1.000
-1.000
2.324
-1.000
2.319
1.929
2.338
2.605
2.467
-1.000
2.373
2.500
2.365
-1.000
2.508
2.643
-1.000
2.576
-1.000
-1.000
2.271
-1.000
-1.000
-1.000
2.220
-1.000
-1.000
-1.000
2.186
2.683
-1.000
-1.000
-1.000
-1.000
-1.000
-1.000
-1.000
-1.000
-1.000
-1.000
2.457
2.580
-1.000
-1.000
-1.000
-1.000
-1.000
-1.000
-1.000
-1.000
-1.000
-1.000
2.558
-1.000
2.635
-1.000
-1.000
-1.000
-1.000
-1.000
-1.000
-1.000
-1.000
-1.000
-1.000
-1.000
-1.000
-1.000
-1.000
-1.000
-1.000
-1.000
-1.000
2.647
-1.000
-1.000
-1.000
-1.000
-1.000
-1.000
-1.000
-1.000
-1.000
-1.000
-1.000
-1.000
2.577
-1.000
-1.000
2.655
-1.000
-1.000
-1.000
2.629
-1.000
2.616
-1.000
-1.000
-1.000
-1.000
-1.000
-1.000
-1.000
-1.000
-1.000
-1.000
-1.000
-1.000
-1.000
-1.000
-1.000
-1.000
-1.000
-1.000
-1.000
-1.000
-1.000
2.675
-1.000
-1.000
-1.000
-1.000
-1.000
-1.000
-1.000
-1.000
-1.000
-1.000
-1.000
-1.000
2.674
-1.000
-1.000
-1.000
-1.000
-1.000
-1.000
-1.000
-1.000
-1.000
-1.000
-1.000
-1.000
-1.000
-1.000
2.538
1.437
2.359
2.075
-1.000
-1.000
2.241
-1.000
-1.000
1.947
1.421
2.043
1.925
-1.000
-1.000
2.557
2.420
2.225
0.952
-1.000
0.720
0.713
-1.000
-1.000
-1.000
-1.000
-1.000
-1.000
1.844
-1.000
-1.000
-1.000
-1.000
-1.000
1.075
-1.000
-1.000
-1.000
-1.000
-1.000
-1.000
-1.000
1.583
-1.000
-1.000
1.709
1.736
-1.000
-1.000
-1.000
-1.000
1.764
1.671
1.732
0.929
-1.000
-1.000
-1.000
-1.000
1.051
2.025
1.033
1.213
1.015
1.443
-1.000
-1.000
-1.000
-1.000
-1.000
-1.000
2.338
1.019
-1.000
-1.000
-1.000
-1.000
1.134
-1.000
-1.000
-1.000
-1.000
-1.000
1.805
-1.000
1.429
-1.000
-1.000
1.398
2.390
1.554
-1.000
1.599
1.913
2.222
-1.000
-1.000
1.662
1.140
1.117
1.440
-1.000
-1.000
-1.000
1.386
1.265
-1.000
-1.000
-1.000
-1.000
2.167
-1.000
1.515
-1.000
-1.000
-1.000
1.429
2.096
2.235
1.388
-1.000
-1.000
-1.000
-1.000
-1.000
2.664
-1.000
-1.000
1.877
1.994
1.850
1.878
-1.000
-1.000
-1.000
-1.000
-1.000
-1.000
-1.000
-1.000
-1.000
-1.000
2.549
-1.000
-1.000
2.558
-1.000
-1.000
-1.000
-1.000
-1.000
-1.000
2.139
1.495
1.974
1.935
2.146
-1.000
-1.000
2.218
2.483
-1.000
2.154
2.184
2.096
2.359
-1.000
2.523
2.673
-1.000
-1.000
-1.000
-1.000
-1.000
-1.000
2.121
-1.000
-1.000
-1.000
-1.000
-1.000
2.601
-1.000
-1.000
-1.000
-1.000
-1.000
-1.000
-1.000
-1.000
2.272
-1.000
2.176
-1.000
-1.000
-1.000
-1.000
-1.000
-1.000
-1.000
-1.000
-1.000
-1.000
-1.000
-1.000
-1.000
-1.000
-1.000
-1.000
-1.000
-1.000
-1.000
-1.000
-1.000
-1.000
-1.000
-1.000
-1.000
-1.000
-1.000
-1.000
-1.000
-1.000
-1.000
-1.000
-1.000
-1.000
-1.000
-1.000
-1.000
-1.000
-1.000
-1.000
-1.000
-1.000
-1.000
-1.000
-1.000
-1.000
-1.000
-1.000
-1.000
-1.000
-1.000
-1.000
-1.000
-1.000
-1.000
2.171
2.410
-1.000
-1.000
1.787
-1.000
2.412
-1.000
2.317
-1.000
2.095
2.524
-1.000
-1.000
1.764
-1.000
-1.000
-1.000
-1.000
-1.000
-1.000
-1.000
-1.000
-1.000
2.213
1.612
-1.000
2.273
-1.000
-1.000
-1.000
-1.000
1.417
-1.000
-1.000
2.173
-1.000
-1.000
-1.000
2.528
-1.000
-1.000
-1.000
-1.000
-1.000
-1.000
-1.000
-1.000
-1.000
-1.000
-1.000
-1.000
-1.000
-1.000
-1.000
-1.000
-1.000
-1.000
1.182
-1.000
1.333
1.375
2.097
2.106
1.966
-1.000
1.361
-1.000
2.179
-1.000
2.492
1.945
-1.000
-1.000
-1.000
2.676
-1.000
-1.000
-1.000
-1.000
-1.000
2.309
-1.000
-1.000
-1.000
2.351
-1.000
-1.000
-1.000
-1.000
-1.000
-1.000
-1.000
-1.000
-1.000
-1.000
-1.000
-1.000
-1.000
-1.000
-1.000
-1.000
2.520
2.599
-1.000
-1.000
-1.000
-1.000
-1.000
-1.000
-1.000
-1.000
-1.000
-1.000
-1.000
-1.000
-1.000
-1.000
-1.000
-1.000
-1.000
-1.000
-1.000
-1.000
-1.000
-1.000
-1.000
-1.000
-1.000
-1.000
-1.000
-1.000
-1.000
-1.000
-1.000
-1.000
-1.000
-1.000
-1.000
-1.000
-1.000
-1.000
-1.000
-1.000
-1.000
-1.000
-1.000
-1.000
-1.000
-1.000
-1.000
-1.000
-1.000
-1.000
-1.000
-1.000
-1.000
-1.000
-1.000
-1.000
-1.000
-1.000
-1.000
-1.000
-1.000
-1.000
-1.000
-1.000
-1.000
-1.000
-1.000
-1.000
-1.000
-1.000
-1.000
-1.000
-1.000
-1.000
-1.000
-1.000
-1.000
-1.000
-1.000
-1.000
-1.000
-1.000
-1.000
-1.000
-1.000
-1.000
-1.000
-1.000
-1.000
-1.000
-1.000
-1.000
1.515
2.173
2.212
-1.000
1.805
1.714
2.105
-1.000
-1.000
-1.000
-1.000
-1.000
-1.000
-1.000
-1.000
-1.000
-1.000
-1.000
-1.000
-1.000
-1.000
-1.000
-1.000
-1.000
-1.000
-1.000
-1.000
-1.000
-1.000
-1.000
-1.000
-1.000
-1.000
-1.000
-1.000
-1.000
-1.000
-1.000
-1.000
-1.000
-1.000
-1.000
-1.000
2.620
-1.000
-1.000
2.030
0.914
-1.000
-1.000
0.938
-1.000
-1.000
1.728
-1.000
-1.000
1.232
1.226
2.105
1.379
-1.000
-1.000
2.489
2.207
1.336
-1.000
-1.000
1.514
-1.000
-1.000
1.932
1.313
-1.000
-1.000
-1.000
-1.000
1.734
1.971
-1.000
-1.000
-1.000
-1.000
-1.000
1.616
-1.000
1.510
1.699
2.356
1.677
1.711
-1.000
2.472
2.028
-1.000
-1.000
-1.000
-1.000
2.613
1.529
1.530
1.267
-1.000
-1.000
-1.000
-1.000
-1.000
-1.000
-1.000
2.363
-1.000
-1.000
1.740
-1.000
1.848
-1.000
1.588
-1.000
-1.000
-1.000
-1.000
-1.000
-1.000
-1.000
1.816
2.285
2.001
1.443
1.364
1.740
1.580
1.331
1.473
1.516
1.861
-1.000
-1.000
-1.000
-1.000
-1.000
-1.000
2.665
-1.000
2.299
-1.000
2.029
-1.000
2.488
-1.000
-1.000
-1.000
-1.000
-1.000
-1.000
2.474
-1.000
-1.000
2.577
-1.000
-1.000
2.680
-1.000
-1.000
2.347
2.259
-1.000
-1.000
-1.000
2.479
2.273
-1.000
-1.000
2.576
-1.000
-1.000
-1.000
-1.000
-1.000
-1.000
-1.000
-1.000
-1.000
-1.000
2.645
-1.000
2.434
2.307
-1.000
-1.000
-1.000
-1.000
2.669
-1.000
2.100
2.600
2.592
-1.000
-1.000
-1.000
-1.000
-1.000
2.478
-1.000
-1.000
-1.000
2.457
-1.000
-1.000
2.369
-1.000
2.599
-1.000
-1.000
-1.000
-1.000
-1.000
-1.000
-1.000
2.624
-1.000
-1.000
-1.000
-1.000
-1.000
-1.000
-1.000
-1.000
-1.000
-1.000
2.456
-1.000
2.315
-1.000
-1.000
-1.000
2.417
2.652
-1.000
-1.000
-1.000
-1.000
-1.000
-1.000
-1.000
-1.000
-1.000
-1.000
-1.000
-1.000
-1.000
-1.000
-1.000
-1.000
-1.000
-1.000
-1.000
-1.000
-1.000
-1.000
-1.000
-1.000
-1.000
-1.000
-1.000
-1.000
-1.000
-1.000
-1.000
-1.000
-1.000
-1.000
-1.000
-1.000
-1.000
-1.000
-1.000
-1.000
-1.000
-1.000
-1.000
-1.000
-1.000
-1.000
-1.000
-1.000
-1.000
-1.000
-1.000
-1.000
-1.000
-1.000
-1.000
-1.000
-1.000
-1.000
-1.000
-1.000
-1.000
-1.000
-1.000
-1.000
-1.000
-1.000
-1.000
-1.000
-1.000
-1.000
-1.000
-1.000
-1.000
-1.000
-1.000
-1.000
-1.000
-1.000
-1.000
-1.000
-1.000
-1.000
-1.000
-1.000
-1.000
-1.000
-1.000
-1.000
-1.000
-1.000
-1.000
-1.000
-1.000
1.821
-1.000
1.738
2.192
1.743
-1.000
1.313
2.609
-1.000
-1.000
-1.000
-1.000
1.981
-1.000
2.506
-1.000
2.668
1.159
-1.000
-1.000
-1.000
1.299
1.225
-1.000
1.650
1.591
1.894
2.497
1.459
-1.000
-1.000
1.364
-1.000
1.639
1.891
1.491
-1.000
-1.000
1.593
-1.000
2.242
-1.000
-1.000
1.898
-1.000
-1.000
-1.000
-1.000
-1.000
2.177
-1.000
-1.000
2.380
-1.000
-1.000
-1.000
-1.000
-1.000
-1.000
-1.000
-1.000
-1.000
-1.000
-1.000
-1.000
-1.000
-1.000
-1.000
1.125
-1.000
1.385
1.371
2.147
1.652
1.505
-1.000
1.633
-1.000
2.265
-1.000
-1.000
-1.000
-1.000
-1.000
-1.000
-1.000
-1.000
-1.000
2.421
-1.000
-1.000
1.978
1.801
1.977
-1.000
2.670
-1.000
-1.000
2.075
-1.000
-1.000
-1.000
2.053
-1.000
-1.000
-1.000
-1.000
-1.000
-1.000
2.473
-1.000
-1.000
-1.000
-1.000
-1.000
-1.000
-1.000
0.999
-1.000
1.017
1.332
1.702
2.010
-1.000
1.993
-1.000
1.404
1.678
1.817
-1.000
-1.000
-1.000
-1.000
-1.000
1.880
2.034
-1.000
2.039
-1.000
-1.000
1.793
-1.000
-1.000
1.926
-1.000
-1.000
-1.000
-1.000
-1.000
-1.000
-1.000
-1.000
-1.000
-1.000
2.172
-1.000
-1.000
-1.000
-1.000
-1.000
-1.000
-1.000
-1.000
-1.000
-1.000
-1.000
-1.000
2.624
2.667
-1.000
-1.000
-1.000
-1.000
-1.000
-1.000
-1.000
-1.000
-1.000
-1.000
-1.000
-1.000
-1.000
-1.000
-1.000
-1.000
-1.000
-1.000
-1.000
-1.000
-1.000
-1.000
-1.000
-1.000
-1.000
-1.000
-1.000
-1.000
-1.000
-1.000
-1.000
-1.000
-1.000
-1.000
-1.000
-1.000
-1.000
-1.000
-1.000
-1.000
-1.000
-1.000
-1.000
-1.000
-1.000
-1.000
-1.000
-1.000
-1.000
-1.000
-1.000
-1.000
-1.000
-1.000
-1.000
-1.000
-1.000
-1.000
-1.000
-1.000
-1.000
-1.000
-1.000
-1.000
-1.000
-1.000
-1.000
-1.000
-1.000
-1.000
-1.000
-1.000
-1.000
-1.000
-1.000
-1.000
-1.000
-1.000
-1.000
2.176
-1.000
-1.000
-1.000
1.115
1.191
1.429
2.239
-1.000
-1.000
1.915
-1.000
-1.000
-1.000
-1.000
-1.000
2.203
2.020
-1.000
-1.000
-1.000
-1.000
-1.000
1.821
1.687
2.686
-1.000
-1.000
1.768
2.350
-1.000
-1.000
-1.000
2.387
-1.000
-1.000
-1.000
-1.000
1.830
-1.000
-1.000
-1.000
2.612
2.335
2.677
-1.000
2.417
2.079
1.877
-1.000
2.593
-1.000
-1.000
2.187
2.667
2.520
-1.000
-1.000
-1.000
-1.000
-1.000
-1.000
-1.000
-1.000
-1.000
-1.000
2.066
-1.000
-1.000
2.037
-1.000
-1.000
2.427
-1.000
-1.000
2.059
-1.000
1.716
2.278
-1.000
-1.000
-1.000
-1.000
-1.000
-1.000
-1.000
-1.000
-1.000
-1.000
-1.000
-1.000
-1.000
-1.000
2.243
-1.000
2.281
2.617
2.506
-1.000
2.612
2.557
-1.000
2.269
-1.000
-1.000
-1.000
-1.000
2.658
-1.000
-1.000
-1.000
-1.000
-1.000
-1.000
-1.000
2.338
2.375
2.117
1.988
-1.000
-1.000
-1.000
-1.000
-1.000
-1.000
1.978
-1.000
-1.000
2.054
2.656
2.458
2.646
-1.000
-1.000
-1.000
-1.000
-1.000
-1.000
-1.000
-1.000
-1.000
-1.000
2.186
-1.000
-1.000
-1.000
-1.000
-1.000
-1.000
-1.000
-1.000
2.322
-1.000
-1.000
-1.000
-1.000
2.557
2.524
-1.000
-1.000
2.272
-1.000
-1.000
2.670
-1.000
-1.000
-1.000
-1.000
-1.000
-1.000
-1.000
2.647
-1.000
2.432
2.253
2.415
2.512
-1.000
-1.000
-1.000
-1.000
-1.000
-1.000
-1.000
-1.000
2.509
2.504
-1.000
-1.000
-1.000
-1.000
-1.000
-1.000
2.570
-1.000
2.456
2.592
2.677
-1.000
-1.000
-1.000
-1.000
-1.000
-1.000
-1.000
-1.000
2.591
-1.000
2.184
-1.000
-1.000
-1.000
-1.000
-1.000
-1.000
-1.000
-1.000
-1.000
-1.000
-1.000
-1.000
-1.000
2.571
-1.000
-1.000
-1.000
-1.000
-1.000
-1.000
-1.000
-1.000
-1.000
-1.000
-1.000
-1.000
-1.000
-1.000
-1.000
-1.000
-1.000
-1.000
-1.000
2.501
-1.000
-1.000
-1.000
-1.000
-1.000
-1.000
2.653
-1.000
-1.000
-1.000
-1.000
-1.000
-1.000
-1.000
-1.000
2.650
-1.000
-1.000
-1.000
-1.000
-1.000
-1.000
-1.000
-1.000
-1.000
-1.000
-1.000
-1.000
-1.000
-1.000
-1.000
-1.000
-1.000
-1.000
-1.000
-1.000
-1.000
-1.000
-1.000
-1.000
-1.000
-1.000
-1.000
-1.000
-1.000
-1.000
-1.000
-1.000
-1.000
-1.000
-1.000
-1.000
-1.000
-1.000
-1.000
-1.000
-1.000
-1.000
-1.000
-1.000
-1.000
-1.000
-1.000
-1.000
-1.000
-1.000
-1.000
-1.000
-1.000
-1.000
-1.000
-1.000
-1.000
-1.000
-1.000
-1.000
-1.000
-1.000
-1.000
-1.000
-1.000
-1.000
-1.000
-1.000
-1.000
-1.000
-1.000
-1.000
-1.000
1.403
-1.000
-1.000
-1.000
-1.000
-1.000
1.876
-1.000
-1.000
2.194
-1.000
-1.000
-1.000
-1.000
1.855
-1.000
-1.000
2.316
-1.000
2.054
-1.000
1.460
-1.000
-1.000
-1.000
2.654
-1.000
2.444
1.770
-1.000
-1.000
1.300
-1.000
2.645
-1.000
2.094
-1.000
-1.000
-1.000
-1.000
-1.000
2.354
2.341
-1.000
-1.000
2.258
-1.000
2.145
-1.000
2.202
-1.000
2.633
2.308
-1.000
2.157
2.130
1.911
1.265
1.613
-1.000
-1.000
-1.000
2.656
-1.000
-1.000
-1.000
-1.000
1.725
-1.000
1.643
-1.000
-1.000
2.538
-1.000
1.469
2.541
-1.000
-1.000
-1.000
2.080
1.954
1.690
1.803
-1.000
-1.000
2.323
-1.000
-1.000
-1.000
-1.000
-1.000
2.098
-1.000
-1.000
-1.000
-1.000
-1.000
2.139
-1.000
1.731
1.901
2.005
-1.000
-1.000
2.371
-1.000
-1.000
-1.000
-1.000
-1.000
1.490
-1.000
-1.000
2.320
1.759
1.734
1.752
-1.000
2.648
-1.000
-1.000
-1.000
-1.000
-1.000
-1.000
-1.000
-1.000
-1.000
-1.000
-1.000
-1.000
-1.000
-1.000
-1.000
-1.000
-1.000
-1.000
-1.000
-1.000
-1.000
-1.000
-1.000
-1.000
-1.000
-1.000
-1.000
-1.000
0.932
-1.000
-1.000
-1.000
1.582
-1.000
-1.000
1.205
-1.000
-1.000
-1.000
-1.000
-1.000
-1.000
-1.000
-1.000
2.336
-1.000
1.814
-1.000
-1.000
2.616
-1.000
1.773
-1.000
1.256
-1.000
-1.000
-1.000
-1.000
-1.000
-1.000
-1.000
-1.000
-1.000
-1.000
-1.000
2.086
-1.000
-1.000
2.683
-1.000
1.965
1.483
2.028
1.417
1.527
-1.000
-1.000
-1.000
-1.000
-1.000
-1.000
-1.000
2.133
-1.000
2.281
-1.000
2.222
1.793
2.354
-1.000
-1.000
-1.000
-1.000
-1.000
-1.000
-1.000
-1.000
2.539
-1.000
-1.000
2.571
-1.000
-1.000
2.282
-1.000
-1.000
-1.000
-1.000
-1.000
1.686
2.134
2.163
-1.000
1.718
2.411
1.948
1.521
2.368
1.801
-1.000
1.866
1.646
2.320
-1.000
-1.000
-1.000
1.827
-1.000
1.868
-1.000
-1.000
