# Snapnum | SubfindID | BeginIdx | EndIdx+1
21  41048  0  1 
22  44992  1  2 
25  58441  2  3 
31  92024  3  4 
34  111792  4  5 
36  126069  5  6 
37  133572  6  7 
38  141249  7  8 
39  149206  8  9 
41  165925  9  10 
43  183584  10  11 
44  192841  11  12 
45  202341  12  13 
47  222239  13  14 
48  232522  14  15 
49  243141  15  16 
50  254085  16  17 
51  265299  17  18 
52  276806  18  19 
53  288525  19  20 
54  300642  20  21 
55  313001  21  22 
56  325726  22  23 
57  338749  23  24 
59  365699  24  25 
60  379650  25  27 
61  393910  27  31 
62  408560  31  36 
63  423572  36  38 
64  438817  38  47 
65  454459  47  48 
66  470403  48  50 
67  486718  50  60 
68  503293  60  68 
70  537505  68  80 
71  554987  80  96 
72  572899  96  106 
73  591102  106  118 
75  628611  118  125 
76  647871  125  138 
77  667350  138  161 
78  687201  161  172 
79  707418  172  192 
82  770114  192  201 
83  791663  201  248 
84  813599  248  266 
85  835955  266  304 
86  858586  304  433 
87  881403  433  521 
88  904591  521  635 
89  928125  635  659 
90  952195  659  686 
91  976551  686  768 
92  1001237  768  812 
93  1026212  812  898 
94  1051767  898  929 
95  1077707  929  1044 
96  1103871  1044  1284 
97  1130477  1284  1385 
98  1157443  1385  1502 
99  1184777  1502  1574 
100  1212500  1574  1629 
101  1240501  1629  1684 
102  1268901  1684  1819 
103  1297670  1819  1999 
104  1326889  1999  2300 
107  1416888  2300  2387 
142  2714346  2387  2483 
143  2757378  2483  2842 
145  2844259  2842  2886 
146  2888163  2886  3299 
147  2932508  3299  3585 
148  2977203  3585  4038 
149  3022380  4038  4628 
153  3205928  4628  4752 
154  3252897  4752  5428 
171  4097472  5428  5499 
172  4149658  5499  6130 
206  6045941  6130  6620 
207  6104193  6620  6804 
208  6162388  6804  6953 
209  6220819  6953  7206 
234  7696616  7206  8000 
235  7755806  8000  8891 
236  7814869  8891  9169 
237  7873833  9169  9699 
45  202342  9699  9700 
46  212151  9700  9701 
10  11346  9701  9702 
11  13133  9702  9703 
12  15046  9703  9704 
13  17141  9704  9705 
14  19421  9705  9706 
15  21847  9706  9707 
18  30515  9707  9708 
21  41067  9708  9709 
22  45011  9709  9710 
23  49211  9710  9711 
25  58466  9711  9712 
26  63422  9712  9713 
27  68670  9713  9714 
28  74127  9714  9715 
29  79835  9715  9716 
30  85819  9716  9717 
31  92053  9717  9718 
32  98410  9718  9719 
33  105020  9719  9722 
34  111821  9722  9723 
35  118865  9723  9726 
36  126100  9726  9727 
37  133606  9727  9728 
38  141283  9728  9730 
40  157490  9730  9732 
48  232556  9732  9734 
51  265334  9734  9735 
52  276840  9735  9736 
53  288560  9736  9737 
55  313034  9737  9738 
56  325757  9738  9741 
57  338779  9741  9744 
58  352032  9744  9745 
59  365729  9745  9747 
61  393940  9747  9749 
62  408589  9749  9755 
63  423601  9755  9759 
64  438845  9759  9767 
65  454483  9767  9770 
66  470426  9770  9773 
68  503314  9773  9776 
69  520298  9776  9780 
70  537523  9780  9784 
71  555001  9784  9789 
72  572911  9789  9795 
73  591111  9795  9799 
74  609708  9799  9802 
75  628616  9802  9814 
76  647874  9814  9843 
77  667352  9843  9861 
78  687203  9861  9873 
79  707419  9873  9885 
7  6875  9885  9886 
8  8215  9886  9887 
10  11349  9887  9888 
15  21848  9888  9889 
23  49212  9889  9890 
24  53684  9890  9891 
25  58467  9891  9892 
6  5658  9892  9893 
16  24510  9893  9894 
20  37360  9894  9895 
21  41073  9895  9896 
23  49218  9896  9897 
26  63430  9897  9898 
27  68677  9898  9899 
29  79842  9899  9900 
30  85827  9900  9901 
33  105027  9901  9902 
47  222282  9902  9903 
49  243180  9903  9904 
50  254125  9904  9905 
53  288564  9905  9906 
29  79856  9906  9907 
51  265389  9907  9908 
24  53723  9908  9909 
30  85866  9909  9910 
32  98453  9910  9911 
36  126146  9911  9912 
40  157545  9912  9913 
43  183676  9913  9914 
44  192934  9914  9915 
46  212248  9915  9916 
47  222338  9916  9917 
48  232624  9917  9918 
50  254187  9918  9919 
51  265403  9919  9920 
52  276909  9920  9921 
60  379763  9921  9922 
61  394024  9922  9923 
86  858666  9923  9924 
88  904663  9924  9925 
21  41109  9925  9926 
23  49258  9926  9927 
24  53730  9927  9928 
25  58514  9928  9929 
26  63469  9929  9930 
27  68717  9930  9931 
28  74176  9931  9932 
29  79885  9932  9933 
31  92105  9933  9934 
32  98461  9934  9935 
33  105072  9935  9936 
34  111877  9936  9937 
36  126157  9937  9938 
40  157556  9938  9939 
41  166025  9939  9940 
45  202449  9940  9941 
46  212262  9941  9942 
47  222353  9942  9944 
48  232639  9944  9945 
49  243255  9945  9946 
50  254202  9946  9948 
51  265419  9948  9949 
52  276923  9949  9950 
53  288644  9950  9952 
59  365829  9952  9953 
65  454602  9953  9955 
66  470551  9955  9959 
67  486868  9959  9960 
68  503448  9960  9961 
94  1051855  9961  9965 
95  1077786  9965  9972 
96  1103944  9972  9976 
33  105085  9976  9977 
37  133681  9977  9978 
41  166039  9978  9979 
47  222366  9979  9980 
55  313132  9980  9981 
24  53742  9981  9982 
27  68728  9982  9983 
35  118940  9983  9984 
37  133686  9984  9985 
40  157577  9985  9986 
32  98482  9986  9987 
43  183715  9987  9988 
37  133698  9988  9989 
3  2663  9989  9990 
4  3581  9990  9991 
5  4572  9991  9992 
6  5685  9992  9994 
7  6904  9994  9995 
8  8245  9995  9996 
9  9740  9996  9997 
10  11384  9997  9998 
14  19467  9998  9999 
15  21894  9999  10000 
16  24553  10000  10001 
17  27441  10001  10002 
18  30569  10002  10003 
19  33876  10003  10004 
22  45074  10004  10005 
23  49279  10005  10006 
24  53751  10006  10008 
25  58535  10008  10009 
26  63488  10009  10010 
27  68737  10010  10011 
28  74199  10011  10012 
29  79909  10012  10014 
30  85903  10014  10015 
31  92134  10015  10017 
32  98491  10017  10018 
33  105103  10018  10019 
34  111909  10019  10022 
35  118956  10022  10023 
36  126194  10023  10024 
37  133702  10024  10025 
38  141385  10025  10030 
39  149345  10030  10032 
40  157596  10032  10033 
41  166065  10033  10036 
42  174774  10036  10038 
43  183729  10038  10048 
44  192993  10048  10049 
45  202494  10049  10051 
46  212308  10051  10053 
47  222400  10053  10063 
48  232689  10063  10068 
49  243304  10068  10073 
50  254253  10073  10076 
51  265474  10076  10081 
52  276979  10081  10088 
53  288703  10088  10095 
54  300820  10095  10109 
55  313179  10109  10124 
56  325907  10124  10132 
57  338932  10132  10156 
58  352185  10156  10169 
59  365892  10169  10179 
60  379844  10179  10185 
61  394106  10185  10205 
62  408758  10205  10223 
63  423780  10223  10238 
64  439027  10238  10267 
65  454668  10267  10323 
66  470620  10323  10332 
67  486939  10332  10357 
68  503518  10357  10370 
69  520510  10370  10417 
70  537741  10417  10452 
71  555229  10452  10461 
72  573147  10461  10476 
94  1052063  10476  10507 
95  1078002  10507  10582 
96  1104168  10582  10597 
97  1130776  10597  10635 
98  1157740  10635  10672 
103  1297942  10672  10751 
10  11385  10751  10752 
11  13181  10752  10753 
14  19476  10753  10754 
15  21904  10754  10755 
17  27452  10755  10756 
18  30581  10756  10757 
19  33888  10757  10758 
20  37425  10758  10759 
21  41141  10759  10760 
23  49294  10760  10761 
24  53766  10761  10764 
25  58551  10764  10765 
26  63505  10765  10769 
27  68754  10769  10770 
28  74217  10770  10771 
30  85921  10771  10772 
31  92152  10772  10774 
32  98509  10774  10775 
33  105121  10775  10776 
34  111927  10776  10777 
35  118970  10777  10778 
36  126208  10778  10779 
37  133716  10779  10780 
38  141398  10780  10781 
39  149356  10781  10784 
40  157606  10784  10785 
42  174782  10785  10787 
43  183736  10787  10788 
45  202497  10788  10789 
40  157608  10789  10790 
37  133753  10790  10791 
41  166113  10791  10792 
43  183773  10792  10793 
46  212344  10793  10794 
48  232720  10794  10795 
12  15112  10795  10796 
17  27478  10796  10797 
19  33920  10797  10798 
23  49331  10798  10799 
27  68805  10799  10800 
28  74273  10800  10802 
29  79986  10802  10803 
32  98573  10803  10804 
33  105182  10804  10805 
35  119029  10805  10806 
36  126270  10806  10807 
37  133778  10807  10808 
38  141461  10808  10809 
39  149420  10809  10812 
40  157669  10812  10813 
41  166136  10813  10814 
42  174842  10814  10815 
43  183800  10815  10817 
44  193057  10817  10818 
45  202555  10818  10819 
46  212371  10819  10820 
47  222463  10820  10821 
48  232750  10821  10822 
50  254310  10822  10823 
51  265528  10823  10826 
52  277030  10826  10827 
54  300872  10827  10830 
22  45123  10830  10831 
5  4597  10831  10832 
11  13205  10832  10833 
18  30623  10833  10834 
23  49346  10834  10835 
24  53823  10835  10836 
25  58609  10836  10838 
26  63564  10838  10839 
27  68821  10839  10841 
28  74288  10841  10842 
29  80001  10842  10843 
30  85998  10843  10845 
32  98589  10845  10846 
34  112005  10846  10847 
35  119049  10847  10848 
36  126291  10848  10849 
37  133800  10849  10850 
38  141485  10850  10851 
39  149446  10851  10852 
40  157695  10852  10854 
41  166162  10854  10855 
42  174869  10855  10856 
43  183827  10856  10858 
44  193084  10858  10862 
45  202583  10862  10864 
46  212401  10864  10866 
48  232780  10866  10867 
52  277065  10867  10868 
51  265570  10868  10869 
29  80029  10869  10870 
31  92257  10870  10871 
57  339043  10871  10872 
83  792067  10872  10873 
60  379989  10873  10874 
10  11439  10874  10875 
17  27525  10875  10876 
21  41232  10876  10877 
25  58659  10877  10878 
26  63613  10878  10879 
40  157747  10879  10880 
47  222548  10880  10881 
34  112068  10881  10882 
58  352351  10882  10883 
63  423959  10883  10884 
137  2504693  10884  10885 
150  3067830  10885  10886 
151  3113442  10886  10887 
49  243480  10887  10888 
53  288875  10888  10889 
56  326086  10889  10890 
59  366082  10890  10891 
60  380038  10891  10892 
61  394300  10892  10893 
62  408956  10893  10894 
63  423980  10894  10895 
64  439229  10895  10896 
65  454869  10896  10897 
66  470819  10897  10898 
67  487136  10898  10899 
68  503717  10899  10900 
69  520710  10900  10902 
70  537942  10902  10903 
71  555429  10903  10905 
72  573343  10905  10906 
97  1131011  10906  10910 
40  157798  10910  10911 
68  503742  10911  10912 
70  537966  10912  10913 
71  555454  10913  10914 
72  573368  10914  10915 
73  591569  10915  10916 
60  380142  10916  10917 
68  503829  10917  10918 
69  520820  10918  10919 
46  212576  10919  10920 
37  133959  10920  10921 
41  166337  10921  10922 
46  212592  10922  10923 
57  339244  10923  10924 
58  352499  10924  10925 
100  1213202  10925  10926 
101  1241195  10926  10927 
25  58739  10927  10928 
74  610346  10928  10929 
76  648509  10929  10930 
34  112177  10930  10931 
49  243615  10931  10932 
55  313512  10932  10933 
80  728609  10933  10934 
83  792364  10934  10935 
8  8307  10935  10936 
9  9810  10936  10937 
10  11461  10937  10938 
11  13255  10938  10939 
12  15174  10939  10940 
14  19569  10940  10941 
15  22008  10941  10942 
16  24677  10942  10945 
17  27577  10945  10947 
18  30713  10947  10948 
19  34031  10948  10949 
20  37579  10949  10950 
21  41303  10950  10952 
22  45257  10952  10953 
23  49470  10953  10954 
24  53957  10954  10955 
25  58749  10955  10956 
26  63706  10956  10959 
27  68966  10959  10962 
28  74443  10962  10963 
29  80159  10963  10964 
30  86161  10964  10965 
32  98759  10965  10966 
33  105376  10966  10967 
34  112184  10967  10975 
38  141684  10975  10978 
39  149647  10978  10983 
43  184036  10983  10985 
44  193298  10985  10988 
45  202802  10988  10989 
46  212624  10989  10990 
47  222720  10990  10992 
48  233009  10992  10996 
49  243626  10996  10999 
50  254577  10999  11002 
51  265799  11002  11006 
52  277309  11006  11010 
53  289035  11010  11012 
54  301161  11012  11013 
56  326252  11013  11014 
63  424162  11014  11028 
64  439409  11028  11029 
65  455053  11029  11034 
66  471005  11034  11038 
67  487325  11038  11040 
74  610361  11040  11050 
75  629267  11050  11054 
76  648524  11054  11061 
77  668007  11061  11066 
78  687875  11066  11080 
79  708101  11080  11090 
80  728623  11090  11106 
81  749505  11106  11108 
82  770824  11108  11118 
83  792378  11118  11149 
90  952934  11149  11167 
7  6969  11167  11168 
12  15179  11168  11169 
13  17282  11169  11170 
18  30716  11170  11171 
19  34033  11171  11172 
20  37581  11172  11173 
21  41305  11173  11174 
9  9825  11174  11175 
10  11476  11175  11177 
13  17293  11177  11178 
14  19584  11178  11179 
19  34046  11179  11180 
21  41319  11180  11181 
22  45273  11181  11182 
24  53973  11182  11183 
25  58766  11183  11184 
40  157897  11184  11185 
43  184039  11185  11186 
44  193301  11186  11187 
46  212626  11187  11188 
47  222722  11188  11189 
48  233010  11189  11190 
49  243627  11190  11191 
50  254578  11191  11192 
13  17295  11192  11193 
19  34047  11193  11194 
20  37597  11194  11195 
22  45275  11195  11196 
38  141692  11196  11197 
39  149654  11197  11198 
43  184041  11198  11199 
35  119244  11199  11200 
42  175092  11200  11201 
20  37604  11201  11202 
22  45284  11202  11203 
27  68994  11203  11204 
30  86189  11204  11205 
36  126498  11205  11206 
38  141708  11206  11207 
41  166395  11207  11208 
42  175102  11208  11209 
45  202835  11209  11210 
47  222753  11210  11211 
48  233041  11211  11212 
50  254611  11212  11213 
52  277345  11213  11215 
54  301198  11215  11217 
57  339325  11217  11218 
58  352582  11218  11219 
59  366298  11219  11220 
73  591814  11220  11221 
74  610434  11221  11222 
75  629347  11222  11224 
76  648604  11224  11226 
77  668087  11226  11230 
78  687955  11230  11232 
79  708185  11232  11233 
80  728709  11233  11235 
81  749592  11235  11237 
82  770913  11237  11240 
42  175110  11240  11241 
45  202843  11241  11242 
89  928931  11242  11243 
17  27615  11243  11244 
25  58799  11244  11246 
26  63754  11246  11247 
27  69013  11247  11248 
28  74488  11248  11249 
29  80204  11249  11250 
30  86207  11250  11251 
31  92442  11251  11252 
32  98801  11252  11256 
33  105417  11256  11257 
34  112225  11257  11258 
35  119274  11258  11259 
36  126519  11259  11260 
37  134030  11260  11266 
38  141728  11266  11267 
39  149693  11267  11269 
40  157941  11269  11270 
41  166416  11270  11271 
43  184086  11271  11273 
45  202856  11273  11274 
50  254632  11274  11275 
52  277367  11275  11276 
53  289095  11276  11278 
54  301220  11278  11283 
55  313584  11283  11284 
56  326315  11284  11285 
63  424236  11285  11286 
64  439482  11286  11288 
65  455128  11288  11290 
66  471084  11290  11292 
68  503986  11292  11299 
33  105432  11299  11300 
35  119286  11300  11301 
37  134039  11301  11302 
38  141737  11302  11303 
40  157951  11303  11304 
41  166427  11304  11305 
44  193362  11305  11306 
45  202868  11306  11307 
51  265868  11307  11308 
53  289107  11308  11309 
55  313595  11309  11310 
57  339359  11310  11311 
59  366330  11311  11313 
60  380289  11313  11314 
61  394553  11314  11315 
74  610474  11315  11316 
76  648643  11316  11317 
83  792499  11317  11321 
19  34106  11321  11322 
23  49558  11322  11323 
24  54046  11323  11324 
26  63793  11324  11325 
27  69051  11325  11326 
28  74527  11326  11327 
29  80243  11327  11328 
30  86243  11328  11329 
32  98835  11329  11330 
33  105448  11330  11331 
34  112255  11331  11332 
36  126546  11332  11333 
37  134054  11333  11334 
38  141753  11334  11335 
39  149718  11335  11336 
48  233092  11336  11337 
53  289122  11337  11338 
54  301247  11338  11339 
55  313610  11339  11342 
56  326341  11342  11343 
58  352629  11343  11344 
59  366345  11344  11346 
60  380304  11346  11347 
63  424261  11347  11348 
64  439506  11348  11349 
25  58843  11349  11350 
59  366354  11350  11351 
60  380313  11351  11352 
69  521013  11352  11353 
39  149737  11353  11354 
45  202905  11354  11355 
53  289145  11355  11356 
57  339396  11356  11357 
60  380325  11357  11358 
61  394587  11358  11359 
71  555744  11359  11360 
72  573670  11360  11361 
83  792522  11361  11362 
36  126583  11362  11363 
38  141790  11363  11364 
56  326382  11364  11365 
68  504059  11365  11366 
77  668238  11366  11367 
43  184216  11367  11368 
48  233201  11368  11369 
49  243819  11369  11370 
50  254770  11370  11372 
51  265990  11372  11373 
52  277499  11373  11374 
53  289225  11374  11375 
54  301352  11375  11376 
55  313718  11376  11378 
56  326450  11378  11380 
57  339481  11380  11381 
58  352733  11381  11382 
59  366450  11382  11384 
60  380411  11384  11385 
61  394674  11385  11386 
62  409335  11386  11387 
63  424370  11387  11392 
64  439618  11392  11394 
65  455263  11394  11395 
66  471222  11395  11401 
69  521119  11401  11403 
74  610598  11403  11405 
77  668261  11405  11406 
78  688127  11406  11409 
79  708352  11409  11410 
36  126650  11410  11411 
37  134155  11411  11412 
39  149823  11412  11413 
47  222915  11413  11414 
30  86332  11414  11415 
35  119410  11415  11416 
37  134166  11416  11417 
39  149835  11417  11418 
40  158086  11418  11419 
43  184235  11419  11420 
46  212835  11420  11421 
58  352765  11421  11422 
60  380443  11422  11424 
61  394704  11424  11425 
64  439649  11425  11426 
65  455295  11426  11430 
66  471253  11430  11432 
67  487571  11432  11433 
16  24793  11433  11434 
21  41462  11434  11435 
52  277541  11435  11436 
57  339525  11436  11437 
26  63914  11437  11438 
41  166615  11438  11439 
44  193557  11439  11440 
45  203068  11440  11441 
46  212894  11441  11442 
47  222987  11442  11443 
48  233282  11443  11444 
50  254849  11444  11445 
53  289300  11445  11446 
54  301428  11446  11447 
55  313796  11447  11448 
56  326527  11448  11449 
59  366526  11449  11450 
60  380484  11450  11454 
61  394746  11454  11456 
62  409407  11456  11462 
63  424444  11462  11464 
64  439693  11464  11466 
65  455339  11466  11471 
66  471297  11471  11481 
67  487616  11481  11483 
69  521194  11483  11488 
70  538432  11488  11498 
71  555919  11498  11503 
72  573843  11503  11506 
33  105600  11506  11507 
74  610731  11507  11508 
2  1891  11508  11509 
3  2783  11509  11510 
4  3701  11510  11511 
5  4694  11511  11512 
6  5818  11512  11513 
7  7045  11513  11514 
8  8395  11514  11515 
9  9908  11515  11516 
10  11565  11516  11517 
11  13367  11517  11518 
13  17397  11518  11519 
14  19696  11519  11520 
15  22145  11520  11521 
17  27732  11521  11522 
19  34205  11522  11523 
25  58988  11523  11524 
26  63952  11524  11525 
27  69219  11525  11526 
28  74694  11526  11527 
30  86422  11527  11528 
31  92665  11528  11529 
33  105651  11529  11530 
34  112463  11530  11531 
35  119517  11531  11532 
36  126769  11532  11533 
38  141982  11533  11534 
39  149947  11534  11536 
41  166685  11536  11537 
42  175394  11537  11538 
43  184364  11538  11540 
44  193630  11540  11541 
45  203142  11541  11542 
46  212974  11542  11544 
47  223067  11544  11546 
48  233364  11546  11547 
49  243983  11547  11548 
50  254932  11548  11555 
51  266153  11555  11557 
52  277658  11557  11558 
53  289384  11558  11560 
54  301512  11560  11563 
55  313884  11563  11565 
56  326615  11565  11572 
58  352895  11572  11574 
59  366613  11574  11577 
39  149953  11577  11578 
40  158208  11578  11579 
41  166691  11579  11580 
45  203148  11580  11581 
23  49708  11581  11582 
26  63978  11582  11583 
60  380592  11583  11584 
62  409518  11584  11585 
65  455449  11585  11586 
68  504305  11586  11587 
70  538535  11587  11588 
74  610782  11588  11589 
76  648955  11589  11590 
103  1298863  11590  11591 
105  1357646  11591  11592 
106  1387678  11592  11593 
108  1448968  11593  11594 
109  1480239  11594  11595 
20  37804  11595  11596 
22  45504  11596  11597 
33  105718  11597  11598 
39  150025  11598  11599 
47  223150  11599  11600 
48  233445  11600  11601 
52  277748  11601  11602 
54  301603  11602  11603 
55  313976  11603  11604 
57  339737  11604  11605 
58  352986  11605  11606 
60  380651  11606  11607 
61  394914  11607  11608 
62  409580  11608  11609 
63  424620  11609  11610 
64  439873  11610  11611 
65  455516  11611  11612 
66  471479  11612  11613 
67  487792  11613  11614 
68  504377  11614  11615 
69  521371  11615  11616 
71  556097  11616  11619 
73  592238  11619  11620 
88  905820  11620  11621 
70  538645  11621  11622 
70  538695  11622  11623 
56  326774  11623  11624 
25  59066  11624  11625 
28  74789  11625  11626 
29  80516  11626  11627 
55  314071  11627  11628 
57  339835  11628  11629 
34  112605  11629  11630 
36  126927  11630  11631 
37  134441  11631  11632 
40  158380  11632  11633 
41  166870  11633  11635 
43  184558  11635  11636 
44  193828  11636  11637 
47  223270  11637  11638 
50  255149  11638  11639 
55  314118  11639  11640 
56  326852  11640  11641 
57  339884  11641  11642 
58  353136  11642  11643 
59  366855  11643  11645 
60  380807  11645  11646 
62  409741  11646  11647 
64  440041  11647  11648 
67  487975  11648  11650 
68  504560  11650  11651 
2  1913  11651  11652 
5  4723  11652  11654 
6  5848  11654  11655 
7  7077  11655  11656 
8  8427  11656  11657 
9  9942  11657  11658 
10  11601  11658  11659 
11  13404  11659  11660 
12  15331  11660  11661 
13  17439  11661  11662 
14  19743  11662  11664 
15  22195  11664  11665 
17  27793  11665  11666 
18  30941  11666  11667 
19  34274  11667  11668 
20  37842  11668  11669 
21  41582  11669  11670 
22  45550  11670  11671 
23  49771  11671  11672 
24  54274  11672  11674 
25  59083  11674  11675 
26  64052  11675  11677 
27  69324  11677  11681 
28  74808  11681  11683 
29  80537  11683  11684 
30  86548  11684  11687 
31  92802  11687  11689 
32  99172  11689  11690 
33  105796  11690  11692 
34  112612  11692  11693 
35  119677  11693  11709 
36  126935  11709  11714 
37  134451  11714  11716 
38  142163  11716  11719 
39  150135  11719  11727 
40  158394  11727  11731 
46  213193  11731  11733 
47  223284  11733  11737 
70  538818  11737  11740 
71  556308  11740  11749 
72  574235  11749  11755 
74  611079  11755  11768 
75  630000  11768  11789 
76  649263  11789  11798 
77  668747  11798  11804 
78  688618  11804  11807 
79  708847  11807  11814 
80  729366  11814  11821 
81  750261  11821  11823 
82  771595  11823  11836 
83  793150  11836  11842 
84  815094  11842  11844 
85  837448  11844  11854 
86  860072  11854  11857 
88  906107  11857  11867 
89  929641  11867  11882 
90  953732  11882  11892 
92  1002798  11892  11905 
95  1079313  11905  11920 
107  1418659  11920  11932 
110  1512497  11932  11942 
111  1544352  11942  11948 
112  1576589  11948  11964 
117  1744421  11964  11992 
118  1779294  11992  12010 
119  1814349  12010  12030 
120  1849964  12030  12034 
121  1885981  12034  12070 
122  1922235  12070  12125 
124  1996137  12125  12133 
125  2033516  12133  12172 
126  2071375  12172  12184 
127  2109384  12184  12200 
128  2147791  12200  12222 
129  2186385  12222  12263 
130  2225380  12263  12279 
131  2264581  12279  12296 
150  3070125  12296  12353 
151  3115780  12353  12426 
25  59093  12426  12427 
39  150150  12427  12428 
24  54307  12428  12429 
36  126962  12429  12430 
38  142190  12430  12431 
39  150161  12431  12432 
59  366906  12432  12433 
63  424824  12433  12434 
64  440081  12434  12435 
65  455724  12435  12436 
67  488007  12436  12437 
42  175639  12437  12438 
48  233632  12438  12439 
36  126993  12439  12440 
38  142227  12440  12441 
39  150198  12441  12442 
42  175660  12442  12443 
43  184641  12443  12444 
44  193911  12444  12445 
46  213259  12445  12446 
47  223351  12446  12447 
53  289708  12447  12448 
58  353241  12448  12449 
60  380914  12449  12450 
36  127042  12450  12451 
38  142279  12451  12452 
39  150248  12452  12453 
40  158507  12453  12454 
41  166999  12454  12455 
43  184692  12455  12456 
44  193967  12456  12457 
45  203485  12457  12460 
46  213321  12460  12461 
47  223414  12461  12462 
48  233717  12462  12463 
49  244352  12463  12464 
50  255311  12464  12465 
52  278055  12465  12466 
54  301910  12466  12467 
55  314290  12467  12468 
56  327026  12468  12469 
57  340053  12469  12470 
58  353312  12470  12471 
59  367035  12471  12473 
60  380985  12473  12475 
61  395251  12475  12478 
62  409920  12478  12480 
63  424962  12480  12481 
64  440223  12481  12491 
65  455865  12491  12493 
66  471839  12493  12497 
67  488156  12497  12503 
68  504743  12503  12506 
69  521743  12506  12512 
70  538995  12512  12517 
72  574424  12517  12522 
74  611277  12522  12528 
75  630198  12528  12532 
80  729558  12532  12539 
81  750455  12539  12545 
82  771784  12545  12549 
83  793340  12549  12551 
84  815276  12551  12555 
85  837620  12555  12562 
86  860246  12562  12569 
87  883077  12569  12579 
88  906284  12579  12585 
92  1002969  12585  12593 
39  150249  12593  12594 
23  49873  12594  12595 
39  150273  12595  12596 
43  184716  12596  12597 
45  203509  12597  12598 
47  223435  12598  12599 
50  255330  12599  12600 
52  278078  12600  12601 
54  301933  12601  12602 
50  255345  12602  12603 
24  54423  12603  12604 
41  167059  12604  12605 
44  194027  12605  12606 
47  223469  12606  12607 
48  233768  12607  12608 
59  367096  12608  12609 
68  504817  12609  12610 
29  80717  12610  12611 
2  1940  12611  12612 
3  2836  12612  12615 
4  3760  12615  12617 
5  4757  12617  12619 
6  5887  12619  12620 
7  7122  12620  12622 
8  8481  12622  12624 
9  10000  12624  12628 
10  11663  12628  12631 
11  13474  12631  12634 
12  15410  12634  12636 
13  17521  12636  12637 
14  19830  12637  12640 
15  22288  12640  12643 
16  24981  12643  12646 
17  27909  12646  12648 
18  31059  12648  12650 
19  34402  12650  12653 
20  37979  12653  12658 
21  41729  12658  12659 
22  45707  12659  12662 
23  49935  12662  12666 
24  54445  12666  12671 
25  59263  12671  12675 
26  64235  12675  12677 
27  69512  12677  12679 
28  75003  12679  12682 
29  80740  12682  12684 
30  86754  12684  12687 
31  93011  12687  12689 
32  99383  12689  12694 
33  106007  12694  12696 
34  112822  12696  12699 
35  119888  12699  12701 
36  127147  12701  12702 
37  134667  12702  12703 
38  142387  12703  12706 
40  158615  12706  12708 
42  175815  12708  12710 
43  184805  12710  12711 
45  203599  12711  12713 
46  213435  12713  12714 
47  223531  12714  12716 
48  233829  12716  12717 
61  395392  12717  12718 
62  410062  12718  12719 
63  425107  12719  12720 
64  440370  12720  12725 
65  456016  12725  12728 
66  471994  12728  12731 
67  488317  12731  12734 
68  504911  12734  12736 
69  521912  12736  12738 
70  539164  12738  12739 
71  556668  12739  12740 
72  574604  12740  12742 
73  592836  12742  12744 
77  669131  12744  12746 
29  80773  12746  12747 
32  99419  12747  12748 
38  142431  12748  12749 
39  150398  12749  12750 
41  167152  12750  12751 
47  223592  12751  12752 
48  233891  12752  12753 
49  244528  12753  12754 
50  255488  12754  12755 
53  289972  12755  12756 
57  340266  12756  12757 
60  381210  12757  12758 
61  395483  12758  12759 
62  410152  12759  12760 
63  425198  12760  12761 
64  440462  12761  12762 
65  456108  12762  12763 
66  472089  12763  12764 
67  488414  12764  12765 
68  505012  12765  12766 
69  522013  12766  12769 
70  539267  12769  12770 
71  556772  12770  12771 
72  574709  12771  12772 
73  592943  12772  12773 
74  611568  12773  12776 
75  630493  12776  12778 
76  649748  12778  12787 
77  669237  12787  12788 
78  689109  12788  12790 
79  709339  12790  12791 
80  729860  12791  12792 
81  750760  12792  12794 
82  772089  12794  12797 
83  793639  12797  12801 
84  815574  12801  12803 
85  837906  12803  12804 
86  860531  12804  12806 
103  1299889  12806  12807 
105  1358684  12807  12811 
106  1388726  12811  12814 
117  1744972  12814  12815 
150  3070823  12815  12816 
153  3208997  12816  12819 
154  3256003  12819  12831 
155  3303130  12831  12837 
156  3350492  12837  12841 
45  203657  12841  12842 
42  175877  12842  12843 
94  1053865  12843  12844 
69  522051  12844  12845 
36  127222  12845  12846 
71  556838  12846  12847 
76  649820  12847  12848 
84  815653  12848  12849 
35  119964  12849  12850 
41  167197  12850  12851 
65  456179  12851  12852 
80  729949  12852  12853 
82  772178  12853  12854 
90  954311  12854  12855 
42  175912  12855  12856 
61  395604  12856  12857 
71  556921  12857  12858 
88  906774  12858  12859 
94  1054070  12859  12860 
96  1106223  12860  12861 
97  1132856  12861  12862 
99  1187190  12862  12863 
102  1271362  12863  12864 
27  69620  12864  12865 
38  142526  12865  12866 
40  158762  12866  12867 
42  175971  12867  12868 
45  203769  12868  12869 
47  223721  12869  12870 
48  234020  12870  12871 
54  302250  12871  12872 
57  340424  12872  12873 
14  19884  12873  12874 
76  649989  12874  12875 
108  1450496  12875  12876 
42  176019  12876  12877 
61  395743  12877  12878 
65  456401  12878  12879 
66  472388  12879  12880 
51  266984  12880  12881 
121  1887717  12881  12882 
123  1960705  12882  12883 
127  2111252  12883  12884 
141  2676147  12884  12885 
142  2718664  12885  12886 
143  2761761  12886  12887 
145  2848702  12887  12888 
146  2892632  12888  12889 
127  2111410  12889  12890 
134  2386438  12890  12891 
161  3595684  12891  12892 
178  4475016  12892  12893 
98  1160589  12893  12894 
57  340678  12894  12895 
62  410633  12895  12896 
72  575325  12896  12897 
83  794410  12897  12898 
87  884208  12898  12899 
10  11723  12899  12900 
11  13542  12900  12901 
23  50104  12901  12902 
31  93245  12902  12903 
34  113075  12903  12904 
35  120147  12904  12905 
36  127415  12905  12906 
37  134944  12906  12907 
39  150650  12907  12908 
40  158914  12908  12909 
52  278616  12909  12910 
55  314892  12910  12911 
56  327649  12911  12914 
57  340693  12914  12916 
58  353964  12916  12917 
59  367713  12917  12918 
60  381682  12918  12919 
63  425716  12919  12920 
64  440993  12920  12921 
66  472645  12921  12923 
67  488979  12923  12924 
69  522606  12924  12925 
90  955156  12925  12927 
91  979536  12927  12928 
92  1004271  12928  12930 
93  1029268  12930  12932 
94  1054887  12932  12933 
95  1080852  12933  12934 
96  1107068  12934  12935 
97  1133718  12935  12937 
98  1160701  12937  12939 
99  1188082  12939  12940 
100  1215826  12940  12945 
101  1243854  12945  12948 
102  1272295  12948  12949 
103  1301104  12949  12952 
104  1330349  12952  12953 
105  1359943  12953  12955 
107  1420490  12955  12956 
108  1451369  12956  12962 
116  1712095  12962  12966 
123  1961245  12966  12969 
140  2634471  12969  12970 
141  2676830  12970  12972 
142  2719354  12972  12974 
143  2762464  12974  12980 
144  2805647  12980  12984 
145  2849416  12984  12987 
146  2893350  12987  12990 
147  2937778  12990  12998 
183  4747459  12998  13001 
201  5763089  13001  13004 
202  5820757  13004  13007 
203  5878493  13007  13014 
205  5994959  13014  13020 
207  6111439  13020  13023 
208  6169670  13023  13033 
227  7289262  13033  13037 
21  41890  13037  13038 
45  203960  13038  13039 
50  255850  13039  13040 
84  816417  13040  13041 
28  75227  13041  13042 
32  99641  13042  13043 
68  505614  13043  13044 
72  575380  13044  13045 
77  669971  13045  13046 
78  689864  13046  13047 
79  710110  13047  13048 
87  884282  13048  13049 
91  979575  13049  13050 
94  1054928  13050  13051 
95  1080894  13051  13052 
80  730682  13052  13053 
81  751597  13053  13054 
84  816467  13054  13055 
87  884322  13055  13056 
88  907553  13056  13057 
89  931099  13057  13058 
90  955233  13058  13059 
91  979615  13059  13060 
92  1004350  13060  13061 
93  1029347  13061  13062 
94  1054966  13062  13063 
96  1107151  13063  13064 
97  1133803  13064  13065 
98  1160787  13065  13066 
99  1188169  13066  13067 
100  1215915  13067  13068 
102  1272387  13068  13069 
103  1301195  13069  13070 
105  1360038  13070  13072 
106  1390098  13072  13073 
108  1451472  13073  13074 
111  1546369  13074  13075 
112  1578636  13075  13076 
113  1611428  13076  13078 
114  1644629  13078  13079 
118  1781567  13079  13080 
76  650518  13080  13081 
201  5763096  13081  13082 
202  5820758  13082  13083 
35  120195  13083  13084 
5  4799  13084  13085 
7  7177  13085  13086 
8  8544  13086  13088 
10  11739  13088  13089 
11  13558  13089  13090 
12  15503  13090  13091 
13  17629  13091  13092 
14  19946  13092  13093 
15  22414  13093  13094 
16  25118  13094  13095 
17  28055  13095  13096 
18  31217  13096  13097 
19  34568  13097  13098 
20  38160  13098  13099 
22  45906  13099  13100 
23  50141  13100  13102 
24  54656  13102  13106 
25  59484  13106  13107 
26  64467  13107  13109 
27  69756  13109  13110 
28  75253  13110  13112 
29  81002  13112  13116 
30  87029  13116  13118 
31  93294  13118  13119 
32  99672  13119  13121 
33  106303  13121  13127 
34  113124  13127  13130 
35  120199  13130  13138 
36  127468  13138  13139 
37  134997  13139  13142 
38  142726  13142  13146 
39  150707  13146  13153 
40  158973  13153  13171 
56  327741  13171  13180 
57  340785  13180  13184 
58  354058  13184  13188 
59  367810  13188  13192 
60  381782  13192  13195 
61  396069  13195  13203 
62  410762  13203  13206 
63  425829  13206  13228 
64  441107  13228  13232 
65  456771  13232  13240 
66  472768  13240  13243 
67  489104  13243  13247 
68  505713  13247  13249 
69  522738  13249  13255 
70  539998  13255  13257 
71  557525  13257  13263 
72  575487  13263  13278 
73  593737  13278  13288 
96  1107278  13288  13296 
100  1216041  13296  13310 
101  1244072  13310  13336 
102  1272515  13336  13345 
103  1301322  13345  13354 
105  1360163  13354  13366 
15  22415  13366  13367 
16  25119  13367  13368 
43  185217  13368  13369 
53  290449  13369  13370 
24  54682  13370  13371 
25  59509  13371  13372 
29  81028  13372  13373 
33  106324  13373  13374 
56  327771  13374  13375 
57  340813  13375  13376 
58  354086  13376  13377 
61  396096  13377  13378 
68  505740  13378  13379 
72  575512  13379  13380 
71  557556  13380  13381 
51  267255  13381  13382 
47  224083  13382  13383 
10  11767  13383  13384 
14  19982  13384  13385 
15  22452  13385  13386 
16  25158  13386  13387 
17  28096  13387  13388 
20  38206  13388  13389 
21  41969  13389  13390 
22  45957  13390  13391 
23  50191  13391  13392 
24  54707  13392  13393 
25  59536  13393  13394 
26  64522  13394  13395 
28  75313  13395  13396 
29  81064  13396  13397 
30  87092  13397  13398 
32  99737  13398  13399 
33  106370  13399  13400 
34  113190  13400  13401 
37  135069  13401  13402 
43  185301  13402  13403 
44  194579  13403  13404 
47  224103  13404  13405 
48  234408  13405  13406 
49  245053  13406  13407 
51  267286  13407  13408 
52  278815  13408  13410 
53  290572  13410  13411 
55  315114  13411  13412 
56  327880  13412  13414 
57  340921  13414  13416 
58  354195  13416  13417 
82  773240  13417  13424 
83  794810  13424  13425 
120  1852743  13425  13427 
121  1888802  13427  13430 
123  1961810  13430  13431 
124  1999053  13431  13434 
11  13593  13434  13435 
12  15541  13435  13436 
19  34614  13436  13437 
25  59540  13437  13438 
38  142802  13438  13439 
39  150786  13439  13440 
40  159055  13440  13441 
42  176291  13441  13442 
45  204123  13442  13443 
82  773271  13443  13444 
63  426062  13444  13445 
99  1188736  13445  13446 
102  1272977  13446  13447 
108  1452096  13447  13448 
109  1483386  13448  13449 
111  1547008  13449  13450 
112  1579289  13450  13451 
114  1645293  13451  13452 
117  1747345  13452  13453 
35  120314  13453  13454 
58  354274  13454  13455 
66  473033  13455  13456 
71  557814  13456  13457 
39  150843  13457  13458 
54  302805  13458  13459 
58  354296  13459  13460 
59  368053  13460  13461 
60  382031  13461  13462 
61  396320  13462  13463 
65  457056  13463  13464 
69  523041  13464  13465 
71  557837  13465  13466 
72  575812  13466  13467 
73  594073  13467  13468 
74  612720  13468  13469 
110  1515184  13469  13470 
114  1645349  13470  13471 
115  1679044  13471  13472 
50  256149  13472  13473 
68  506032  13473  13474 
72  575835  13474  13475 
83  795013  13475  13476 
88  908102  13476  13477 
91  980184  13477  13478 
93  1029946  13478  13479 
95  1081545  13479  13480 
98  1161421  13480  13481 
114  1645383  13481  13482 
115  1679076  13482  13483 
13  17699  13483  13484 
16  25198  13484  13485 
19  34662  13485  13486 
33  106457  13486  13487 
36  127632  13487  13488 
38  142898  13488  13489 
39  150883  13489  13490 
40  159151  13490  13491 
42  176394  13491  13492 
15  22491  13492  13493 
23  50257  13493  13494 
43  185420  13494  13495 
44  194700  13495  13496 
45  204244  13496  13497 
60  382095  13497  13498 
61  396383  13498  13499 
62  411083  13499  13500 
40  159167  13500  13501 
43  185429  13501  13502 
45  204253  13502  13503 
50  256194  13503  13504 
53  290734  13504  13505 
54  302872  13505  13506 
56  328053  13506  13507 
57  341101  13507  13508 
58  354377  13508  13509 
70  540395  13509  13510 
72  575909  13510  13511 
73  594174  13511  13512 
74  612824  13512  13513 
75  631767  13513  13514 
76  651048  13514  13515 
77  670557  13515  13517 
78  690462  13517  13519 
79  710715  13519  13521 
80  731261  13521  13523 
81  752176  13523  13524 
82  773533  13524  13525 
84  817075  13525  13527 
85  839446  13527  13537 
86  862108  13537  13540 
111  1547229  13540  13544 
112  1579516  13544  13548 
113  1612314  13548  13551 
114  1645525  13551  13557 
115  1679218  13557  13562 
116  1713104  13562  13568 
117  1747581  13568  13573 
118  1782507  13573  13577 
119  1817575  13577  13581 
120  1853240  13581  13596 
121  1889304  13596  13603 
122  1925599  13603  13606 
125  2036994  13606  13612 
127  2112948  13612  13614 
53  290741  13614  13615 
68  506104  13615  13616 
70  540402  13616  13617 
73  594178  13617  13618 
15  22505  13618  13619 
22  46036  13619  13620 
30  87204  13620  13621 
43  185447  13621  13622 
44  194726  13622  13623 
46  214138  13623  13624 
49  245216  13624  13625 
50  256212  13625  13626 
74  612836  13626  13627 
75  631779  13627  13628 
77  670563  13628  13629 
80  731265  13629  13630 
30  87209  13630  13631 
61  396429  13631  13632 
83  795135  13632  13633 
96  1107897  13633  13634 
103  1302000  13634  13635 
105  1360860  13635  13636 
63  426202  13636  13637 
36  127675  13637  13638 
35  120406  13638  13639 
43  185463  13639  13640 
44  194743  13640  13641 
45  204287  13641  13642 
49  245235  13642  13643 
51  267484  13643  13644 
52  279013  13644  13645 
53  290772  13645  13646 
54  302911  13646  13647 
56  328092  13647  13648 
57  341142  13648  13649 
58  354418  13649  13650 
59  368177  13650  13651 
66  473192  13651  13652 
51  267492  13652  13653 
116  1713406  13653  13654 
121  1889682  13654  13655 
97  1134846  13655  13656 
55  315475  13656  13657 
33  106582  13657  13658 
34  113409  13658  13659 
35  120489  13659  13661 
36  127766  13661  13662 
37  135299  13662  13663 
38  143036  13663  13666 
39  151022  13666  13670 
40  159289  13670  13675 
41  167817  13675  13677 
42  176552  13677  13681 
43  185575  13681  13684 
44  194859  13684  13685 
45  204407  13685  13688 
46  214280  13688  13694 
47  224402  13694  13698 
48  234717  13698  13703 
49  245374  13703  13708 
50  256379  13708  13715 
52  279173  13715  13717 
53  290935  13717  13726 
54  303080  13726  13728 
55  315495  13728  13733 
58  354615  13733  13736 
59  368379  13736  13740 
60  382359  13740  13747 
61  396655  13747  13749 
63  426441  13749  13753 
64  441729  13753  13763 
65  457420  13763  13767 
66  473429  13767  13773 
67  489779  13773  13780 
68  506395  13780  13812 
70  540713  13812  13818 
71  558257  13818  13824 
74  613171  13824  13829 
76  651405  13829  13832 
77  670918  13832  13837 
78  690838  13837  13842 
79  711104  13842  13848 
84  817490  13848  13859 
85  839865  13859  13890 
185  4860140  13890  13907 
218  6760235  13907  13932 
219  6819141  13932  13945 
34  113410  13945  13946 
2  2016  13946  13947 
3  2923  13947  13948 
4  3854  13948  13949 
5  4858  13949  13951 
6  6001  13951  13952 
7  7248  13952  13953 
8  8627  13953  13954 
9  10157  13954  13956 
10  11831  13956  13957 
11  13665  13957  13958 
14  20074  13958  13959 
15  22551  13959  13960 
17  28208  13960  13961 
18  31387  13961  13962 
19  34743  13962  13963 
20  38344  13963  13964 
22  46106  13964  13965 
24  54869  13965  13966 
25  59708  13966  13967 
26  64700  13967  13968 
27  69999  13968  13969 
28  75504  13969  13970 
32  99951  13970  13972 
34  113419  13972  13973 
35  120498  13973  13974 
12  15624  13974  13975 
15  22555  13975  13976 
16  25269  13976  13977 
17  28213  13977  13978 
19  34749  13978  13979 
20  38350  13979  13980 
22  46112  13980  13981 
25  59718  13981  13982 
26  64712  13982  13983 
27  70011  13983  13984 
28  75518  13984  13985 
29  81277  13985  13986 
30  87310  13986  13989 
31  93585  13989  13990 
32  99966  13990  13992 
33  106608  13992  13994 
34  113434  13994  13996 
35  120513  13996  13998 
36  127786  13998  13999 
37  135315  13999  14000 
38  143052  14000  14001 
15  22576  14001  14002 
17  28232  14002  14003 
29  81293  14003  14004 
30  87327  14004  14005 
31  93599  14005  14006 
32  99979  14006  14007 
33  106622  14007  14008 
34  113449  14008  14009 
35  120529  14009  14010 
36  127804  14010  14012 
37  135334  14012  14014 
38  143074  14014  14015 
39  151061  14015  14016 
40  159326  14016  14017 
41  167855  14017  14018 
45  204447  14018  14019 
46  214319  14019  14020 
32  99999  14020  14021 
36  127821  14021  14022 
45  204462  14022  14023 
51  267686  14023  14024 
53  290980  14024  14025 
23  50407  14025  14026 
31  93643  14026  14027 
52  279237  14027  14028 
57  341389  14028  14029 
58  354677  14029  14030 
60  382418  14030  14031 
65  457483  14031  14032 
69  523512  14032  14033 
70  540775  14033  14034 
72  576295  14034  14035 
73  594567  14035  14036 
74  613228  14036  14039 
75  632174  14039  14040 
76  651464  14040  14041 
79  711160  14041  14042 
98  1162082  14042  14043 
51  267714  14043  14044 
42  176650  14044  14045 
45  204510  14045  14046 
55  315588  14046  14047 
25  59807  14047  14048 
60  382453  14048  14049 
72  576330  14049  14050 
77  671018  14050  14051 
78  690937  14051  14052 
79  711202  14052  14053 
83  795618  14053  14054 
102  1273963  14054  14055 
109  1484477  14055  14056 
26  64831  14056  14057 
30  87434  14057  14058 
32  100084  14058  14059 
35  120634  14059  14060 
39  151174  14060  14061 
53  291114  14061  14062 
57  341511  14062  14063 
58  354803  14063  14064 
64  441941  14064  14065 
67  489999  14065  14066 
68  506620  14066  14067 
69  523673  14067  14068 
70  540941  14068  14069 
135  2429802  14069  14070 
136  2470610  14070  14071 
137  2511695  14071  14072 
138  2553141  14072  14073 
139  2594940  14073  14074 
140  2636986  14074  14075 
141  2679356  14075  14076 
142  2721898  14076  14077 
143  2765035  14077  14079 
144  2808239  14079  14081 
145  2852024  14081  14084 
146  2895976  14084  14086 
147  2940420  14086  14087 
148  2985188  14087  14090 
149  3030482  14090  14091 
156  3355956  14091  14092 
59  368616  14092  14093 
3  2956  14093  14094 
5  4894  14094  14095 
6  6042  14095  14096 
7  7298  14096  14098 
8  8680  14098  14101 
9  10212  14101  14102 
10  11896  14102  14104 
11  13736  14104  14106 
12  15695  14106  14109 
13  17832  14109  14110 
14  20159  14110  14114 
16  25370  14114  14115 
17  28320  14115  14117 
18  31505  14117  14120 
19  34865  14120  14121 
20  38472  14121  14125 
33  106765  14125  14129 
34  113594  14129  14131 
35  120674  14131  14134 
36  127951  14134  14140 
37  135482  14140  14146 
38  143227  14146  14150 
39  151218  14150  14155 
40  159483  14155  14156 
41  168015  14156  14159 
42  176753  14159  14160 
43  185778  14160  14161 
44  195064  14161  14168 
45  204622  14168  14169 
46  214500  14169  14170 
47  224625  14170  14172 
48  234941  14172  14177 
49  245601  14177  14184 
5  4895  14184  14185 
25  59861  14185  14186 
38  143258  14186  14187 
67  490126  14187  14188 
142  2722205  14188  14189 
143  2765345  14189  14190 
144  2808549  14190  14191 
15  22661  14191  14192 
24  55049  14192  14193 
30  87509  14193  14194 
95  1082804  14194  14195 
86  863136  14195  14196 
