1.267
-1.000
1.471
2.217
2.742
-1.000
-1.000
1.411
2.286
3.196
2.154
-1.000
-1.000
-1.000
-1.000
3.624
-1.000
-1.000
2.892
-1.000
-1.000
-1.000
1.855
-1.000
-1.000
-1.000
2.027
-1.000
-1.000
3.368
2.547
-1.000
-1.000
-1.000
-1.000
3.418
-1.000
-1.000
-1.000
-1.000
1.997
3.569
3.701
1.982
-1.000
-1.000
1.866
-1.000
-1.000
-1.000
-1.000
-1.000
-1.000
-1.000
-1.000
-1.000
-1.000
-1.000
-1.000
2.654
-1.000
-1.000
-1.000
-1.000
-1.000
-1.000
-1.000
-1.000
-1.000
-1.000
-1.000
-1.000
-1.000
-1.000
-1.000
-1.000
-1.000
-1.000
2.154
2.752
-1.000
-1.000
-1.000
-1.000
-1.000
-1.000
-1.000
-1.000
-1.000
-1.000
-1.000
-1.000
-1.000
2.863
2.848
3.289
-1.000
-1.000
-1.000
-1.000
-1.000
-1.000
-1.000
-1.000
-1.000
-1.000
-1.000
-1.000
-1.000
-1.000
-1.000
-1.000
-1.000
-1.000
-1.000
-1.000
-1.000
-1.000
-1.000
3.046
-1.000
3.147
-1.000
3.238
2.643
-1.000
3.434
2.862
2.787
4.340
-1.000
-1.000
-1.000
2.490
4.219
2.375
3.192
2.452
-1.000
3.338
-1.000
-1.000
4.081
4.164
3.512
3.296
-1.000
-1.000
-1.000
3.070
2.855
3.527
2.663
2.970
2.999
4.389
-1.000
2.974
3.667
3.120
-1.000
-1.000
3.801
-1.000
3.345
3.811
3.931
3.654
4.191
-1.000
3.048
-1.000
-1.000
3.108
3.247
4.095
-1.000
3.580
-1.000
-1.000
-1.000
3.169
-1.000
3.067
-1.000
-1.000
-1.000
-1.000
-1.000
-1.000
2.865
-1.000
-1.000
4.148
-1.000
-1.000
2.949
3.187
-1.000
3.576
-1.000
-1.000
-1.000
3.702
-1.000
-1.000
-1.000
-1.000
-1.000
4.095
-1.000
-1.000
-1.000
-1.000
-1.000
3.584
-1.000
-1.000
-1.000
-1.000
3.117
-1.000
-1.000
-1.000
4.100
-1.000
4.097
-1.000
2.777
3.452
-1.000
3.332
-1.000
-1.000
3.086
-1.000
4.243
3.041
3.339
2.787
-1.000
3.883
-1.000
3.261
3.957
4.093
4.248
-1.000
-1.000
4.359
-1.000
2.966
3.504
-1.000
3.869
-1.000
3.035
-1.000
3.387
3.454
3.672
3.823
-1.000
-1.000
-1.000
3.525
-1.000
3.967
-1.000
-1.000
-1.000
-1.000
3.531
-1.000
3.362
3.233
-1.000
-1.000
2.831
3.818
-1.000
2.890
4.345
3.889
3.395
3.375
3.599
3.713
-1.000
-1.000
-1.000
3.868
4.323
3.732
-1.000
-1.000
3.086
3.626
3.303
-1.000
-1.000
-1.000
-1.000
-1.000
-1.000
2.931
4.289
-1.000
3.719
3.438
-1.000
-1.000
3.319
3.741
3.428
-1.000
3.339
-1.000
3.642
3.865
-1.000
-1.000
3.582
3.970
3.896
-1.000
-1.000
3.546
3.602
3.893
-1.000
4.068
-1.000
-1.000
3.379
3.814
4.324
3.587
3.671
-1.000
-1.000
-1.000
-1.000
3.575
3.678
-1.000
-1.000
3.267
-1.000
-1.000
3.447
-1.000
-1.000
3.761
3.210
4.229
3.722
3.516
-1.000
3.273
3.432
3.949
-1.000
3.325
3.803
3.694
3.961
-1.000
-1.000
3.083
-1.000
-1.000
2.725
-1.000
-1.000
3.635
-1.000
3.828
3.383
2.840
-1.000
3.811
3.090
-1.000
4.127
3.438
-1.000
-1.000
-1.000
-1.000
3.505
-1.000
3.903
3.806
-1.000
3.075
-1.000
4.183
-1.000
-1.000
3.580
-1.000
3.517
-1.000
-1.000
3.568
3.758
-1.000
-1.000
4.269
-1.000
-1.000
4.355
4.192
3.648
4.275
-1.000
4.121
3.932
-1.000
-1.000
-1.000
4.213
-1.000
3.449
-1.000
-1.000
3.492
-1.000
-1.000
-1.000
-1.000
-1.000
-1.000
2.952
3.121
3.616
3.640
-1.000
-1.000
-1.000
2.907
3.361
3.451
2.553
3.304
3.747
3.972
2.588
-1.000
-1.000
2.728
3.689
-1.000
3.087
2.646
3.638
-1.000
3.862
4.321
-1.000
3.184
3.783
-1.000
3.000
2.487
-1.000
-1.000
-1.000
3.181
2.906
3.759
-1.000
-1.000
-1.000
3.544
3.869
3.722
3.843
3.972
2.706
-1.000
3.480
-1.000
3.949
4.338
2.798
-1.000
-1.000
-1.000
-1.000
3.888
3.053
3.478
3.452
-1.000
-1.000
2.825
4.220
2.795
3.224
-1.000
3.666
4.090
3.432
-1.000
-1.000
-1.000
2.775
-1.000
2.820
-1.000
-1.000
-1.000
2.723
3.732
3.592
-1.000
-1.000
-1.000
-1.000
-1.000
-1.000
-1.000
-1.000
-1.000
-1.000
-1.000
-1.000
-1.000
-1.000
-1.000
-1.000
-1.000
-1.000
-1.000
-1.000
-1.000
-1.000
-1.000
-1.000
-1.000
-1.000
-1.000
-1.000
-1.000
-1.000
-1.000
-1.000
-1.000
-1.000
-1.000
-1.000
-1.000
-1.000
-1.000
-1.000
-1.000
-1.000
-1.000
-1.000
-1.000
-1.000
-1.000
-1.000
-1.000
-1.000
-1.000
-1.000
-1.000
-1.000
-1.000
-1.000
-1.000
-1.000
-1.000
-1.000
-1.000
-1.000
-1.000
-1.000
-1.000
-1.000
-1.000
-1.000
-1.000
-1.000
-1.000
-1.000
-1.000
-1.000
-1.000
-1.000
-1.000
-1.000
-1.000
-1.000
-1.000
-1.000
-1.000
-1.000
-1.000
-1.000
-1.000
-1.000
-1.000
-1.000
-1.000
-1.000
2.838
-1.000
-1.000
2.907
4.194
3.552
3.842
3.238
-1.000
3.142
4.107
-1.000
-1.000
-1.000
3.883
-1.000
3.369
3.591
-1.000
4.001
2.855
4.190
3.747
3.064
3.365
-1.000
-1.000
-1.000
-1.000
-1.000
-1.000
-1.000
-1.000
-1.000
-1.000
-1.000
-1.000
-1.000
-1.000
-1.000
-1.000
-1.000
-1.000
-1.000
-1.000
-1.000
-1.000
-1.000
-1.000
-1.000
-1.000
-1.000
-1.000
-1.000
-1.000
-1.000
-1.000
-1.000
-1.000
-1.000
-1.000
-1.000
-1.000
-1.000
-1.000
-1.000
-1.000
-1.000
-1.000
-1.000
-1.000
-1.000
-1.000
-1.000
-1.000
-1.000
-1.000
-1.000
2.803
-1.000
-1.000
4.048
-1.000
-1.000
-1.000
-1.000
-1.000
-1.000
-1.000
-1.000
-1.000
-1.000
-1.000
-1.000
-1.000
-1.000
-1.000
-1.000
-1.000
-1.000
-1.000
-1.000
-1.000
-1.000
-1.000
-1.000
-1.000
-1.000
-1.000
-1.000
-1.000
-1.000
-1.000
-1.000
-1.000
-1.000
-1.000
-1.000
-1.000
-1.000
-1.000
-1.000
-1.000
-1.000
-1.000
-1.000
-1.000
-1.000
-1.000
-1.000
-1.000
-1.000
-1.000
-1.000
-1.000
-1.000
-1.000
-1.000
-1.000
-1.000
-1.000
-1.000
-1.000
-1.000
-1.000
-1.000
-1.000
-1.000
-1.000
-1.000
-1.000
-1.000
-1.000
-1.000
-1.000
-1.000
-1.000
-1.000
-1.000
-1.000
-1.000
-1.000
-1.000
-1.000
-1.000
-1.000
-1.000
-1.000
-1.000
-1.000
-1.000
-1.000
-1.000
-1.000
-1.000
-1.000
-1.000
-1.000
-1.000
-1.000
-1.000
-1.000
-1.000
-1.000
-1.000
-1.000
-1.000
-1.000
-1.000
-1.000
-1.000
-1.000
-1.000
-1.000
-1.000
-1.000
-1.000
-1.000
-1.000
-1.000
-1.000
-1.000
-1.000
-1.000
-1.000
-1.000
-1.000
-1.000
-1.000
-1.000
-1.000
-1.000
-1.000
-1.000
-1.000
-1.000
-1.000
-1.000
-1.000
-1.000
-1.000
-1.000
-1.000
-1.000
-1.000
-1.000
-1.000
-1.000
-1.000
-1.000
-1.000
-1.000
-1.000
-1.000
-1.000
-1.000
-1.000
-1.000
-1.000
-1.000
-1.000
-1.000
-1.000
-1.000
-1.000
-1.000
-1.000
-1.000
-1.000
-1.000
-1.000
-1.000
-1.000
-1.000
-1.000
-1.000
-1.000
-1.000
-1.000
-1.000
-1.000
-1.000
-1.000
-1.000
-1.000
-1.000
-1.000
-1.000
-1.000
-1.000
-1.000
-1.000
-1.000
-1.000
-1.000
-1.000
-1.000
-1.000
-1.000
-1.000
-1.000
-1.000
-1.000
-1.000
-1.000
-1.000
-1.000
-1.000
-1.000
-1.000
-1.000
-1.000
-1.000
-1.000
-1.000
-1.000
-1.000
-1.000
-1.000
-1.000
-1.000
-1.000
-1.000
-1.000
-1.000
-1.000
-1.000
-1.000
-1.000
-1.000
-1.000
-1.000
-1.000
-1.000
-1.000
-1.000
-1.000
-1.000
-1.000
-1.000
-1.000
-1.000
-1.000
-1.000
-1.000
-1.000
-1.000
-1.000
-1.000
-1.000
-1.000
-1.000
-1.000
-1.000
-1.000
-1.000
-1.000
-1.000
-1.000
-1.000
-1.000
-1.000
-1.000
-1.000
-1.000
-1.000
-1.000
-1.000
-1.000
-1.000
-1.000
-1.000
-1.000
-1.000
-1.000
-1.000
-1.000
-1.000
-1.000
-1.000
-1.000
-1.000
-1.000
-1.000
-1.000
-1.000
-1.000
-1.000
-1.000
-1.000
-1.000
-1.000
-1.000
-1.000
-1.000
-1.000
-1.000
-1.000
-1.000
-1.000
-1.000
-1.000
-1.000
-1.000
-1.000
-1.000
-1.000
-1.000
-1.000
-1.000
-1.000
-1.000
-1.000
-1.000
-1.000
-1.000
-1.000
-1.000
-1.000
-1.000
-1.000
-1.000
-1.000
-1.000
-1.000
-1.000
-1.000
-1.000
-1.000
-1.000
-1.000
-1.000
-1.000
-1.000
-1.000
-1.000
-1.000
-1.000
-1.000
-1.000
-1.000
-1.000
-1.000
-1.000
-1.000
-1.000
-1.000
-1.000
-1.000
-1.000
-1.000
-1.000
-1.000
-1.000
-1.000
-1.000
-1.000
-1.000
-1.000
-1.000
-1.000
-1.000
-1.000
-1.000
-1.000
-1.000
-1.000
-1.000
-1.000
-1.000
-1.000
-1.000
-1.000
-1.000
-1.000
-1.000
-1.000
-1.000
-1.000
-1.000
-1.000
-1.000
-1.000
-1.000
-1.000
-1.000
-1.000
-1.000
-1.000
-1.000
-1.000
-1.000
-1.000
-1.000
-1.000
-1.000
-1.000
-1.000
-1.000
-1.000
-1.000
-1.000
-1.000
-1.000
-1.000
-1.000
-1.000
-1.000
-1.000
-1.000
-1.000
-1.000
-1.000
-1.000
-1.000
-1.000
-1.000
-1.000
-1.000
-1.000
-1.000
-1.000
-1.000
-1.000
-1.000
-1.000
-1.000
-1.000
-1.000
-1.000
-1.000
-1.000
-1.000
-1.000
-1.000
-1.000
-1.000
-1.000
-1.000
-1.000
-1.000
-1.000
-1.000
-1.000
-1.000
-1.000
-1.000
-1.000
-1.000
-1.000
-1.000
-1.000
-1.000
-1.000
-1.000
-1.000
-1.000
-1.000
-1.000
-1.000
-1.000
-1.000
-1.000
-1.000
-1.000
-1.000
-1.000
-1.000
-1.000
-1.000
3.252
-1.000
3.649
3.146
4.092
-1.000
3.292
3.416
3.811
4.161
4.004
4.081
-1.000
3.925
3.630
3.666
3.867
4.035
-1.000
-1.000
3.320
-1.000
3.062
2.898
-1.000
3.085
3.548
3.629
3.588
-1.000
4.006
3.716
3.129
-1.000
4.197
3.359
-1.000
-1.000
3.504
4.169
-1.000
3.655
3.471
2.889
2.890
3.614
-1.000
-1.000
3.440
-1.000
4.188
-1.000
-1.000
-1.000
-1.000
3.087
3.604
-1.000
4.334
3.455
3.094
-1.000
-1.000
-1.000
-1.000
4.284
3.952
3.585
4.270
3.479
3.854
-1.000
3.216
4.325
3.418
3.533
-1.000
-1.000
3.442
3.767
-1.000
3.956
4.120
3.665
3.648
3.837
-1.000
3.872
-1.000
3.221
-1.000
-1.000
-1.000
-1.000
2.908
3.998
3.709
3.151
3.647
-1.000
3.337
-1.000
4.300
-1.000
-1.000
3.535
3.558
-1.000
-1.000
3.778
3.437
-1.000
3.366
4.252
-1.000
-1.000
-1.000
3.920
3.961
3.134
4.125
3.920
3.603
3.872
3.079
-1.000
-1.000
-1.000
-1.000
-1.000
-1.000
-1.000
-1.000
-1.000
-1.000
-1.000
-1.000
-1.000
-1.000
-1.000
-1.000
-1.000
-1.000
-1.000
-1.000
-1.000
-1.000
-1.000
-1.000
-1.000
-1.000
-1.000
-1.000
-1.000
-1.000
-1.000
-1.000
-1.000
-1.000
-1.000
-1.000
-1.000
-1.000
-1.000
-1.000
-1.000
-1.000
-1.000
-1.000
-1.000
-1.000
-1.000
-1.000
-1.000
-1.000
-1.000
-1.000
-1.000
-1.000
-1.000
-1.000
-1.000
-1.000
-1.000
-1.000
-1.000
-1.000
-1.000
-1.000
-1.000
-1.000
-1.000
-1.000
-1.000
-1.000
-1.000
-1.000
-1.000
-1.000
-1.000
-1.000
-1.000
-1.000
-1.000
-1.000
-1.000
-1.000
-1.000
-1.000
-1.000
-1.000
-1.000
-1.000
-1.000
-1.000
-1.000
-1.000
-1.000
-1.000
-1.000
-1.000
-1.000
-1.000
-1.000
-1.000
-1.000
-1.000
-1.000
-1.000
-1.000
-1.000
-1.000
-1.000
-1.000
-1.000
-1.000
-1.000
-1.000
-1.000
-1.000
-1.000
-1.000
-1.000
-1.000
-1.000
-1.000
-1.000
-1.000
-1.000
-1.000
-1.000
-1.000
-1.000
-1.000
-1.000
-1.000
-1.000
-1.000
-1.000
-1.000
-1.000
-1.000
-1.000
-1.000
-1.000
-1.000
-1.000
-1.000
-1.000
-1.000
-1.000
-1.000
-1.000
-1.000
-1.000
-1.000
-1.000
-1.000
-1.000
-1.000
-1.000
-1.000
-1.000
-1.000
-1.000
-1.000
-1.000
-1.000
-1.000
-1.000
-1.000
-1.000
-1.000
-1.000
-1.000
-1.000
-1.000
-1.000
-1.000
-1.000
-1.000
-1.000
-1.000
-1.000
-1.000
-1.000
-1.000
-1.000
-1.000
-1.000
-1.000
-1.000
-1.000
-1.000
-1.000
-1.000
-1.000
-1.000
-1.000
-1.000
-1.000
-1.000
-1.000
-1.000
-1.000
-1.000
-1.000
-1.000
-1.000
-1.000
-1.000
-1.000
-1.000
-1.000
-1.000
-1.000
-1.000
-1.000
-1.000
-1.000
-1.000
-1.000
-1.000
-1.000
-1.000
-1.000
-1.000
3.824
4.265
3.393
3.806
-1.000
3.704
4.235
4.257
4.005
-1.000
4.316
3.988
-1.000
3.317
-1.000
4.021
4.251
-1.000
-1.000
3.720
3.148
-1.000
4.029
-1.000
-1.000
-1.000
4.344
-1.000
3.881
4.243
4.079
-1.000
-1.000
-1.000
-1.000
3.268
4.366
3.838
3.520
3.917
-1.000
-1.000
-1.000
-1.000
3.660
3.133
3.543
-1.000
-1.000
3.836
-1.000
3.922
-1.000
-1.000
-1.000
-1.000
-1.000
3.291
-1.000
-1.000
-1.000
-1.000
3.477
3.702
4.164
3.803
4.021
-1.000
-1.000
-1.000
4.047
3.599
-1.000
-1.000
3.607
4.274
-1.000
-1.000
-1.000
-1.000
-1.000
-1.000
-1.000
-1.000
3.530
4.289
-1.000
-1.000
-1.000
-1.000
4.236
4.186
-1.000
-1.000
-1.000
3.970
-1.000
4.232
-1.000
3.869
4.036
3.646
-1.000
3.795
3.360
-1.000
3.828
-1.000
4.071
3.467
-1.000
-1.000
4.261
-1.000
3.181
3.926
4.007
-1.000
-1.000
-1.000
-1.000
3.797
-1.000
-1.000
-1.000
3.584
-1.000
3.939
3.846
-1.000
-1.000
3.581
-1.000
2.881
-1.000
-1.000
-1.000
-1.000
-1.000
-1.000
3.988
-1.000
-1.000
4.032
-1.000
3.559
-1.000
-1.000
3.975
4.135
4.217
-1.000
-1.000
-1.000
-1.000
-1.000
3.861
3.139
-1.000
3.852
3.298
4.231
-1.000
3.213
4.087
-1.000
-1.000
3.486
-1.000
-1.000
3.447
4.139
4.192
4.160
3.690
-1.000
4.105
-1.000
-1.000
3.761
-1.000
-1.000
-1.000
3.632
4.208
4.116
4.189
-1.000
-1.000
-1.000
-1.000
-1.000
-1.000
-1.000
-1.000
-1.000
-1.000
-1.000
3.762
-1.000
2.963
-1.000
3.595
3.745
3.419
3.355
-1.000
-1.000
-1.000
-1.000
-1.000
3.041
-1.000
3.312
-1.000
-1.000
-1.000
-1.000
-1.000
-1.000
-1.000
3.321
3.645
-1.000
4.023
3.232
-1.000
-1.000
3.135
3.941
-1.000
-1.000
4.139
-1.000
-1.000
-1.000
-1.000
-1.000
4.152
4.123
3.701
3.120
3.820
3.683
-1.000
3.139
-1.000
-1.000
-1.000
-1.000
3.711
3.740
3.580
-1.000
-1.000
3.513
3.508
-1.000
3.344
-1.000
4.278
-1.000
3.451
-1.000
-1.000
-1.000
3.679
3.466
4.208
3.564
3.918
4.294
4.182
3.953
-1.000
4.350
3.890
-1.000
-1.000
4.230
3.536
3.290
3.215
-1.000
3.129
3.500
3.510
4.387
-1.000
4.298
4.379
-1.000
-1.000
-1.000
3.199
-1.000
-1.000
-1.000
-1.000
3.501
-1.000
3.805
-1.000
4.364
-1.000
-1.000
-1.000
3.173
-1.000
-1.000
3.828
-1.000
-1.000
-1.000
-1.000
-1.000
-1.000
4.078
-1.000
-1.000
-1.000
4.249
-1.000
4.282
3.796
-1.000
-1.000
-1.000
-1.000
-1.000
3.737
-1.000
3.542
-1.000
3.561
4.131
-1.000
-1.000
3.739
-1.000
-1.000
-1.000
4.270
3.329
-1.000
4.300
-1.000
-1.000
-1.000
-1.000
-1.000
4.144
3.984
-1.000
3.628
-1.000
-1.000
-1.000
4.118
4.225
-1.000
3.744
-1.000
-1.000
-1.000
-1.000
4.209
-1.000
3.315
3.355
-1.000
-1.000
-1.000
4.026
-1.000
-1.000
3.727
-1.000
-1.000
-1.000
-1.000
3.853
4.146
-1.000
-1.000
4.341
4.356
3.862
3.957
-1.000
3.321
4.278
-1.000
4.291
3.111
-1.000
3.304
-1.000
4.110
3.288
4.241
-1.000
3.605
-1.000
3.968
-1.000
-1.000
-1.000
-1.000
-1.000
-1.000
-1.000
-1.000
-1.000
-1.000
4.043
4.392
3.296
-1.000
-1.000
-1.000
-1.000
-1.000
3.582
-1.000
4.207
-1.000
3.821
-1.000
-1.000
3.812
3.664
3.545
-1.000
4.156
-1.000
-1.000
3.822
-1.000
3.987
3.057
4.181
-1.000
-1.000
-1.000
4.284
-1.000
-1.000
-1.000
3.686
-1.000
3.586
-1.000
4.235
-1.000
-1.000
-1.000
-1.000
-1.000
-1.000
-1.000
3.428
4.155
-1.000
-1.000
3.422
4.227
4.017
-1.000
4.265
-1.000
-1.000
-1.000
-1.000
-1.000
3.841
4.141
-1.000
3.271
3.431
4.363
-1.000
3.073
4.181
-1.000
4.237
-1.000
-1.000
3.915
-1.000
-1.000
-1.000
-1.000
-1.000
-1.000
3.716
-1.000
4.036
3.866
-1.000
-1.000
-1.000
-1.000
-1.000
4.373
-1.000
3.866
-1.000
4.203
-1.000
3.859
-1.000
4.078
-1.000
4.189
4.144
-1.000
3.511
3.485
-1.000
3.148
-1.000
3.241
4.147
-1.000
-1.000
3.772
-1.000
-1.000
-1.000
-1.000
-1.000
-1.000
-1.000
-1.000
3.819
-1.000
3.692
-1.000
-1.000
-1.000
4.236
-1.000
-1.000
-1.000
3.143
-1.000
-1.000
3.435
-1.000
-1.000
3.332
-1.000
-1.000
3.336
3.650
-1.000
3.789
-1.000
-1.000
-1.000
4.133
3.583
4.196
3.281
3.969
4.283
4.151
3.341
-1.000
3.602
3.702
4.135
3.419
-1.000
3.557
3.769
3.935
-1.000
4.231
-1.000
3.346
-1.000
-1.000
4.140
3.254
-1.000
3.940
-1.000
-1.000
4.028
-1.000
-1.000
3.616
-1.000
4.000
-1.000
-1.000
-1.000
3.251
-1.000
-1.000
-1.000
3.172
-1.000
-1.000
-1.000
-1.000
-1.000
4.389
-1.000
-1.000
4.184
-1.000
4.112
3.192
4.172
4.154
3.756
3.795
-1.000
-1.000
-1.000
3.925
-1.000
3.877
-1.000
4.210
3.649
-1.000
-1.000
3.293
4.146
-1.000
4.070
4.087
3.996
-1.000
-1.000
3.838
-1.000
3.949
-1.000
-1.000
4.070
4.144
-1.000
-1.000
-1.000
3.544
-1.000
3.289
-1.000
-1.000
-1.000
-1.000
-1.000
4.079
3.931
3.786
-1.000
3.726
3.414
4.346
-1.000
3.824
3.978
-1.000
-1.000
-1.000
-1.000
-1.000
-1.000
3.589
-1.000
4.053
3.166
-1.000
-1.000
-1.000
3.745
-1.000
-1.000
3.550
3.387
-1.000
4.167
-1.000
4.257
3.998
-1.000
-1.000
-1.000
-1.000
-1.000
3.160
4.273
-1.000
4.060
4.225
3.568
-1.000
3.563
4.184
-1.000
4.120
3.606
-1.000
-1.000
-1.000
-1.000
-1.000
-1.000
-1.000
-1.000
4.132
3.980
3.742
-1.000
-1.000
3.762
3.843
-1.000
-1.000
-1.000
-1.000
-1.000
-1.000
2.939
3.595
-1.000
-1.000
3.888
-1.000
-1.000
-1.000
3.136
-1.000
-1.000
-1.000
-1.000
3.982
3.010
4.338
3.211
3.305
-1.000
4.098
-1.000
4.058
2.811
-1.000
4.311
-1.000
3.823
3.677
3.284
3.309
-1.000
-1.000
3.572
3.841
-1.000
-1.000
3.744
-1.000
4.314
3.945
3.469
-1.000
-1.000
-1.000
3.518
3.361
-1.000
3.819
3.375
-1.000
-1.000
3.332
-1.000
-1.000
3.707
3.718
4.009
-1.000
-1.000
4.258
4.123
3.182
-1.000
-1.000
-1.000
-1.000
-1.000
3.192
3.752
3.758
-1.000
3.956
-1.000
3.481
3.780
3.687
-1.000
-1.000
-1.000
-1.000
-1.000
4.191
-1.000
3.567
-1.000
-1.000
3.531
-1.000
-1.000
-1.000
3.757
-1.000
-1.000
-1.000
3.551
-1.000
-1.000
-1.000
3.895
-1.000
-1.000
-1.000
3.573
3.127
-1.000
3.550
-1.000
-1.000
-1.000
-1.000
-1.000
-1.000
-1.000
-1.000
3.178
-1.000
3.100
-1.000
-1.000
-1.000
-1.000
-1.000
-1.000
-1.000
4.127
-1.000
-1.000
3.667
-1.000
3.095
-1.000
3.734
3.955
-1.000
-1.000
-1.000
-1.000
4.114
-1.000
3.981
3.547
-1.000
-1.000
-1.000
-1.000
3.997
3.549
3.484
3.661
3.627
3.894
4.145
-1.000
-1.000
-1.000
-1.000
-1.000
-1.000
-1.000
-1.000
-1.000
-1.000
-1.000
-1.000
3.846
-1.000
-1.000
-1.000
4.146
4.169
-1.000
4.089
-1.000
-1.000
-1.000
-1.000
-1.000
4.230
-1.000
-1.000
-1.000
-1.000
-1.000
-1.000
-1.000
-1.000
4.392
-1.000
-1.000
4.191
-1.000
-1.000
-1.000
-1.000
-1.000
-1.000
-1.000
-1.000
-1.000
-1.000
-1.000
-1.000
-1.000
-1.000
-1.000
-1.000
-1.000
-1.000
-1.000
-1.000
-1.000
-1.000
-1.000
3.977
-1.000
-1.000
-1.000
-1.000
-1.000
-1.000
-1.000
-1.000
-1.000
-1.000
-1.000
3.997
-1.000
-1.000
4.048
-1.000
4.177
-1.000
-1.000
-1.000
4.380
-1.000
-1.000
-1.000
3.948
4.390
-1.000
-1.000
-1.000
-1.000
-1.000
4.316
-1.000
-1.000
-1.000
-1.000
-1.000
-1.000
-1.000
4.037
-1.000
-1.000
-1.000
-1.000
-1.000
-1.000
4.200
-1.000
-1.000
-1.000
-1.000
-1.000
-1.000
-1.000
-1.000
-1.000
-1.000
-1.000
4.380
-1.000
-1.000
-1.000
-1.000
-1.000
4.030
-1.000
-1.000
-1.000
-1.000
-1.000
-1.000
-1.000
-1.000
-1.000
-1.000
-1.000
-1.000
-1.000
4.094
-1.000
-1.000
-1.000
-1.000
-1.000
-1.000
-1.000
-1.000
-1.000
-1.000
-1.000
-1.000
-1.000
-1.000
-1.000
-1.000
-1.000
-1.000
-1.000
-1.000
-1.000
-1.000
-1.000
-1.000
-1.000
-1.000
4.243
-1.000
-1.000
4.095
-1.000
3.992
-1.000
-1.000
-1.000
-1.000
-1.000
-1.000
4.058
3.643
-1.000
-1.000
-1.000
-1.000
-1.000
-1.000
-1.000
-1.000
-1.000
-1.000
4.320
-1.000
4.361
4.297
-1.000
-1.000
3.454
-1.000
-1.000
-1.000
-1.000
-1.000
-1.000
4.260
-1.000
4.242
-1.000
-1.000
-1.000
-1.000
-1.000
-1.000
-1.000
-1.000
-1.000
-1.000
-1.000
-1.000
-1.000
3.899
4.068
-1.000
-1.000
-1.000
-1.000
-1.000
-1.000
-1.000
-1.000
-1.000
-1.000
-1.000
-1.000
-1.000
-1.000
4.283
-1.000
-1.000
-1.000
3.731
-1.000
4.357
-1.000
3.436
-1.000
-1.000
-1.000
-1.000
-1.000
-1.000
-1.000
-1.000
-1.000
-1.000
-1.000
-1.000
-1.000
-1.000
-1.000
-1.000
4.275
-1.000
-1.000
-1.000
-1.000
-1.000
4.316
-1.000
4.020
-1.000
4.380
3.897
-1.000
-1.000
4.310
-1.000
-1.000
3.930
-1.000
4.228
-1.000
-1.000
4.113
-1.000
-1.000
-1.000
-1.000
-1.000
-1.000
-1.000
-1.000
4.217
-1.000
-1.000
-1.000
4.325
4.134
-1.000
3.976
-1.000
-1.000
-1.000
3.702
3.804
-1.000
-1.000
-1.000
-1.000
4.266
4.258
4.386
-1.000
-1.000
-1.000
-1.000
-1.000
-1.000
-1.000
4.277
-1.000
4.040
-1.000
-1.000
-1.000
-1.000
-1.000
-1.000
-1.000
-1.000
-1.000
-1.000
-1.000
-1.000
-1.000
4.015
4.129
-1.000
-1.000
-1.000
-1.000
-1.000
-1.000
-1.000
-1.000
-1.000
3.918
4.373
-1.000
-1.000
-1.000
-1.000
-1.000
4.151
-1.000
4.079
-1.000
4.236
-1.000
-1.000
4.223
-1.000
-1.000
-1.000
-1.000
-1.000
-1.000
-1.000
-1.000
-1.000
-1.000
-1.000
-1.000
-1.000
-1.000
-1.000
-1.000
4.339
3.988
-1.000
-1.000
-1.000
4.282
-1.000
-1.000
-1.000
-1.000
-1.000
-1.000
-1.000
-1.000
-1.000
-1.000
-1.000
-1.000
-1.000
4.352
-1.000
-1.000
-1.000
-1.000
-1.000
-1.000
-1.000
-1.000
-1.000
-1.000
-1.000
-1.000
-1.000
4.196
-1.000
-1.000
3.514
-1.000
-1.000
-1.000
-1.000
-1.000
-1.000
-1.000
-1.000
4.108
-1.000
-1.000
-1.000
-1.000
-1.000
-1.000
-1.000
-1.000
-1.000
-1.000
-1.000
-1.000
-1.000
-1.000
-1.000
4.016
-1.000
-1.000
-1.000
-1.000
-1.000
-1.000
3.706
-1.000
-1.000
-1.000
3.580
3.889
-1.000
-1.000
-1.000
-1.000
-1.000
-1.000
4.336
-1.000
4.074
-1.000
-1.000
-1.000
4.273
-1.000
-1.000
-1.000
-1.000
-1.000
4.383
4.372
4.352
-1.000
-1.000
-1.000
-1.000
-1.000
-1.000
-1.000
-1.000
-1.000
-1.000
-1.000
-1.000
-1.000
-1.000
-1.000
3.547
-1.000
4.245
4.022
-1.000
-1.000
-1.000
-1.000
-1.000
-1.000
-1.000
-1.000
-1.000
-1.000
-1.000
-1.000
4.196
-1.000
-1.000
4.220
-1.000
-1.000
-1.000
-1.000
-1.000
-1.000
-1.000
-1.000
-1.000
4.299
-1.000
3.900
3.704
-1.000
4.384
-1.000
-1.000
-1.000
3.967
-1.000
4.039
-1.000
-1.000
-1.000
-1.000
-1.000
-1.000
-1.000
-1.000
-1.000
-1.000
-1.000
-1.000
-1.000
-1.000
-1.000
-1.000
-1.000
-1.000
-1.000
4.094
-1.000
-1.000
4.268
-1.000
-1.000
-1.000
-1.000
-1.000
-1.000
-1.000
-1.000
-1.000
-1.000
-1.000
3.810
-1.000
-1.000
-1.000
-1.000
-1.000
-1.000
-1.000
-1.000
-1.000
-1.000
-1.000
-1.000
4.392
-1.000
-1.000
-1.000
-1.000
-1.000
4.104
-1.000
-1.000
-1.000
-1.000
-1.000
4.304
-1.000
-1.000
3.924
-1.000
-1.000
-1.000
-1.000
4.394
-1.000
3.891
-1.000
4.007
-1.000
-1.000
-1.000
-1.000
-1.000
-1.000
-1.000
-1.000
-1.000
-1.000
-1.000
-1.000
4.366
-1.000
-1.000
-1.000
-1.000
-1.000
-1.000
-1.000
-1.000
-1.000
-1.000
-1.000
-1.000
3.980
-1.000
4.285
4.145
-1.000
-1.000
-1.000
-1.000
-1.000
-1.000
-1.000
-1.000
-1.000
-1.000
-1.000
-1.000
-1.000
-1.000
-1.000
3.979
-1.000
4.175
-1.000
-1.000
-1.000
4.388
-1.000
-1.000
-1.000
4.254
4.201
-1.000
-1.000
-1.000
-1.000
-1.000
-1.000
-1.000
-1.000
-1.000
-1.000
-1.000
-1.000
-1.000
-1.000
-1.000
-1.000
-1.000
-1.000
3.983
-1.000
-1.000
-1.000
-1.000
-1.000
-1.000
-1.000
-1.000
-1.000
-1.000
-1.000
-1.000
4.079
-1.000
4.270
-1.000
4.228
-1.000
-1.000
3.999
-1.000
-1.000
-1.000
-1.000
4.308
-1.000
-1.000
-1.000
4.083
-1.000
-1.000
4.135
-1.000
4.149
-1.000
4.031
4.364
-1.000
-1.000
-1.000
-1.000
-1.000
-1.000
-1.000
-1.000
-1.000
-1.000
-1.000
-1.000
-1.000
-1.000
-1.000
4.296
3.852
-1.000
-1.000
-1.000
3.759
-1.000
-1.000
-1.000
-1.000
-1.000
-1.000
-1.000
-1.000
-1.000
-1.000
-1.000
-1.000
-1.000
-1.000
4.230
-1.000
-1.000
4.117
-1.000
4.078
3.847
-1.000
4.290
-1.000
-1.000
-1.000
-1.000
-1.000
3.801
-1.000
-1.000
4.053
-1.000
-1.000
-1.000
4.353
-1.000
-1.000
3.408
-1.000
-1.000
4.068
-1.000
3.843
-1.000
-1.000
-1.000
-1.000
-1.000
-1.000
4.140
4.217
3.995
-1.000
4.127
-1.000
-1.000
-1.000
4.042
-1.000
-1.000
4.167
4.394
4.179
-1.000
-1.000
-1.000
-1.000
-1.000
-1.000
4.222
4.117
-1.000
-1.000
-1.000
-1.000
-1.000
-1.000
-1.000
-1.000
-1.000
-1.000
-1.000
-1.000
-1.000
-1.000
-1.000
-1.000
-1.000
-1.000
-1.000
-1.000
-1.000
4.379
-1.000
-1.000
-1.000
-1.000
-1.000
-1.000
-1.000
4.181
-1.000
-1.000
-1.000
4.356
4.350
-1.000
-1.000
-1.000
4.106
-1.000
-1.000
-1.000
3.893
-1.000
-1.000
-1.000
-1.000
-1.000
-1.000
3.976
-1.000
-1.000
-1.000
-1.000
-1.000
-1.000
-1.000
-1.000
-1.000
4.305
-1.000
-1.000
-1.000
4.340
-1.000
-1.000
-1.000
-1.000
-1.000
-1.000
-1.000
-1.000
3.909
-1.000
-1.000
-1.000
-1.000
-1.000
4.219
-1.000
-1.000
-1.000
-1.000
3.717
-1.000
-1.000
-1.000
-1.000
3.918
-1.000
-1.000
4.057
-1.000
-1.000
-1.000
-1.000
-1.000
-1.000
-1.000
4.352
-1.000
-1.000
-1.000
-1.000
-1.000
-1.000
-1.000
-1.000
-1.000
-1.000
-1.000
-1.000
-1.000
-1.000
-1.000
-1.000
-1.000
-1.000
-1.000
4.127
-1.000
-1.000
-1.000
-1.000
-1.000
-1.000
-1.000
-1.000
4.035
-1.000
-1.000
4.211
-1.000
-1.000
-1.000
-1.000
-1.000
-1.000
-1.000
-1.000
-1.000
-1.000
-1.000
-1.000
-1.000
-1.000
-1.000
-1.000
-1.000
-1.000
-1.000
-1.000
-1.000
-1.000
4.000
-1.000
-1.000
-1.000
4.243
-1.000
-1.000
3.968
-1.000
4.281
-1.000
-1.000
4.225
-1.000
-1.000
4.209
-1.000
-1.000
-1.000
-1.000
-1.000
-1.000
-1.000
-1.000
-1.000
3.897
4.316
-1.000
-1.000
-1.000
-1.000
-1.000
-1.000
-1.000
-1.000
-1.000
-1.000
-1.000
4.202
-1.000
-1.000
-1.000
4.171
4.173
-1.000
-1.000
-1.000
-1.000
-1.000
-1.000
-1.000
-1.000
-1.000
-1.000
-1.000
-1.000
-1.000
-1.000
-1.000
4.142
-1.000
-1.000
-1.000
-1.000
-1.000
4.283
-1.000
-1.000
-1.000
-1.000
-1.000
-1.000
-1.000
-1.000
-1.000
-1.000
-1.000
-1.000
4.027
-1.000
-1.000
-1.000
4.211
-1.000
4.124
-1.000
-1.000
-1.000
4.221
-1.000
-1.000
-1.000
-1.000
-1.000
-1.000
3.556
-1.000
-1.000
-1.000
-1.000
-1.000
-1.000
4.357
-1.000
-1.000
-1.000
-1.000
-1.000
-1.000
-1.000
-1.000
-1.000
-1.000
-1.000
-1.000
-1.000
-1.000
-1.000
-1.000
4.321
-1.000
-1.000
-1.000
-1.000
4.131
-1.000
-1.000
-1.000
-1.000
-1.000
-1.000
-1.000
-1.000
-1.000
-1.000
3.950
-1.000
-1.000
4.326
-1.000
-1.000
-1.000
-1.000
-1.000
-1.000
-1.000
4.259
-1.000
4.390
4.355
-1.000
-1.000
-1.000
4.370
3.991
-1.000
-1.000
4.074
-1.000
-1.000
-1.000
3.978
-1.000
-1.000
-1.000
-1.000
4.195
-1.000
4.098
-1.000
-1.000
-1.000
-1.000
-1.000
-1.000
-1.000
-1.000
-1.000
-1.000
-1.000
-1.000
-1.000
-1.000
-1.000
-1.000
-1.000
-1.000
-1.000
-1.000
-1.000
-1.000
-1.000
4.367
-1.000
-1.000
-1.000
-1.000
-1.000
-1.000
-1.000
-1.000
-1.000
-1.000
-1.000
-1.000
-1.000
-1.000
-1.000
-1.000
-1.000
-1.000
-1.000
3.969
-1.000
-1.000
-1.000
-1.000
-1.000
4.361
-1.000
-1.000
-1.000
-1.000
-1.000
-1.000
-1.000
4.212
-1.000
-1.000
-1.000
-1.000
-1.000
-1.000
-1.000
-1.000
-1.000
-1.000
-1.000
4.211
-1.000
-1.000
-1.000
-1.000
4.396
-1.000
-1.000
-1.000
-1.000
-1.000
-1.000
-1.000
-1.000
-1.000
-1.000
-1.000
-1.000
-1.000
-1.000
-1.000
-1.000
-1.000
-1.000
-1.000
-1.000
-1.000
-1.000
-1.000
-1.000
4.318
-1.000
-1.000
-1.000
-1.000
-1.000
-1.000
-1.000
-1.000
-1.000
-1.000
-1.000
-1.000
-1.000
-1.000
-1.000
-1.000
-1.000
-1.000
-1.000
-1.000
-1.000
-1.000
-1.000
-1.000
-1.000
-1.000
-1.000
-1.000
-1.000
-1.000
4.170
-1.000
4.065
-1.000
-1.000
4.138
4.169
-1.000
-1.000
4.159
-1.000
-1.000
-1.000
-1.000
-1.000
-1.000
-1.000
-1.000
-1.000
-1.000
-1.000
-1.000
-1.000
4.289
-1.000
4.172
-1.000
-1.000
-1.000
-1.000
-1.000
-1.000
-1.000
-1.000
-1.000
-1.000
-1.000
-1.000
-1.000
3.939
-1.000
4.313
-1.000
3.971
-1.000
-1.000
-1.000
-1.000
-1.000
-1.000
-1.000
4.386
-1.000
-1.000
-1.000
-1.000
3.760
3.897
-1.000
-1.000
4.245
-1.000
-1.000
-1.000
-1.000
-1.000
-1.000
-1.000
4.302
-1.000
-1.000
-1.000
-1.000
-1.000
-1.000
-1.000
-1.000
3.893
-1.000
-1.000
-1.000
-1.000
-1.000
-1.000
-1.000
-1.000
-1.000
-1.000
-1.000
-1.000
-1.000
-1.000
-1.000
-1.000
-1.000
-1.000
-1.000
-1.000
-1.000
-1.000
-1.000
-1.000
-1.000
-1.000
-1.000
-1.000
-1.000
-1.000
-1.000
-1.000
-1.000
-1.000
4.330
-1.000
-1.000
4.395
-1.000
4.373
-1.000
-1.000
4.301
4.357
-1.000
-1.000
4.050
-1.000
-1.000
-1.000
-1.000
-1.000
-1.000
-1.000
-1.000
-1.000
-1.000
-1.000
-1.000
-1.000
-1.000
-1.000
-1.000
-1.000
-1.000
-1.000
-1.000
-1.000
4.187
-1.000
-1.000
-1.000
4.316
-1.000
-1.000
4.304
-1.000
-1.000
-1.000
-1.000
-1.000
-1.000
3.693
-1.000
-1.000
-1.000
4.127
-1.000
4.026
-1.000
-1.000
-1.000
4.304
-1.000
-1.000
-1.000
-1.000
-1.000
-1.000
-1.000
-1.000
3.934
-1.000
-1.000
4.152
-1.000
-1.000
-1.000
-1.000
-1.000
3.941
-1.000
-1.000
-1.000
-1.000
-1.000
-1.000
-1.000
-1.000
-1.000
-1.000
-1.000
-1.000
-1.000
-1.000
-1.000
-1.000
4.042
-1.000
-1.000
-1.000
-1.000
-1.000
-1.000
-1.000
-1.000
-1.000
-1.000
-1.000
-1.000
-1.000
3.987
-1.000
-1.000
-1.000
4.072
-1.000
3.914
-1.000
-1.000
-1.000
-1.000
4.153
-1.000
4.380
-1.000
4.313
-1.000
-1.000
-1.000
-1.000
-1.000
-1.000
-1.000
-1.000
-1.000
-1.000
-1.000
-1.000
-1.000
-1.000
-1.000
-1.000
-1.000
-1.000
-1.000
-1.000
-1.000
-1.000
-1.000
-1.000
-1.000
4.294
4.186
-1.000
-1.000
4.092
-1.000
-1.000
-1.000
-1.000
-1.000
-1.000
4.075
3.988
-1.000
-1.000
-1.000
-1.000
-1.000
4.118
-1.000
3.898
-1.000
4.031
-1.000
-1.000
3.986
-1.000
-1.000
-1.000
-1.000
-1.000
-1.000
-1.000
-1.000
-1.000
-1.000
-1.000
-1.000
-1.000
-1.000
4.246
-1.000
-1.000
-1.000
-1.000
-1.000
-1.000
4.116
-1.000
-1.000
-1.000
-1.000
4.348
-1.000
-1.000
-1.000
-1.000
-1.000
-1.000
-1.000
-1.000
-1.000
-1.000
-1.000
-1.000
-1.000
-1.000
-1.000
-1.000
-1.000
-1.000
-1.000
-1.000
-1.000
-1.000
4.170
-1.000
-1.000
-1.000
-1.000
-1.000
-1.000
4.306
4.196
-1.000
4.185
-1.000
-1.000
-1.000
-1.000
-1.000
-1.000
-1.000
-1.000
-1.000
4.349
-1.000
-1.000
-1.000
-1.000
-1.000
-1.000
-1.000
-1.000
4.332
-1.000
-1.000
4.318
-1.000
-1.000
-1.000
4.223
-1.000
-1.000
-1.000
-1.000
-1.000
-1.000
-1.000
-1.000
-1.000
4.172
3.676
-1.000
3.882
-1.000
-1.000
4.281
-1.000
-1.000
4.261
-1.000
-1.000
-1.000
-1.000
-1.000
-1.000
-1.000
-1.000
-1.000
-1.000
-1.000
-1.000
-1.000
4.177
-1.000
-1.000
-1.000
-1.000
-1.000
-1.000
-1.000
-1.000
-1.000
-1.000
-1.000
-1.000
-1.000
-1.000
-1.000
-1.000
-1.000
-1.000
-1.000
-1.000
4.247
-1.000
4.364
-1.000
4.373
4.046
-1.000
-1.000
-1.000
-1.000
-1.000
4.288
-1.000
-1.000
-1.000
-1.000
-1.000
4.319
-1.000
-1.000
-1.000
-1.000
-1.000
4.063
4.092
-1.000
-1.000
-1.000
-1.000
-1.000
-1.000
-1.000
-1.000
-1.000
-1.000
-1.000
4.085
-1.000
4.007
4.183
-1.000
3.944
-1.000
-1.000
4.121
-1.000
4.103
-1.000
-1.000
-1.000
-1.000
-1.000
-1.000
-1.000
-1.000
-1.000
-1.000
-1.000
3.929
-1.000
-1.000
-1.000
-1.000
-1.000
-1.000
-1.000
-1.000
-1.000
-1.000
-1.000
4.058
-1.000
-1.000
-1.000
3.896
4.229
-1.000
-1.000
-1.000
-1.000
-1.000
-1.000
-1.000
-1.000
-1.000
-1.000
-1.000
-1.000
-1.000
-1.000
4.372
-1.000
-1.000
4.230
-1.000
-1.000
-1.000
-1.000
4.234
4.291
-1.000
-1.000
4.117
-1.000
-1.000
4.077
-1.000
-1.000
-1.000
-1.000
-1.000
-1.000
-1.000
-1.000
-1.000
-1.000
-1.000
-1.000
-1.000
-1.000
-1.000
-1.000
-1.000
-1.000
3.868
-1.000
-1.000
-1.000
-1.000
-1.000
-1.000
-1.000
3.895
-1.000
4.236
-1.000
-1.000
4.010
-1.000
4.154
4.132
-1.000
-1.000
-1.000
-1.000
-1.000
-1.000
-1.000
4.328
-1.000
-1.000
-1.000
-1.000
-1.000
-1.000
-1.000
-1.000
-1.000
-1.000
-1.000
3.729
-1.000
-1.000
-1.000
-1.000
-1.000
-1.000
-1.000
-1.000
-1.000
3.936
-1.000
-1.000
-1.000
-1.000
-1.000
3.900
-1.000
4.036
4.346
-1.000
-1.000
-1.000
-1.000
-1.000
-1.000
-1.000
4.305
-1.000
-1.000
-1.000
-1.000
-1.000
-1.000
4.223
4.365
-1.000
4.328
-1.000
4.259
-1.000
4.181
-1.000
-1.000
-1.000
-1.000
-1.000
-1.000
-1.000
-1.000
-1.000
-1.000
-1.000
-1.000
-1.000
4.225
-1.000
-1.000
-1.000
-1.000
-1.000
-1.000
4.366
-1.000
4.310
-1.000
-1.000
-1.000
-1.000
-1.000
-1.000
4.188
-1.000
3.928
-1.000
-1.000
4.338
4.124
-1.000
-1.000
-1.000
-1.000
-1.000
-1.000
-1.000
-1.000
-1.000
-1.000
-1.000
-1.000
-1.000
-1.000
4.074
4.204
-1.000
-1.000
-1.000
-1.000
-1.000
-1.000
-1.000
4.112
-1.000
4.332
4.347
-1.000
-1.000
-1.000
-1.000
-1.000
-1.000
-1.000
-1.000
-1.000
-1.000
-1.000
-1.000
-1.000
-1.000
-1.000
4.134
-1.000
-1.000
-1.000
4.333
-1.000
-1.000
-1.000
-1.000
-1.000
-1.000
-1.000
-1.000
-1.000
-1.000
-1.000
-1.000
-1.000
-1.000
-1.000
-1.000
-1.000
-1.000
-1.000
-1.000
-1.000
4.169
-1.000
-1.000
-1.000
-1.000
4.320
-1.000
-1.000
3.884
-1.000
-1.000
4.040
-1.000
-1.000
-1.000
-1.000
-1.000
3.814
-1.000
3.905
-1.000
-1.000
-1.000
-1.000
-1.000
-1.000
-1.000
-1.000
-1.000
-1.000
3.939
3.995
-1.000
-1.000
-1.000
-1.000
-1.000
-1.000
-1.000
-1.000
-1.000
3.934
-1.000
-1.000
-1.000
-1.000
-1.000
-1.000
-1.000
-1.000
-1.000
-1.000
-1.000
-1.000
4.377
-1.000
-1.000
4.042
-1.000
4.077
-1.000
-1.000
-1.000
-1.000
-1.000
-1.000
-1.000
-1.000
-1.000
3.910
-1.000
-1.000
-1.000
-1.000
-1.000
-1.000
-1.000
4.323
-1.000
-1.000
-1.000
-1.000
-1.000
4.334
4.194
-1.000
-1.000
-1.000
-1.000
-1.000
-1.000
-1.000
-1.000
-1.000
-1.000
-1.000
-1.000
-1.000
-1.000
-1.000
-1.000
-1.000
-1.000
-1.000
-1.000
-1.000
-1.000
-1.000
-1.000
-1.000
-1.000
-1.000
-1.000
-1.000
-1.000
-1.000
-1.000
-1.000
-1.000
-1.000
-1.000
-1.000
-1.000
-1.000
4.334
-1.000
4.322
4.106
-1.000
-1.000
-1.000
4.204
-1.000
-1.000
-1.000
-1.000
-1.000
-1.000
-1.000
-1.000
-1.000
-1.000
-1.000
-1.000
-1.000
4.049
-1.000
4.124
-1.000
-1.000
-1.000
-1.000
-1.000
-1.000
-1.000
4.238
-1.000
-1.000
4.212
-1.000
-1.000
4.387
-1.000
4.216
-1.000
-1.000
-1.000
-1.000
-1.000
-1.000
-1.000
-1.000
-1.000
-1.000
4.328
-1.000
-1.000
-1.000
-1.000
-1.000
-1.000
-1.000
-1.000
-1.000
-1.000
-1.000
-1.000
-1.000
-1.000
-1.000
-1.000
-1.000
-1.000
-1.000
3.971
-1.000
-1.000
-1.000
-1.000
4.058
-1.000
-1.000
-1.000
-1.000
-1.000
-1.000
-1.000
-1.000
-1.000
-1.000
-1.000
-1.000
-1.000
4.152
-1.000
-1.000
4.110
-1.000
-1.000
-1.000
-1.000
3.872
3.903
-1.000
4.248
-1.000
-1.000
-1.000
4.219
-1.000
-1.000
-1.000
-1.000
-1.000
-1.000
-1.000
-1.000
-1.000
-1.000
3.898
4.274
-1.000
-1.000
-1.000
-1.000
-1.000
-1.000
-1.000
-1.000
-1.000
-1.000
-1.000
-1.000
-1.000
4.390
-1.000
-1.000
-1.000
-1.000
-1.000
-1.000
4.128
-1.000
-1.000
-1.000
-1.000
-1.000
-1.000
-1.000
-1.000
-1.000
-1.000
-1.000
-1.000
-1.000
-1.000
-1.000
-1.000
-1.000
-1.000
-1.000
-1.000
-1.000
-1.000
-1.000
-1.000
-1.000
-1.000
-1.000
-1.000
-1.000
4.092
-1.000
4.387
-1.000
-1.000
-1.000
-1.000
-1.000
-1.000
-1.000
-1.000
-1.000
-1.000
-1.000
-1.000
-1.000
-1.000
-1.000
-1.000
-1.000
-1.000
-1.000
-1.000
-1.000
-1.000
-1.000
-1.000
-1.000
-1.000
4.356
-1.000
-1.000
-1.000
-1.000
-1.000
4.266
-1.000
-1.000
-1.000
-1.000
-1.000
-1.000
-1.000
3.772
-1.000
-1.000
-1.000
-1.000
-1.000
-1.000
4.167
-1.000
-1.000
-1.000
-1.000
-1.000
-1.000
-1.000
-1.000
-1.000
-1.000
-1.000
-1.000
-1.000
-1.000
-1.000
4.292
-1.000
-1.000
-1.000
-1.000
-1.000
-1.000
4.145
-1.000
-1.000
-1.000
-1.000
4.055
-1.000
-1.000
-1.000
-1.000
-1.000
-1.000
-1.000
-1.000
-1.000
-1.000
-1.000
-1.000
-1.000
-1.000
-1.000
-1.000
-1.000
-1.000
-1.000
-1.000
-1.000
-1.000
-1.000
-1.000
-1.000
4.137
-1.000
-1.000
-1.000
-1.000
-1.000
-1.000
-1.000
-1.000
-1.000
-1.000
-1.000
-1.000
-1.000
-1.000
-1.000
-1.000
-1.000
-1.000
-1.000
-1.000
-1.000
-1.000
-1.000
-1.000
-1.000
-1.000
4.396
-1.000
-1.000
-1.000
-1.000
-1.000
-1.000
-1.000
-1.000
-1.000
-1.000
-1.000
-1.000
-1.000
-1.000
-1.000
-1.000
-1.000
-1.000
4.075
-1.000
-1.000
-1.000
-1.000
-1.000
-1.000
-1.000
-1.000
-1.000
-1.000
-1.000
-1.000
-1.000
-1.000
-1.000
-1.000
-1.000
-1.000
-1.000
-1.000
-1.000
-1.000
-1.000
-1.000
-1.000
-1.000
-1.000
-1.000
-1.000
-1.000
-1.000
-1.000
-1.000
-1.000
-1.000
4.329
-1.000
-1.000
-1.000
-1.000
-1.000
-1.000
-1.000
-1.000
4.278
4.134
-1.000
-1.000
4.309
-1.000
-1.000
-1.000
-1.000
-1.000
-1.000
-1.000
-1.000
-1.000
-1.000
-1.000
-1.000
3.959
-1.000
-1.000
-1.000
-1.000
-1.000
-1.000
-1.000
-1.000
-1.000
-1.000
4.020
-1.000
-1.000
-1.000
-1.000
-1.000
-1.000
-1.000
4.122
-1.000
-1.000
-1.000
-1.000
-1.000
4.218
-1.000
-1.000
-1.000
-1.000
-1.000
-1.000
-1.000
-1.000
-1.000
-1.000
4.168
-1.000
4.273
-1.000
-1.000
-1.000
-1.000
-1.000
-1.000
-1.000
-1.000
4.270
-1.000
-1.000
-1.000
-1.000
-1.000
-1.000
-1.000
-1.000
-1.000
-1.000
-1.000
-1.000
-1.000
4.387
-1.000
-1.000
-1.000
-1.000
4.081
-1.000
-1.000
4.327
-1.000
-1.000
-1.000
4.261
-1.000
-1.000
-1.000
-1.000
-1.000
4.123
-1.000
-1.000
-1.000
-1.000
-1.000
-1.000
-1.000
-1.000
-1.000
4.288
-1.000
-1.000
-1.000
-1.000
-1.000
-1.000
-1.000
-1.000
-1.000
-1.000
-1.000
-1.000
-1.000
3.899
-1.000
-1.000
-1.000
-1.000
-1.000
-1.000
-1.000
-1.000
-1.000
-1.000
-1.000
-1.000
-1.000
-1.000
-1.000
-1.000
-1.000
-1.000
-1.000
-1.000
-1.000
-1.000
-1.000
-1.000
-1.000
-1.000
-1.000
-1.000
-1.000
-1.000
-1.000
-1.000
-1.000
4.150
-1.000
4.390
-1.000
-1.000
-1.000
-1.000
-1.000
-1.000
-1.000
-1.000
-1.000
-1.000
-1.000
-1.000
-1.000
-1.000
-1.000
-1.000
-1.000
-1.000
-1.000
-1.000
-1.000
-1.000
-1.000
-1.000
-1.000
-1.000
-1.000
-1.000
-1.000
-1.000
-1.000
-1.000
-1.000
-1.000
-1.000
-1.000
-1.000
-1.000
-1.000
-1.000
-1.000
-1.000
-1.000
-1.000
-1.000
-1.000
-1.000
-1.000
-1.000
-1.000
-1.000
-1.000
-1.000
-1.000
-1.000
-1.000
-1.000
-1.000
-1.000
-1.000
-1.000
-1.000
-1.000
-1.000
-1.000
-1.000
-1.000
-1.000
-1.000
-1.000
-1.000
-1.000
-1.000
-1.000
-1.000
-1.000
-1.000
-1.000
4.371
-1.000
-1.000
-1.000
-1.000
-1.000
-1.000
-1.000
-1.000
-1.000
-1.000
-1.000
-1.000
-1.000
-1.000
-1.000
-1.000
-1.000
-1.000
-1.000
-1.000
-1.000
-1.000
-1.000
-1.000
-1.000
-1.000
-1.000
-1.000
-1.000
-1.000
-1.000
-1.000
-1.000
-1.000
-1.000
-1.000
4.128
-1.000
-1.000
-1.000
-1.000
-1.000
-1.000
-1.000
-1.000
-1.000
-1.000
-1.000
-1.000
-1.000
-1.000
-1.000
-1.000
-1.000
4.188
-1.000
-1.000
-1.000
-1.000
-1.000
-1.000
-1.000
-1.000
-1.000
-1.000
-1.000
-1.000
-1.000
-1.000
4.168
-1.000
-1.000
-1.000
-1.000
-1.000
-1.000
-1.000
-1.000
-1.000
4.335
-1.000
-1.000
-1.000
-1.000
-1.000
4.282
-1.000
-1.000
-1.000
-1.000
-1.000
-1.000
-1.000
-1.000
-1.000
-1.000
-1.000
-1.000
-1.000
-1.000
4.381
-1.000
-1.000
-1.000
-1.000
-1.000
4.354
-1.000
-1.000
-1.000
4.268
-1.000
-1.000
-1.000
-1.000
4.160
-1.000
-1.000
-1.000
-1.000
-1.000
-1.000
-1.000
-1.000
-1.000
-1.000
4.318
-1.000
-1.000
-1.000
-1.000
-1.000
-1.000
-1.000
-1.000
-1.000
4.278
-1.000
-1.000
-1.000
-1.000
-1.000
-1.000
-1.000
4.308
-1.000
-1.000
-1.000
-1.000
4.275
4.366
-1.000
4.340
-1.000
4.159
4.107
-1.000
-1.000
-1.000
-1.000
-1.000
-1.000
-1.000
-1.000
-1.000
-1.000
-1.000
-1.000
-1.000
-1.000
-1.000
-1.000
-1.000
-1.000
-1.000
-1.000
-1.000
-1.000
-1.000
4.319
-1.000
-1.000
-1.000
-1.000
-1.000
-1.000
-1.000
-1.000
4.357
-1.000
-1.000
-1.000
-1.000
-1.000
4.393
-1.000
-1.000
-1.000
-1.000
-1.000
-1.000
-1.000
-1.000
-1.000
-1.000
-1.000
-1.000
-1.000
-1.000
-1.000
-1.000
-1.000
-1.000
-1.000
-1.000
-1.000
4.382
-1.000
-1.000
-1.000
-1.000
-1.000
-1.000
-1.000
-1.000
-1.000
-1.000
4.361
-1.000
-1.000
-1.000
-1.000
-1.000
-1.000
-1.000
-1.000
-1.000
-1.000
4.368
-1.000
-1.000
-1.000
-1.000
-1.000
-1.000
-1.000
-1.000
-1.000
-1.000
-1.000
-1.000
-1.000
-1.000
-1.000
-1.000
-1.000
-1.000
-1.000
4.031
-1.000
4.258
-1.000
-1.000
-1.000
-1.000
-1.000
-1.000
-1.000
-1.000
-1.000
-1.000
-1.000
-1.000
-1.000
-1.000
-1.000
-1.000
-1.000
-1.000
-1.000
-1.000
-1.000
-1.000
-1.000
-1.000
-1.000
4.342
-1.000
-1.000
-1.000
4.114
-1.000
-1.000
-1.000
-1.000
-1.000
3.752
-1.000
-1.000
-1.000
-1.000
-1.000
-1.000
-1.000
-1.000
-1.000
-1.000
-1.000
4.305
-1.000
-1.000
-1.000
-1.000
-1.000
4.246
-1.000
-1.000
-1.000
-1.000
-1.000
-1.000
-1.000
-1.000
-1.000
-1.000
4.249
-1.000
-1.000
-1.000
-1.000
4.124
-1.000
-1.000
-1.000
-1.000
-1.000
4.379
-1.000
-1.000
-1.000
-1.000
-1.000
-1.000
-1.000
-1.000
-1.000
-1.000
-1.000
-1.000
-1.000
-1.000
-1.000
-1.000
-1.000
-1.000
-1.000
-1.000
-1.000
-1.000
-1.000
-1.000
-1.000
-1.000
-1.000
-1.000
-1.000
-1.000
-1.000
-1.000
-1.000
-1.000
-1.000
-1.000
-1.000
-1.000
-1.000
-1.000
-1.000
-1.000
-1.000
-1.000
-1.000
-1.000
-1.000
-1.000
-1.000
-1.000
-1.000
-1.000
-1.000
-1.000
-1.000
-1.000
-1.000
-1.000
4.351
-1.000
-1.000
-1.000
-1.000
-1.000
-1.000
-1.000
-1.000
-1.000
-1.000
-1.000
-1.000
-1.000
-1.000
-1.000
-1.000
-1.000
-1.000
-1.000
-1.000
-1.000
4.344
-1.000
-1.000
-1.000
-1.000
-1.000
-1.000
-1.000
-1.000
-1.000
-1.000
-1.000
-1.000
-1.000
-1.000
-1.000
-1.000
-1.000
-1.000
-1.000
-1.000
-1.000
-1.000
-1.000
-1.000
4.324
-1.000
-1.000
-1.000
-1.000
-1.000
-1.000
-1.000
-1.000
-1.000
-1.000
-1.000
-1.000
-1.000
-1.000
-1.000
-1.000
-1.000
4.078
-1.000
-1.000
-1.000
-1.000
-1.000
-1.000
-1.000
-1.000
-1.000
-1.000
-1.000
-1.000
-1.000
-1.000
-1.000
-1.000
-1.000
-1.000
-1.000
-1.000
-1.000
-1.000
-1.000
-1.000
-1.000
-1.000
-1.000
-1.000
-1.000
-1.000
-1.000
-1.000
-1.000
-1.000
-1.000
-1.000
-1.000
-1.000
-1.000
-1.000
-1.000
4.248
-1.000
-1.000
-1.000
-1.000
-1.000
-1.000
4.296
-1.000
-1.000
-1.000
-1.000
-1.000
-1.000
-1.000
-1.000
-1.000
-1.000
-1.000
-1.000
-1.000
-1.000
-1.000
-1.000
-1.000
-1.000
-1.000
-1.000
-1.000
-1.000
-1.000
-1.000
-1.000
-1.000
-1.000
-1.000
-1.000
-1.000
-1.000
-1.000
-1.000
-1.000
-1.000
-1.000
-1.000
-1.000
-1.000
-1.000
-1.000
-1.000
-1.000
-1.000
-1.000
-1.000
-1.000
-1.000
-1.000
-1.000
-1.000
-1.000
-1.000
-1.000
-1.000
-1.000
-1.000
-1.000
-1.000
-1.000
-1.000
-1.000
-1.000
-1.000
-1.000
-1.000
-1.000
-1.000
-1.000
-1.000
-1.000
-1.000
-1.000
-1.000
-1.000
-1.000
-1.000
-1.000
-1.000
-1.000
-1.000
-1.000
-1.000
-1.000
-1.000
-1.000
-1.000
4.365
4.229
-1.000
-1.000
-1.000
-1.000
-1.000
-1.000
-1.000
-1.000
-1.000
-1.000
-1.000
-1.000
-1.000
-1.000
-1.000
4.372
-1.000
-1.000
-1.000
-1.000
4.282
-1.000
4.349
-1.000
-1.000
-1.000
4.348
-1.000
-1.000
-1.000
-1.000
-1.000
-1.000
-1.000
-1.000
-1.000
-1.000
-1.000
-1.000
-1.000
-1.000
-1.000
-1.000
-1.000
-1.000
-1.000
-1.000
-1.000
-1.000
-1.000
-1.000
-1.000
-1.000
-1.000
-1.000
-1.000
-1.000
-1.000
-1.000
-1.000
-1.000
-1.000
-1.000
-1.000
-1.000
-1.000
-1.000
-1.000
-1.000
-1.000
-1.000
-1.000
-1.000
-1.000
-1.000
-1.000
-1.000
-1.000
-1.000
-1.000
-1.000
-1.000
-1.000
-1.000
-1.000
-1.000
4.325
-1.000
-1.000
-1.000
-1.000
-1.000
-1.000
-1.000
-1.000
-1.000
-1.000
-1.000
-1.000
-1.000
-1.000
-1.000
4.253
-1.000
-1.000
-1.000
-1.000
-1.000
-1.000
-1.000
-1.000
-1.000
-1.000
-1.000
-1.000
-1.000
-1.000
-1.000
-1.000
-1.000
-1.000
-1.000
-1.000
4.382
-1.000
-1.000
-1.000
-1.000
-1.000
-1.000
-1.000
-1.000
-1.000
-1.000
-1.000
-1.000
-1.000
-1.000
-1.000
-1.000
-1.000
-1.000
-1.000
-1.000
-1.000
-1.000
-1.000
-1.000
-1.000
-1.000
-1.000
-1.000
-1.000
-1.000
-1.000
-1.000
-1.000
-1.000
4.209
-1.000
-1.000
-1.000
-1.000
4.351
-1.000
-1.000
-1.000
-1.000
-1.000
-1.000
-1.000
-1.000
-1.000
-1.000
-1.000
-1.000
-1.000
-1.000
-1.000
-1.000
-1.000
-1.000
-1.000
-1.000
-1.000
-1.000
-1.000
-1.000
-1.000
4.248
-1.000
-1.000
-1.000
-1.000
-1.000
-1.000
-1.000
-1.000
-1.000
-1.000
-1.000
-1.000
-1.000
-1.000
-1.000
-1.000
-1.000
3.983
-1.000
-1.000
-1.000
-1.000
-1.000
-1.000
-1.000
-1.000
-1.000
-1.000
-1.000
-1.000
-1.000
-1.000
-1.000
-1.000
-1.000
-1.000
-1.000
-1.000
-1.000
-1.000
-1.000
-1.000
-1.000
-1.000
-1.000
-1.000
-1.000
-1.000
-1.000
-1.000
-1.000
-1.000
-1.000
-1.000
-1.000
-1.000
-1.000
-1.000
-1.000
-1.000
-1.000
-1.000
-1.000
-1.000
-1.000
-1.000
-1.000
-1.000
-1.000
-1.000
-1.000
-1.000
-1.000
-1.000
-1.000
-1.000
-1.000
-1.000
-1.000
-1.000
-1.000
4.093
-1.000
-1.000
4.219
-1.000
-1.000
-1.000
-1.000
-1.000
-1.000
-1.000
-1.000
-1.000
-1.000
-1.000
-1.000
-1.000
-1.000
-1.000
-1.000
-1.000
-1.000
-1.000
-1.000
-1.000
-1.000
-1.000
-1.000
-1.000
-1.000
-1.000
-1.000
-1.000
-1.000
-1.000
-1.000
-1.000
-1.000
-1.000
-1.000
-1.000
-1.000
-1.000
-1.000
-1.000
-1.000
-1.000
-1.000
-1.000
-1.000
-1.000
-1.000
-1.000
-1.000
-1.000
-1.000
-1.000
-1.000
-1.000
-1.000
-1.000
-1.000
-1.000
-1.000
-1.000
-1.000
-1.000
-1.000
-1.000
-1.000
-1.000
-1.000
-1.000
-1.000
-1.000
-1.000
-1.000
-1.000
-1.000
-1.000
-1.000
-1.000
-1.000
-1.000
-1.000
-1.000
-1.000
-1.000
-1.000
-1.000
-1.000
-1.000
-1.000
-1.000
-1.000
-1.000
-1.000
-1.000
-1.000
-1.000
-1.000
-1.000
-1.000
-1.000
-1.000
-1.000
-1.000
-1.000
-1.000
-1.000
-1.000
-1.000
-1.000
-1.000
4.083
-1.000
-1.000
4.392
-1.000
-1.000
-1.000
-1.000
-1.000
-1.000
-1.000
-1.000
-1.000
-1.000
-1.000
-1.000
-1.000
-1.000
-1.000
-1.000
-1.000
-1.000
-1.000
-1.000
-1.000
-1.000
-1.000
-1.000
-1.000
-1.000
-1.000
-1.000
4.326
-1.000
-1.000
-1.000
-1.000
-1.000
-1.000
-1.000
-1.000
4.199
-1.000
-1.000
-1.000
-1.000
-1.000
-1.000
-1.000
-1.000
-1.000
-1.000
-1.000
-1.000
-1.000
-1.000
-1.000
-1.000
-1.000
-1.000
-1.000
-1.000
-1.000
-1.000
-1.000
-1.000
-1.000
-1.000
-1.000
-1.000
-1.000
-1.000
-1.000
-1.000
-1.000
-1.000
-1.000
-1.000
-1.000
-1.000
-1.000
-1.000
-1.000
-1.000
-1.000
-1.000
-1.000
-1.000
-1.000
-1.000
-1.000
-1.000
-1.000
-1.000
-1.000
-1.000
-1.000
-1.000
-1.000
-1.000
-1.000
-1.000
-1.000
-1.000
-1.000
-1.000
-1.000
-1.000
-1.000
-1.000
-1.000
-1.000
-1.000
-1.000
-1.000
-1.000
-1.000
-1.000
-1.000
-1.000
-1.000
-1.000
-1.000
-1.000
-1.000
-1.000
-1.000
-1.000
-1.000
-1.000
-1.000
-1.000
-1.000
-1.000
-1.000
-1.000
-1.000
-1.000
-1.000
-1.000
-1.000
-1.000
-1.000
-1.000
-1.000
-1.000
-1.000
-1.000
-1.000
-1.000
-1.000
-1.000
-1.000
-1.000
-1.000
-1.000
-1.000
-1.000
-1.000
-1.000
-1.000
-1.000
-1.000
-1.000
-1.000
-1.000
-1.000
-1.000
-1.000
-1.000
-1.000
-1.000
-1.000
-1.000
-1.000
-1.000
-1.000
-1.000
-1.000
-1.000
-1.000
-1.000
-1.000
-1.000
-1.000
-1.000
-1.000
-1.000
-1.000
-1.000
-1.000
-1.000
-1.000
-1.000
-1.000
-1.000
-1.000
-1.000
-1.000
-1.000
-1.000
-1.000
-1.000
-1.000
-1.000
-1.000
-1.000
-1.000
-1.000
-1.000
-1.000
-1.000
-1.000
-1.000
-1.000
-1.000
-1.000
-1.000
-1.000
-1.000
-1.000
-1.000
-1.000
-1.000
-1.000
-1.000
-1.000
-1.000
-1.000
-1.000
-1.000
-1.000
-1.000
-1.000
-1.000
-1.000
-1.000
-1.000
-1.000
-1.000
-1.000
-1.000
-1.000
-1.000
-1.000
-1.000
-1.000
-1.000
-1.000
-1.000
-1.000
-1.000
-1.000
-1.000
-1.000
-1.000
-1.000
-1.000
-1.000
-1.000
-1.000
-1.000
-1.000
-1.000
-1.000
-1.000
-1.000
-1.000
-1.000
-1.000
-1.000
-1.000
-1.000
-1.000
-1.000
-1.000
-1.000
-1.000
-1.000
-1.000
-1.000
-1.000
-1.000
-1.000
-1.000
-1.000
-1.000
-1.000
-1.000
-1.000
-1.000
-1.000
-1.000
-1.000
-1.000
-1.000
-1.000
-1.000
-1.000
-1.000
-1.000
-1.000
-1.000
-1.000
-1.000
-1.000
-1.000
-1.000
-1.000
-1.000
-1.000
-1.000
-1.000
-1.000
-1.000
-1.000
-1.000
-1.000
-1.000
-1.000
-1.000
-1.000
-1.000
-1.000
-1.000
-1.000
-1.000
-1.000
-1.000
-1.000
-1.000
-1.000
-1.000
-1.000
-1.000
-1.000
-1.000
-1.000
-1.000
-1.000
-1.000
-1.000
-1.000
-1.000
-1.000
-1.000
-1.000
-1.000
-1.000
-1.000
-1.000
-1.000
-1.000
-1.000
-1.000
-1.000
-1.000
-1.000
-1.000
-1.000
-1.000
-1.000
-1.000
-1.000
-1.000
-1.000
-1.000
-1.000
-1.000
-1.000
-1.000
-1.000
-1.000
-1.000
-1.000
-1.000
-1.000
-1.000
-1.000
-1.000
-1.000
-1.000
-1.000
-1.000
-1.000
-1.000
-1.000
-1.000
-1.000
-1.000
-1.000
-1.000
-1.000
-1.000
-1.000
-1.000
-1.000
-1.000
-1.000
-1.000
-1.000
-1.000
-1.000
-1.000
-1.000
-1.000
-1.000
-1.000
-1.000
-1.000
-1.000
-1.000
-1.000
-1.000
-1.000
-1.000
-1.000
-1.000
-1.000
-1.000
-1.000
-1.000
-1.000
-1.000
-1.000
-1.000
-1.000
-1.000
-1.000
-1.000
-1.000
-1.000
-1.000
-1.000
-1.000
-1.000
-1.000
-1.000
-1.000
-1.000
-1.000
-1.000
-1.000
-1.000
-1.000
-1.000
-1.000
-1.000
-1.000
-1.000
-1.000
-1.000
-1.000
-1.000
-1.000
-1.000
-1.000
-1.000
-1.000
-1.000
-1.000
-1.000
-1.000
-1.000
-1.000
-1.000
-1.000
-1.000
-1.000
-1.000
-1.000
-1.000
-1.000
-1.000
-1.000
-1.000
-1.000
-1.000
-1.000
-1.000
-1.000
-1.000
-1.000
-1.000
-1.000
-1.000
-1.000
-1.000
-1.000
-1.000
-1.000
-1.000
-1.000
-1.000
-1.000
-1.000
-1.000
-1.000
-1.000
-1.000
-1.000
-1.000
-1.000
-1.000
-1.000
-1.000
-1.000
-1.000
-1.000
-1.000
-1.000
-1.000
-1.000
-1.000
-1.000
-1.000
-1.000
-1.000
-1.000
-1.000
-1.000
-1.000
-1.000
-1.000
-1.000
-1.000
-1.000
-1.000
-1.000
-1.000
-1.000
-1.000
-1.000
-1.000
-1.000
-1.000
-1.000
-1.000
-1.000
-1.000
-1.000
-1.000
-1.000
-1.000
-1.000
-1.000
-1.000
-1.000
-1.000
-1.000
-1.000
-1.000
-1.000
-1.000
-1.000
-1.000
-1.000
-1.000
-1.000
-1.000
-1.000
-1.000
-1.000
-1.000
-1.000
-1.000
-1.000
-1.000
-1.000
-1.000
-1.000
-1.000
-1.000
-1.000
-1.000
-1.000
-1.000
-1.000
-1.000
-1.000
-1.000
-1.000
-1.000
-1.000
-1.000
-1.000
-1.000
-1.000
-1.000
-1.000
-1.000
-1.000
-1.000
-1.000
-1.000
-1.000
-1.000
-1.000
-1.000
-1.000
-1.000
-1.000
-1.000
-1.000
-1.000
-1.000
-1.000
-1.000
-1.000
-1.000
-1.000
-1.000
-1.000
-1.000
-1.000
-1.000
-1.000
-1.000
-1.000
-1.000
-1.000
-1.000
-1.000
-1.000
-1.000
-1.000
-1.000
-1.000
-1.000
-1.000
-1.000
-1.000
-1.000
-1.000
-1.000
-1.000
-1.000
-1.000
-1.000
-1.000
-1.000
-1.000
-1.000
-1.000
-1.000
-1.000
-1.000
-1.000
-1.000
-1.000
-1.000
-1.000
-1.000
-1.000
-1.000
-1.000
-1.000
-1.000
-1.000
-1.000
-1.000
-1.000
-1.000
-1.000
-1.000
-1.000
-1.000
-1.000
-1.000
-1.000
-1.000
-1.000
-1.000
-1.000
-1.000
-1.000
-1.000
-1.000
-1.000
-1.000
-1.000
-1.000
-1.000
-1.000
-1.000
-1.000
-1.000
-1.000
-1.000
-1.000
-1.000
-1.000
-1.000
-1.000
-1.000
-1.000
-1.000
-1.000
-1.000
-1.000
-1.000
-1.000
-1.000
-1.000
-1.000
-1.000
-1.000
-1.000
-1.000
-1.000
-1.000
-1.000
-1.000
-1.000
-1.000
-1.000
-1.000
-1.000
-1.000
-1.000
-1.000
-1.000
-1.000
-1.000
-1.000
-1.000
-1.000
-1.000
-1.000
-1.000
-1.000
-1.000
-1.000
-1.000
-1.000
-1.000
-1.000
-1.000
-1.000
-1.000
-1.000
-1.000
-1.000
-1.000
-1.000
-1.000
-1.000
-1.000
-1.000
-1.000
-1.000
-1.000
-1.000
-1.000
-1.000
-1.000
-1.000
-1.000
-1.000
-1.000
-1.000
-1.000
-1.000
-1.000
-1.000
-1.000
-1.000
-1.000
-1.000
-1.000
-1.000
-1.000
-1.000
-1.000
-1.000
-1.000
-1.000
-1.000
-1.000
-1.000
-1.000
-1.000
-1.000
-1.000
-1.000
-1.000
-1.000
-1.000
-1.000
-1.000
-1.000
-1.000
-1.000
-1.000
-1.000
-1.000
-1.000
-1.000
-1.000
-1.000
-1.000
-1.000
-1.000
-1.000
-1.000
-1.000
-1.000
-1.000
-1.000
-1.000
-1.000
-1.000
-1.000
-1.000
-1.000
-1.000
-1.000
-1.000
-1.000
-1.000
-1.000
-1.000
-1.000
-1.000
-1.000
-1.000
-1.000
-1.000
-1.000
-1.000
-1.000
-1.000
-1.000
-1.000
-1.000
-1.000
-1.000
-1.000
-1.000
-1.000
-1.000
-1.000
-1.000
-1.000
-1.000
-1.000
-1.000
-1.000
-1.000
-1.000
-1.000
-1.000
-1.000
-1.000
-1.000
-1.000
-1.000
-1.000
-1.000
-1.000
-1.000
-1.000
-1.000
-1.000
-1.000
-1.000
-1.000
-1.000
-1.000
-1.000
-1.000
-1.000
-1.000
-1.000
-1.000
-1.000
-1.000
-1.000
-1.000
-1.000
-1.000
-1.000
-1.000
-1.000
-1.000
-1.000
-1.000
-1.000
-1.000
-1.000
-1.000
-1.000
-1.000
-1.000
-1.000
-1.000
-1.000
-1.000
-1.000
-1.000
-1.000
-1.000
-1.000
-1.000
-1.000
-1.000
-1.000
-1.000
-1.000
-1.000
-1.000
-1.000
-1.000
-1.000
-1.000
-1.000
-1.000
-1.000
-1.000
-1.000
-1.000
-1.000
-1.000
-1.000
-1.000
-1.000
-1.000
-1.000
-1.000
-1.000
-1.000
-1.000
-1.000
-1.000
-1.000
-1.000
-1.000
-1.000
-1.000
-1.000
-1.000
-1.000
-1.000
-1.000
-1.000
-1.000
-1.000
-1.000
-1.000
-1.000
-1.000
-1.000
-1.000
-1.000
-1.000
-1.000
-1.000
-1.000
-1.000
-1.000
-1.000
-1.000
-1.000
-1.000
-1.000
-1.000
-1.000
-1.000
-1.000
-1.000
-1.000
-1.000
-1.000
-1.000
-1.000
-1.000
-1.000
-1.000
-1.000
-1.000
-1.000
-1.000
-1.000
-1.000
-1.000
-1.000
-1.000
-1.000
-1.000
-1.000
-1.000
-1.000
-1.000
-1.000
-1.000
-1.000
-1.000
-1.000
-1.000
-1.000
-1.000
-1.000
-1.000
-1.000
-1.000
-1.000
-1.000
-1.000
-1.000
-1.000
-1.000
-1.000
-1.000
-1.000
-1.000
-1.000
-1.000
-1.000
-1.000
-1.000
-1.000
-1.000
-1.000
-1.000
-1.000
-1.000
-1.000
-1.000
-1.000
-1.000
-1.000
-1.000
-1.000
-1.000
-1.000
-1.000
-1.000
-1.000
-1.000
-1.000
-1.000
-1.000
-1.000
-1.000
-1.000
-1.000
-1.000
-1.000
-1.000
-1.000
-1.000
-1.000
-1.000
-1.000
-1.000
-1.000
-1.000
-1.000
-1.000
-1.000
-1.000
-1.000
-1.000
-1.000
-1.000
-1.000
-1.000
-1.000
-1.000
-1.000
-1.000
-1.000
-1.000
-1.000
-1.000
-1.000
-1.000
-1.000
-1.000
-1.000
-1.000
-1.000
-1.000
-1.000
-1.000
-1.000
-1.000
-1.000
-1.000
-1.000
-1.000
-1.000
-1.000
-1.000
-1.000
-1.000
-1.000
-1.000
-1.000
-1.000
-1.000
-1.000
-1.000
-1.000
-1.000
-1.000
-1.000
-1.000
-1.000
-1.000
-1.000
-1.000
-1.000
-1.000
-1.000
-1.000
-1.000
-1.000
-1.000
-1.000
-1.000
-1.000
-1.000
-1.000
-1.000
-1.000
-1.000
-1.000
-1.000
-1.000
-1.000
-1.000
-1.000
-1.000
-1.000
-1.000
-1.000
-1.000
-1.000
-1.000
-1.000
-1.000
-1.000
-1.000
-1.000
-1.000
-1.000
-1.000
-1.000
-1.000
-1.000
-1.000
-1.000
-1.000
-1.000
-1.000
-1.000
-1.000
-1.000
-1.000
-1.000
-1.000
-1.000
-1.000
-1.000
-1.000
-1.000
-1.000
-1.000
-1.000
-1.000
-1.000
-1.000
-1.000
-1.000
-1.000
-1.000
-1.000
-1.000
-1.000
-1.000
-1.000
-1.000
-1.000
-1.000
-1.000
-1.000
-1.000
-1.000
-1.000
-1.000
-1.000
-1.000
-1.000
-1.000
-1.000
-1.000
-1.000
-1.000
-1.000
-1.000
-1.000
-1.000
-1.000
-1.000
-1.000
-1.000
-1.000
-1.000
-1.000
-1.000
-1.000
-1.000
-1.000
-1.000
-1.000
-1.000
-1.000
-1.000
-1.000
-1.000
-1.000
-1.000
-1.000
-1.000
-1.000
-1.000
-1.000
-1.000
-1.000
-1.000
-1.000
-1.000
-1.000
-1.000
-1.000
-1.000
-1.000
-1.000
-1.000
-1.000
-1.000
-1.000
-1.000
-1.000
-1.000
-1.000
-1.000
-1.000
-1.000
-1.000
-1.000
-1.000
-1.000
-1.000
-1.000
-1.000
-1.000
-1.000
-1.000
-1.000
-1.000
-1.000
-1.000
-1.000
-1.000
-1.000
-1.000
-1.000
-1.000
-1.000
-1.000
-1.000
-1.000
-1.000
-1.000
-1.000
-1.000
-1.000
-1.000
-1.000
-1.000
-1.000
-1.000
-1.000
-1.000
-1.000
-1.000
-1.000
-1.000
-1.000
-1.000
-1.000
-1.000
-1.000
-1.000
-1.000
-1.000
-1.000
-1.000
-1.000
-1.000
-1.000
-1.000
-1.000
-1.000
-1.000
-1.000
-1.000
-1.000
-1.000
-1.000
-1.000
-1.000
-1.000
-1.000
-1.000
-1.000
-1.000
-1.000
-1.000
-1.000
-1.000
-1.000
-1.000
-1.000
-1.000
-1.000
-1.000
-1.000
-1.000
-1.000
-1.000
-1.000
-1.000
-1.000
-1.000
-1.000
-1.000
-1.000
-1.000
-1.000
-1.000
-1.000
-1.000
-1.000
-1.000
-1.000
-1.000
-1.000
-1.000
-1.000
-1.000
-1.000
-1.000
-1.000
-1.000
-1.000
-1.000
-1.000
-1.000
-1.000
-1.000
-1.000
-1.000
-1.000
-1.000
-1.000
-1.000
-1.000
-1.000
-1.000
-1.000
-1.000
-1.000
-1.000
-1.000
-1.000
-1.000
-1.000
-1.000
-1.000
-1.000
-1.000
-1.000
-1.000
-1.000
-1.000
-1.000
-1.000
-1.000
-1.000
-1.000
-1.000
-1.000
-1.000
-1.000
-1.000
-1.000
-1.000
-1.000
-1.000
-1.000
-1.000
-1.000
-1.000
-1.000
-1.000
-1.000
-1.000
-1.000
-1.000
-1.000
-1.000
-1.000
-1.000
-1.000
-1.000
-1.000
-1.000
-1.000
-1.000
-1.000
-1.000
-1.000
-1.000
-1.000
-1.000
-1.000
-1.000
-1.000
-1.000
-1.000
-1.000
-1.000
-1.000
-1.000
-1.000
-1.000
-1.000
-1.000
-1.000
-1.000
-1.000
-1.000
-1.000
-1.000
-1.000
-1.000
-1.000
-1.000
-1.000
-1.000
-1.000
-1.000
-1.000
-1.000
-1.000
-1.000
-1.000
-1.000
-1.000
-1.000
-1.000
-1.000
-1.000
-1.000
-1.000
-1.000
-1.000
-1.000
-1.000
-1.000
-1.000
-1.000
-1.000
-1.000
-1.000
-1.000
-1.000
-1.000
-1.000
-1.000
-1.000
-1.000
-1.000
-1.000
-1.000
-1.000
-1.000
-1.000
-1.000
-1.000
-1.000
-1.000
-1.000
-1.000
-1.000
-1.000
-1.000
-1.000
-1.000
-1.000
-1.000
-1.000
-1.000
-1.000
-1.000
-1.000
-1.000
-1.000
-1.000
-1.000
-1.000
-1.000
-1.000
-1.000
-1.000
-1.000
-1.000
-1.000
-1.000
-1.000
-1.000
-1.000
-1.000
-1.000
-1.000
-1.000
-1.000
-1.000
-1.000
-1.000
-1.000
-1.000
-1.000
-1.000
-1.000
-1.000
-1.000
-1.000
-1.000
-1.000
-1.000
-1.000
-1.000
-1.000
-1.000
-1.000
-1.000
-1.000
-1.000
-1.000
-1.000
-1.000
-1.000
-1.000
-1.000
-1.000
-1.000
-1.000
-1.000
-1.000
-1.000
-1.000
-1.000
-1.000
-1.000
-1.000
-1.000
-1.000
-1.000
-1.000
-1.000
-1.000
-1.000
-1.000
-1.000
-1.000
-1.000
-1.000
-1.000
-1.000
-1.000
-1.000
-1.000
-1.000
-1.000
-1.000
-1.000
-1.000
-1.000
-1.000
-1.000
-1.000
-1.000
-1.000
-1.000
-1.000
-1.000
-1.000
-1.000
-1.000
-1.000
-1.000
-1.000
-1.000
-1.000
-1.000
-1.000
-1.000
-1.000
-1.000
-1.000
-1.000
-1.000
-1.000
-1.000
-1.000
-1.000
-1.000
-1.000
-1.000
-1.000
-1.000
-1.000
-1.000
-1.000
-1.000
-1.000
-1.000
-1.000
-1.000
-1.000
-1.000
-1.000
-1.000
-1.000
-1.000
-1.000
-1.000
-1.000
-1.000
-1.000
-1.000
-1.000
-1.000
-1.000
-1.000
-1.000
-1.000
-1.000
-1.000
-1.000
-1.000
-1.000
-1.000
-1.000
-1.000
-1.000
-1.000
-1.000
-1.000
-1.000
-1.000
-1.000
-1.000
-1.000
-1.000
-1.000
-1.000
-1.000
-1.000
-1.000
-1.000
-1.000
-1.000
-1.000
-1.000
-1.000
-1.000
-1.000
-1.000
-1.000
-1.000
-1.000
-1.000
-1.000
-1.000
-1.000
-1.000
-1.000
-1.000
-1.000
-1.000
-1.000
-1.000
-1.000
-1.000
-1.000
-1.000
-1.000
-1.000
-1.000
-1.000
-1.000
-1.000
-1.000
-1.000
-1.000
-1.000
-1.000
-1.000
-1.000
-1.000
-1.000
-1.000
-1.000
-1.000
-1.000
-1.000
-1.000
-1.000
-1.000
-1.000
-1.000
-1.000
-1.000
-1.000
-1.000
-1.000
-1.000
-1.000
-1.000
-1.000
-1.000
-1.000
-1.000
-1.000
-1.000
-1.000
-1.000
-1.000
-1.000
-1.000
-1.000
-1.000
-1.000
-1.000
-1.000
-1.000
-1.000
-1.000
-1.000
-1.000
-1.000
-1.000
-1.000
-1.000
-1.000
-1.000
-1.000
-1.000
-1.000
-1.000
-1.000
-1.000
-1.000
-1.000
-1.000
-1.000
-1.000
-1.000
-1.000
-1.000
-1.000
-1.000
-1.000
-1.000
-1.000
-1.000
-1.000
-1.000
-1.000
-1.000
-1.000
-1.000
-1.000
-1.000
-1.000
-1.000
-1.000
-1.000
-1.000
-1.000
-1.000
-1.000
-1.000
-1.000
-1.000
-1.000
-1.000
-1.000
-1.000
-1.000
-1.000
-1.000
-1.000
-1.000
-1.000
-1.000
-1.000
-1.000
-1.000
-1.000
-1.000
-1.000
-1.000
-1.000
-1.000
-1.000
-1.000
-1.000
-1.000
-1.000
-1.000
-1.000
-1.000
-1.000
-1.000
-1.000
-1.000
-1.000
-1.000
-1.000
-1.000
-1.000
-1.000
-1.000
-1.000
-1.000
-1.000
-1.000
-1.000
-1.000
-1.000
-1.000
-1.000
-1.000
-1.000
-1.000
-1.000
-1.000
-1.000
-1.000
-1.000
-1.000
-1.000
-1.000
-1.000
-1.000
-1.000
-1.000
-1.000
-1.000
-1.000
-1.000
-1.000
-1.000
-1.000
-1.000
-1.000
-1.000
-1.000
-1.000
-1.000
-1.000
-1.000
-1.000
-1.000
-1.000
-1.000
-1.000
-1.000
-1.000
-1.000
-1.000
-1.000
-1.000
-1.000
-1.000
-1.000
-1.000
-1.000
-1.000
-1.000
-1.000
-1.000
-1.000
-1.000
-1.000
-1.000
-1.000
-1.000
-1.000
-1.000
-1.000
-1.000
-1.000
-1.000
-1.000
-1.000
-1.000
-1.000
-1.000
-1.000
-1.000
-1.000
-1.000
-1.000
-1.000
-1.000
-1.000
-1.000
-1.000
-1.000
-1.000
-1.000
-1.000
-1.000
-1.000
-1.000
-1.000
-1.000
-1.000
-1.000
-1.000
-1.000
-1.000
-1.000
-1.000
-1.000
-1.000
-1.000
-1.000
-1.000
-1.000
-1.000
-1.000
-1.000
-1.000
-1.000
-1.000
-1.000
-1.000
-1.000
-1.000
-1.000
-1.000
-1.000
-1.000
-1.000
-1.000
-1.000
-1.000
-1.000
-1.000
-1.000
-1.000
-1.000
-1.000
-1.000
-1.000
-1.000
-1.000
-1.000
-1.000
-1.000
-1.000
-1.000
-1.000
-1.000
-1.000
-1.000
-1.000
-1.000
-1.000
-1.000
-1.000
-1.000
-1.000
-1.000
-1.000
-1.000
-1.000
-1.000
-1.000
-1.000
-1.000
-1.000
-1.000
-1.000
-1.000
-1.000
-1.000
-1.000
-1.000
-1.000
-1.000
-1.000
-1.000
-1.000
-1.000
-1.000
-1.000
-1.000
-1.000
-1.000
-1.000
-1.000
-1.000
-1.000
-1.000
-1.000
-1.000
-1.000
-1.000
-1.000
-1.000
-1.000
-1.000
-1.000
-1.000
-1.000
-1.000
-1.000
-1.000
-1.000
-1.000
-1.000
-1.000
-1.000
-1.000
-1.000
-1.000
-1.000
-1.000
-1.000
-1.000
-1.000
-1.000
-1.000
-1.000
-1.000
-1.000
-1.000
-1.000
-1.000
-1.000
-1.000
-1.000
-1.000
-1.000
-1.000
-1.000
-1.000
-1.000
-1.000
-1.000
-1.000
-1.000
-1.000
-1.000
-1.000
-1.000
-1.000
-1.000
-1.000
-1.000
-1.000
-1.000
-1.000
-1.000
-1.000
-1.000
-1.000
-1.000
-1.000
-1.000
-1.000
-1.000
-1.000
-1.000
-1.000
-1.000
-1.000
-1.000
-1.000
-1.000
-1.000
-1.000
-1.000
-1.000
-1.000
-1.000
-1.000
-1.000
-1.000
-1.000
-1.000
-1.000
-1.000
-1.000
-1.000
-1.000
-1.000
-1.000
-1.000
-1.000
-1.000
-1.000
-1.000
-1.000
-1.000
-1.000
-1.000
-1.000
-1.000
-1.000
-1.000
-1.000
-1.000
-1.000
-1.000
-1.000
-1.000
-1.000
-1.000
-1.000
-1.000
-1.000
-1.000
-1.000
-1.000
-1.000
-1.000
-1.000
-1.000
-1.000
-1.000
-1.000
-1.000
-1.000
-1.000
-1.000
-1.000
-1.000
-1.000
-1.000
-1.000
-1.000
-1.000
-1.000
-1.000
-1.000
-1.000
-1.000
-1.000
-1.000
-1.000
-1.000
-1.000
-1.000
-1.000
-1.000
-1.000
-1.000
-1.000
-1.000
-1.000
-1.000
-1.000
-1.000
-1.000
-1.000
-1.000
-1.000
-1.000
-1.000
-1.000
-1.000
-1.000
-1.000
-1.000
-1.000
-1.000
-1.000
-1.000
-1.000
-1.000
-1.000
-1.000
-1.000
-1.000
-1.000
-1.000
-1.000
-1.000
-1.000
-1.000
-1.000
-1.000
-1.000
-1.000
-1.000
-1.000
-1.000
-1.000
-1.000
-1.000
-1.000
-1.000
-1.000
-1.000
-1.000
-1.000
-1.000
-1.000
-1.000
-1.000
-1.000
-1.000
-1.000
-1.000
-1.000
-1.000
-1.000
-1.000
-1.000
-1.000
-1.000
-1.000
-1.000
-1.000
-1.000
-1.000
-1.000
-1.000
-1.000
-1.000
-1.000
-1.000
-1.000
-1.000
-1.000
-1.000
-1.000
-1.000
-1.000
-1.000
-1.000
-1.000
-1.000
-1.000
-1.000
-1.000
-1.000
-1.000
-1.000
-1.000
-1.000
-1.000
-1.000
-1.000
-1.000
-1.000
-1.000
-1.000
-1.000
-1.000
-1.000
-1.000
-1.000
-1.000
-1.000
-1.000
-1.000
-1.000
-1.000
-1.000
-1.000
-1.000
-1.000
-1.000
-1.000
-1.000
-1.000
-1.000
-1.000
-1.000
-1.000
-1.000
-1.000
-1.000
-1.000
-1.000
-1.000
-1.000
-1.000
-1.000
-1.000
-1.000
-1.000
-1.000
-1.000
-1.000
-1.000
-1.000
-1.000
-1.000
-1.000
-1.000
-1.000
-1.000
-1.000
-1.000
-1.000
-1.000
-1.000
-1.000
-1.000
-1.000
-1.000
-1.000
-1.000
-1.000
-1.000
-1.000
-1.000
-1.000
-1.000
-1.000
-1.000
-1.000
-1.000
-1.000
-1.000
-1.000
-1.000
-1.000
-1.000
-1.000
-1.000
-1.000
-1.000
-1.000
-1.000
-1.000
-1.000
-1.000
-1.000
-1.000
-1.000
-1.000
-1.000
-1.000
-1.000
-1.000
-1.000
-1.000
-1.000
-1.000
-1.000
-1.000
-1.000
-1.000
-1.000
-1.000
-1.000
-1.000
-1.000
-1.000
-1.000
-1.000
-1.000
-1.000
-1.000
-1.000
-1.000
-1.000
-1.000
-1.000
-1.000
-1.000
-1.000
-1.000
-1.000
-1.000
-1.000
-1.000
-1.000
-1.000
-1.000
-1.000
-1.000
-1.000
-1.000
-1.000
-1.000
-1.000
-1.000
-1.000
-1.000
-1.000
-1.000
-1.000
-1.000
-1.000
-1.000
-1.000
-1.000
-1.000
-1.000
-1.000
-1.000
-1.000
-1.000
-1.000
-1.000
-1.000
-1.000
-1.000
-1.000
-1.000
-1.000
-1.000
-1.000
-1.000
-1.000
-1.000
-1.000
-1.000
-1.000
-1.000
-1.000
-1.000
-1.000
-1.000
-1.000
-1.000
-1.000
-1.000
-1.000
-1.000
-1.000
-1.000
-1.000
-1.000
-1.000
-1.000
-1.000
-1.000
-1.000
-1.000
-1.000
-1.000
-1.000
-1.000
-1.000
-1.000
-1.000
-1.000
-1.000
-1.000
-1.000
-1.000
-1.000
-1.000
-1.000
-1.000
-1.000
-1.000
-1.000
-1.000
-1.000
-1.000
-1.000
-1.000
-1.000
-1.000
-1.000
-1.000
-1.000
-1.000
-1.000
-1.000
-1.000
-1.000
-1.000
-1.000
-1.000
-1.000
-1.000
-1.000
-1.000
-1.000
-1.000
-1.000
-1.000
-1.000
-1.000
-1.000
-1.000
-1.000
-1.000
-1.000
-1.000
-1.000
-1.000
-1.000
-1.000
-1.000
-1.000
-1.000
-1.000
-1.000
-1.000
-1.000
-1.000
-1.000
-1.000
-1.000
-1.000
-1.000
-1.000
-1.000
-1.000
-1.000
-1.000
-1.000
-1.000
-1.000
-1.000
-1.000
-1.000
-1.000
-1.000
-1.000
-1.000
-1.000
-1.000
-1.000
-1.000
-1.000
-1.000
-1.000
-1.000
-1.000
-1.000
-1.000
-1.000
-1.000
-1.000
-1.000
-1.000
-1.000
-1.000
-1.000
-1.000
-1.000
-1.000
-1.000
-1.000
-1.000
-1.000
-1.000
-1.000
-1.000
-1.000
-1.000
-1.000
-1.000
-1.000
-1.000
-1.000
-1.000
-1.000
-1.000
-1.000
-1.000
-1.000
-1.000
-1.000
-1.000
-1.000
-1.000
-1.000
-1.000
-1.000
-1.000
-1.000
-1.000
-1.000
-1.000
-1.000
-1.000
-1.000
-1.000
-1.000
-1.000
-1.000
-1.000
-1.000
-1.000
-1.000
-1.000
-1.000
-1.000
-1.000
-1.000
-1.000
-1.000
-1.000
-1.000
-1.000
-1.000
-1.000
-1.000
-1.000
-1.000
-1.000
-1.000
-1.000
-1.000
-1.000
-1.000
-1.000
-1.000
-1.000
-1.000
-1.000
-1.000
-1.000
-1.000
-1.000
-1.000
-1.000
-1.000
-1.000
-1.000
-1.000
-1.000
-1.000
-1.000
-1.000
-1.000
-1.000
-1.000
-1.000
-1.000
-1.000
-1.000
-1.000
-1.000
-1.000
-1.000
-1.000
-1.000
-1.000
-1.000
-1.000
-1.000
-1.000
-1.000
-1.000
-1.000
-1.000
-1.000
-1.000
-1.000
-1.000
-1.000
-1.000
-1.000
-1.000
-1.000
-1.000
-1.000
-1.000
-1.000
-1.000
-1.000
-1.000
-1.000
-1.000
-1.000
-1.000
-1.000
-1.000
-1.000
-1.000
-1.000
-1.000
-1.000
-1.000
-1.000
-1.000
-1.000
-1.000
-1.000
-1.000
-1.000
-1.000
-1.000
-1.000
-1.000
-1.000
-1.000
-1.000
-1.000
-1.000
-1.000
-1.000
-1.000
-1.000
-1.000
-1.000
-1.000
-1.000
-1.000
-1.000
-1.000
-1.000
-1.000
-1.000
-1.000
-1.000
-1.000
-1.000
-1.000
-1.000
-1.000
-1.000
-1.000
-1.000
-1.000
-1.000
-1.000
-1.000
-1.000
-1.000
-1.000
-1.000
-1.000
-1.000
-1.000
-1.000
-1.000
-1.000
-1.000
-1.000
-1.000
-1.000
-1.000
-1.000
-1.000
-1.000
-1.000
-1.000
-1.000
-1.000
-1.000
-1.000
-1.000
-1.000
-1.000
-1.000
-1.000
-1.000
-1.000
-1.000
-1.000
-1.000
-1.000
-1.000
-1.000
-1.000
-1.000
-1.000
-1.000
-1.000
-1.000
-1.000
-1.000
-1.000
-1.000
-1.000
-1.000
-1.000
-1.000
-1.000
-1.000
-1.000
-1.000
-1.000
-1.000
-1.000
-1.000
-1.000
-1.000
-1.000
-1.000
-1.000
-1.000
-1.000
-1.000
-1.000
-1.000
-1.000
-1.000
-1.000
-1.000
-1.000
-1.000
-1.000
-1.000
-1.000
-1.000
-1.000
-1.000
-1.000
-1.000
-1.000
-1.000
-1.000
-1.000
-1.000
-1.000
-1.000
-1.000
-1.000
-1.000
-1.000
-1.000
-1.000
-1.000
-1.000
-1.000
-1.000
-1.000
-1.000
-1.000
-1.000
-1.000
-1.000
-1.000
-1.000
-1.000
-1.000
-1.000
-1.000
-1.000
-1.000
-1.000
-1.000
-1.000
-1.000
-1.000
-1.000
-1.000
-1.000
-1.000
-1.000
-1.000
-1.000
-1.000
-1.000
-1.000
-1.000
-1.000
-1.000
-1.000
-1.000
-1.000
-1.000
-1.000
-1.000
-1.000
-1.000
-1.000
-1.000
-1.000
-1.000
-1.000
-1.000
-1.000
-1.000
-1.000
-1.000
-1.000
-1.000
-1.000
-1.000
-1.000
-1.000
-1.000
-1.000
-1.000
-1.000
-1.000
-1.000
-1.000
-1.000
-1.000
-1.000
-1.000
-1.000
-1.000
-1.000
-1.000
-1.000
-1.000
-1.000
-1.000
-1.000
-1.000
-1.000
-1.000
-1.000
-1.000
-1.000
-1.000
-1.000
-1.000
-1.000
-1.000
-1.000
-1.000
-1.000
-1.000
-1.000
-1.000
-1.000
-1.000
-1.000
-1.000
-1.000
-1.000
-1.000
-1.000
-1.000
-1.000
-1.000
-1.000
-1.000
-1.000
-1.000
-1.000
-1.000
-1.000
-1.000
-1.000
-1.000
-1.000
-1.000
-1.000
-1.000
-1.000
-1.000
-1.000
-1.000
-1.000
-1.000
-1.000
-1.000
-1.000
-1.000
-1.000
-1.000
-1.000
-1.000
-1.000
-1.000
-1.000
-1.000
-1.000
-1.000
-1.000
-1.000
-1.000
-1.000
-1.000
-1.000
-1.000
-1.000
-1.000
-1.000
-1.000
-1.000
-1.000
-1.000
-1.000
-1.000
-1.000
-1.000
-1.000
-1.000
-1.000
-1.000
-1.000
-1.000
-1.000
-1.000
-1.000
-1.000
-1.000
-1.000
-1.000
-1.000
-1.000
-1.000
-1.000
-1.000
-1.000
-1.000
-1.000
-1.000
-1.000
-1.000
-1.000
-1.000
-1.000
-1.000
-1.000
-1.000
-1.000
-1.000
-1.000
-1.000
-1.000
-1.000
-1.000
-1.000
-1.000
-1.000
-1.000
-1.000
-1.000
-1.000
-1.000
-1.000
-1.000
-1.000
-1.000
-1.000
-1.000
-1.000
-1.000
-1.000
-1.000
-1.000
-1.000
-1.000
-1.000
-1.000
-1.000
-1.000
-1.000
-1.000
-1.000
-1.000
-1.000
-1.000
-1.000
-1.000
-1.000
-1.000
-1.000
-1.000
-1.000
-1.000
-1.000
-1.000
-1.000
-1.000
-1.000
-1.000
-1.000
-1.000
-1.000
-1.000
-1.000
-1.000
-1.000
-1.000
-1.000
-1.000
-1.000
-1.000
-1.000
-1.000
-1.000
-1.000
-1.000
-1.000
-1.000
-1.000
-1.000
-1.000
-1.000
-1.000
-1.000
-1.000
-1.000
-1.000
-1.000
-1.000
-1.000
-1.000
-1.000
-1.000
-1.000
-1.000
-1.000
-1.000
-1.000
-1.000
-1.000
-1.000
-1.000
-1.000
-1.000
-1.000
-1.000
-1.000
-1.000
-1.000
-1.000
-1.000
-1.000
-1.000
-1.000
-1.000
-1.000
-1.000
-1.000
-1.000
-1.000
-1.000
-1.000
-1.000
-1.000
-1.000
-1.000
-1.000
-1.000
-1.000
-1.000
-1.000
-1.000
-1.000
-1.000
-1.000
-1.000
-1.000
-1.000
-1.000
-1.000
-1.000
-1.000
-1.000
-1.000
-1.000
-1.000
-1.000
-1.000
-1.000
-1.000
-1.000
-1.000
-1.000
-1.000
-1.000
-1.000
-1.000
-1.000
-1.000
-1.000
-1.000
-1.000
-1.000
-1.000
-1.000
-1.000
-1.000
-1.000
-1.000
-1.000
-1.000
-1.000
-1.000
-1.000
-1.000
-1.000
-1.000
-1.000
-1.000
-1.000
-1.000
-1.000
-1.000
-1.000
-1.000
-1.000
-1.000
-1.000
-1.000
-1.000
-1.000
-1.000
-1.000
-1.000
-1.000
-1.000
-1.000
-1.000
-1.000
-1.000
-1.000
-1.000
-1.000
-1.000
-1.000
-1.000
-1.000
-1.000
-1.000
-1.000
-1.000
-1.000
-1.000
-1.000
-1.000
-1.000
-1.000
-1.000
-1.000
-1.000
-1.000
-1.000
-1.000
-1.000
-1.000
-1.000
-1.000
-1.000
-1.000
-1.000
-1.000
-1.000
-1.000
-1.000
-1.000
-1.000
-1.000
-1.000
-1.000
-1.000
-1.000
-1.000
-1.000
-1.000
-1.000
-1.000
-1.000
-1.000
-1.000
-1.000
-1.000
-1.000
-1.000
-1.000
-1.000
-1.000
-1.000
-1.000
-1.000
-1.000
-1.000
-1.000
-1.000
-1.000
-1.000
-1.000
-1.000
-1.000
-1.000
-1.000
-1.000
-1.000
-1.000
-1.000
-1.000
-1.000
-1.000
-1.000
-1.000
-1.000
-1.000
-1.000
-1.000
-1.000
-1.000
-1.000
-1.000
-1.000
-1.000
-1.000
-1.000
-1.000
-1.000
-1.000
-1.000
-1.000
-1.000
-1.000
-1.000
-1.000
-1.000
-1.000
-1.000
-1.000
-1.000
-1.000
-1.000
-1.000
-1.000
-1.000
-1.000
-1.000
-1.000
-1.000
-1.000
-1.000
-1.000
-1.000
-1.000
-1.000
-1.000
-1.000
-1.000
-1.000
-1.000
-1.000
-1.000
-1.000
-1.000
-1.000
-1.000
-1.000
-1.000
-1.000
-1.000
-1.000
-1.000
-1.000
-1.000
-1.000
-1.000
-1.000
-1.000
-1.000
-1.000
-1.000
-1.000
-1.000
-1.000
-1.000
-1.000
-1.000
-1.000
-1.000
-1.000
-1.000
-1.000
-1.000
-1.000
-1.000
-1.000
-1.000
-1.000
-1.000
-1.000
-1.000
-1.000
-1.000
-1.000
-1.000
-1.000
-1.000
-1.000
-1.000
-1.000
-1.000
-1.000
-1.000
-1.000
-1.000
-1.000
-1.000
-1.000
-1.000
-1.000
-1.000
-1.000
-1.000
-1.000
-1.000
-1.000
-1.000
-1.000
-1.000
-1.000
-1.000
-1.000
-1.000
-1.000
-1.000
-1.000
-1.000
-1.000
-1.000
-1.000
-1.000
-1.000
-1.000
-1.000
-1.000
-1.000
-1.000
-1.000
-1.000
-1.000
-1.000
-1.000
-1.000
-1.000
-1.000
-1.000
-1.000
-1.000
-1.000
-1.000
-1.000
-1.000
-1.000
-1.000
-1.000
-1.000
-1.000
-1.000
-1.000
-1.000
-1.000
-1.000
-1.000
-1.000
-1.000
-1.000
-1.000
-1.000
-1.000
-1.000
-1.000
-1.000
-1.000
-1.000
-1.000
-1.000
-1.000
-1.000
-1.000
-1.000
-1.000
-1.000
-1.000
-1.000
-1.000
-1.000
-1.000
-1.000
-1.000
-1.000
-1.000
-1.000
-1.000
-1.000
-1.000
-1.000
-1.000
-1.000
-1.000
-1.000
-1.000
-1.000
-1.000
-1.000
-1.000
-1.000
-1.000
-1.000
-1.000
-1.000
-1.000
-1.000
-1.000
-1.000
-1.000
-1.000
-1.000
-1.000
-1.000
-1.000
-1.000
-1.000
-1.000
-1.000
-1.000
-1.000
-1.000
-1.000
-1.000
-1.000
-1.000
-1.000
-1.000
-1.000
-1.000
-1.000
-1.000
-1.000
-1.000
-1.000
-1.000
-1.000
-1.000
-1.000
-1.000
-1.000
-1.000
-1.000
-1.000
-1.000
-1.000
-1.000
-1.000
-1.000
-1.000
-1.000
-1.000
-1.000
-1.000
-1.000
-1.000
-1.000
-1.000
-1.000
-1.000
-1.000
-1.000
-1.000
-1.000
-1.000
-1.000
-1.000
-1.000
-1.000
-1.000
-1.000
-1.000
-1.000
-1.000
-1.000
-1.000
-1.000
-1.000
-1.000
-1.000
-1.000
-1.000
-1.000
-1.000
-1.000
-1.000
-1.000
-1.000
-1.000
-1.000
-1.000
-1.000
-1.000
-1.000
-1.000
-1.000
-1.000
-1.000
-1.000
-1.000
-1.000
-1.000
-1.000
-1.000
-1.000
-1.000
-1.000
-1.000
-1.000
-1.000
3.065
2.166
1.557
-1.000
-1.000
-1.000
1.690
-1.000
1.463
1.460
-1.000
1.686
-1.000
1.424
2.685
-1.000
2.127
1.420
2.027
2.417
-1.000
2.719
-1.000
3.677
2.602
2.258
1.775
3.455
2.050
4.054
3.223
-1.000
1.464
-1.000
3.502
2.398
-1.000
-1.000
-1.000
-1.000
1.682
2.143
-1.000
3.221
3.282
3.879
-1.000
3.671
4.090
3.271
-1.000
-1.000
3.234
3.773
3.344
-1.000
-1.000
-1.000
3.424
3.534
-1.000
3.438
3.292
3.880
-1.000
-1.000
-1.000
3.825
-1.000
-1.000
3.140
-1.000
3.395
3.356
-1.000
-1.000
-1.000
-1.000
2.638
2.929
2.622
-1.000
-1.000
3.487
2.742
-1.000
-1.000
3.131
-1.000
3.857
-1.000
4.176
-1.000
2.945
3.558
3.678
-1.000
-1.000
2.891
-1.000
-1.000
3.925
-1.000
-1.000
3.267
2.576
3.568
-1.000
3.573
4.069
-1.000
4.289
-1.000
3.762
-1.000
-1.000
-1.000
-1.000
-1.000
-1.000
-1.000
-1.000
-1.000
-1.000
-1.000
-1.000
-1.000
-1.000
-1.000
-1.000
-1.000
2.919
3.611
2.559
2.440
-1.000
3.984
3.415
-1.000
2.649
-1.000
2.805
3.136
-1.000
-1.000
-1.000
-1.000
-1.000
-1.000
-1.000
-1.000
-1.000
-1.000
-1.000
-1.000
-1.000
-1.000
-1.000
-1.000
-1.000
-1.000
-1.000
-1.000
-1.000
-1.000
-1.000
-1.000
3.008
-1.000
-1.000
-1.000
-1.000
-1.000
-1.000
-1.000
-1.000
-1.000
-1.000
-1.000
-1.000
-1.000
-1.000
-1.000
-1.000
-1.000
-1.000
1.444
-1.000
-1.000
-1.000
1.437
-1.000
-1.000
0.995
-1.000
1.476
-1.000
1.396
3.695
2.314
2.577
3.334
-1.000
-1.000
-1.000
2.404
3.690
1.549
2.443
1.365
1.369
-1.000
1.657
2.023
2.898
-1.000
-1.000
-1.000
-1.000
3.065
3.278
3.577
3.655
-1.000
3.946
3.401
1.350
2.068
-1.000
-1.000
1.383
-1.000
-1.000
-1.000
2.233
-1.000
-1.000
1.878
2.355
4.027
2.238
1.959
1.617
-1.000
1.544
2.403
3.184
4.075
2.515
2.810
2.471
4.029
3.025
3.679
-1.000
3.953
-1.000
2.278
-1.000
3.069
-1.000
-1.000
-1.000
2.472
4.040
4.137
-1.000
-1.000
3.389
3.244
-1.000
-1.000
-1.000
-1.000
3.095
2.668
3.593
1.915
2.375
2.697
2.293
2.996
1.266
2.101
1.538
-1.000
3.151
1.602
3.591
2.040
0.807
-1.000
-1.000
1.975
1.359
-1.000
-1.000
-1.000
2.860
-1.000
-1.000
-1.000
0.956
-1.000
-1.000
2.384
1.192
-1.000
1.068
-1.000
1.556
1.273
2.411
4.189
2.132
3.685
1.546
1.323
2.554
1.542
-1.000
1.819
2.362
3.423
2.902
3.122
3.881
1.498
1.746
1.496
1.860
4.165
2.244
2.038
-1.000
1.425
1.359
-1.000
-1.000
-1.000
2.152
1.906
2.118
2.772
1.594
1.617
1.800
1.845
-1.000
-1.000
-1.000
-1.000
-1.000
-1.000
-1.000
-1.000
-1.000
-1.000
-1.000
-1.000
-1.000
-1.000
-1.000
-1.000
-1.000
-1.000
-1.000
-1.000
-1.000
-1.000
3.749
1.737
3.544
1.640
4.021
3.216
2.630
-1.000
2.690
2.881
2.648
2.756
-1.000
3.425
-1.000
2.176
1.578
2.867
1.821
-1.000
-1.000
4.009
2.677
3.122
2.213
4.011
-1.000
3.521
2.456
3.369
2.798
2.364
3.416
-1.000
4.278
4.191
4.093
3.258
3.763
3.827
-1.000
-1.000
-1.000
-1.000
-1.000
-1.000
2.551
1.842
2.258
4.007
2.227
2.606
2.756
1.691
1.981
-1.000
1.994
-1.000
-1.000
1.781
-1.000
2.160
2.931
-1.000
-1.000
-1.000
-1.000
-1.000
-1.000
-1.000
-1.000
-1.000
1.903
3.248
2.259
1.737
-1.000
-1.000
1.639
1.992
1.709
-1.000
1.931
2.062
3.072
2.595
1.669
-1.000
-1.000
-1.000
-1.000
-1.000
-1.000
-1.000
-1.000
-1.000
-1.000
-1.000
-1.000
-1.000
-1.000
-1.000
-1.000
-1.000
-1.000
-1.000
-1.000
-1.000
-1.000
-1.000
-1.000
-1.000
-1.000
-1.000
-1.000
-1.000
-1.000
-1.000
-1.000
-1.000
-1.000
-1.000
-1.000
-1.000
-1.000
-1.000
-1.000
-1.000
-1.000
-1.000
-1.000
-1.000
-1.000
-1.000
-1.000
-1.000
-1.000
-1.000
-1.000
-1.000
-1.000
-1.000
-1.000
-1.000
-1.000
-1.000
-1.000
-1.000
-1.000
-1.000
-1.000
-1.000
-1.000
-1.000
-1.000
2.639
2.773
2.406
3.457
2.847
4.023
2.703
3.599
-1.000
3.511
-1.000
2.755
3.770
-1.000
-1.000
3.020
-1.000
3.020
3.612
-1.000
2.985
-1.000
-1.000
2.879
-1.000
-1.000
3.077
3.248
3.501
3.131
3.749
-1.000
3.547
2.941
2.842
2.940
3.067
-1.000
2.722
2.420
-1.000
4.242
-1.000
-1.000
2.990
3.526
2.621
3.109
3.306
3.902
4.028
3.898
3.187
3.533
-1.000
4.137
3.472
-1.000
2.894
2.847
-1.000
-1.000
2.929
-1.000
-1.000
2.773
4.076
-1.000
-1.000
4.160
2.965
2.926
3.168
2.610
4.201
2.566
3.099
2.897
3.815
3.877
2.619
2.876
3.335
3.088
-1.000
2.908
3.323
-1.000
2.080
2.904
-1.000
-1.000
2.021
-1.000
2.386
3.848
-1.000
3.838
2.057
-1.000
2.767
2.536
2.346
-1.000
3.855
3.511
-1.000
-1.000
-1.000
2.743
-1.000
2.824
2.712
3.612
4.342
2.788
2.769
3.975
2.619
2.662
3.146
4.142
3.844
4.011
4.095
4.077
4.230
3.483
2.892
4.272
2.317
4.159
3.631
-1.000
-1.000
4.191
-1.000
-1.000
-1.000
-1.000
-1.000
3.702
3.365
2.950
3.164
3.801
-1.000
3.068
-1.000
3.005
2.955
4.170
-1.000
-1.000
3.999
2.674
-1.000
-1.000
-1.000
3.778
2.482
-1.000
3.098
3.758
3.736
3.086
4.137
2.854
2.807
2.594
4.166
3.884
-1.000
2.759
3.660
-1.000
-1.000
3.114
3.127
-1.000
3.817
2.981
2.573
3.031
-1.000
2.894
4.341
3.967
2.998
-1.000
3.078
2.903
-1.000
-1.000
2.608
-1.000
4.274
3.157
-1.000
3.463
2.979
3.782
3.536
3.439
3.490
3.084
-1.000
3.928
-1.000
4.065
-1.000
-1.000
-1.000
3.940
4.326
3.958
2.592
2.641
-1.000
3.715
3.007
3.931
4.327
4.374
-1.000
-1.000
-1.000
-1.000
-1.000
-1.000
2.630
-1.000
-1.000
-1.000
3.525
2.826
-1.000
-1.000
3.754
3.193
-1.000
2.408
-1.000
3.758
3.254
-1.000
-1.000
-1.000
2.739
4.189
2.913
3.194
-1.000
-1.000
-1.000
3.515
-1.000
3.939
4.279
3.954
4.037
-1.000
3.539
4.244
-1.000
3.974
2.676
4.258
-1.000
4.116
4.047
4.068
-1.000
3.589
3.238
3.485
3.603
3.373
3.138
3.598
-1.000
3.537
3.490
-1.000
3.099
4.137
-1.000
-1.000
-1.000
-1.000
4.018
3.031
4.036
2.840
3.842
3.863
3.126
2.673
3.872
-1.000
3.166
-1.000
3.343
4.182
-1.000
3.388
3.594
2.679
-1.000
-1.000
-1.000
-1.000
-1.000
2.934
2.570
-1.000
3.526
2.885
-1.000
2.897
3.148
3.611
3.866
3.011
3.272
3.371
3.403
4.065
3.666
2.917
3.215
2.635
3.684
4.394
-1.000
3.899
2.769
-1.000
-1.000
3.693
2.756
3.386
-1.000
-1.000
3.449
-1.000
3.334
-1.000
-1.000
3.108
2.480
4.155
2.667
3.402
3.796
4.277
-1.000
3.004
-1.000
3.386
3.433
-1.000
3.963
-1.000
-1.000
-1.000
-1.000
-1.000
-1.000
-1.000
-1.000
-1.000
-1.000
-1.000
-1.000
4.009
3.907
-1.000
3.883
4.190
4.310
-1.000
-1.000
4.250
3.487
-1.000
-1.000
-1.000
3.345
-1.000
3.736
3.056
3.368
-1.000
2.694
3.390
3.589
3.935
-1.000
3.224
-1.000
-1.000
-1.000
-1.000
-1.000
-1.000
-1.000
3.321
3.691
-1.000
3.138
-1.000
3.502
3.442
-1.000
3.064
3.129
4.138
3.459
3.374
-1.000
-1.000
-1.000
-1.000
-1.000
3.412
-1.000
-1.000
3.398
3.458
-1.000
3.711
-1.000
3.543
3.294
-1.000
3.860
3.549
3.876
4.363
-1.000
3.646
3.303
-1.000
3.581
3.797
-1.000
3.983
-1.000
-1.000
4.139
-1.000
-1.000
4.123
3.562
-1.000
4.370
3.949
4.115
-1.000
4.290
-1.000
4.385
3.661
4.348
-1.000
-1.000
-1.000
3.689
-1.000
3.476
-1.000
4.133
-1.000
4.300
3.682
-1.000
-1.000
4.059
3.405
-1.000
3.058
-1.000
-1.000
-1.000
4.297
3.227
-1.000
3.494
-1.000
-1.000
3.956
3.999
3.189
3.839
3.896
-1.000
-1.000
3.816
3.795
-1.000
4.038
4.173
3.315
-1.000
-1.000
-1.000
-1.000
-1.000
-1.000
4.094
-1.000
-1.000
-1.000
3.703
3.492
-1.000
-1.000
3.615
3.735
3.980
-1.000
3.023
-1.000
-1.000
3.818
-1.000
2.914
1.149
-1.000
-1.000
1.118
-1.000
-1.000
1.454
-1.000
1.695
-1.000
1.498
-1.000
2.485
-1.000
1.787
1.872
2.682
1.543
2.404
1.628
3.755
2.726
3.224
-1.000
3.193
4.016
2.953
-1.000
2.521
-1.000
2.646
1.618
-1.000
-1.000
-1.000
-1.000
-1.000
1.527
3.388
2.688
2.529
2.316
4.120
1.011
1.912
-1.000
2.604
2.115
-1.000
1.322
-1.000
2.096
-1.000
1.465
-1.000
-1.000
2.425
-1.000
1.568
2.329
2.698
3.587
-1.000
-1.000
2.947
-1.000
3.524
4.120
-1.000
-1.000
4.380
-1.000
4.246
3.858
2.896
-1.000
3.127
3.380
3.468
1.875
-1.000
1.209
1.365
-1.000
3.974
1.807
2.000
-1.000
2.072
3.513
3.883
-1.000
1.592
-1.000
2.174
-1.000
-1.000
-1.000
3.374
3.994
-1.000
3.519
2.466
3.383
3.457
2.706
-1.000
-1.000
2.467
4.185
-1.000
-1.000
-1.000
3.794
-1.000
4.338
-1.000
1.592
1.568
2.517
4.228
2.172
1.670
1.435
1.060
1.298
1.314
1.378
-1.000
4.032
2.822
-1.000
-1.000
-1.000
4.264
2.118
-1.000
-1.000
3.999
4.257
2.906
2.687
2.730
-1.000
2.653
2.913
3.202
3.291
4.355
4.195
4.013
-1.000
3.936
3.758
-1.000
2.785
-1.000
-1.000
1.976
3.485
-1.000
3.835
-1.000
-1.000
3.901
-1.000
3.300
4.113
2.078
1.837
-1.000
2.682
2.987
-1.000
3.724
1.799
2.482
-1.000
2.694
2.446
3.418
-1.000
-1.000
0.850
2.334
-1.000
-1.000
3.381
4.391
-1.000
3.291
-1.000
1.014
2.694
1.561
2.388
1.460
3.092
3.938
1.788
2.062
1.927
3.525
3.033
2.300
1.151
1.489
-1.000
-1.000
-1.000
-1.000
-1.000
2.992
1.765
2.900
-1.000
1.357
1.922
2.102
1.581
1.289
1.846
1.295
-1.000
-1.000
2.236
-1.000
1.903
2.243
2.509
2.104
3.973
2.593
-1.000
-1.000
1.770
-1.000
-1.000
-1.000
-1.000
-1.000
-1.000
-1.000
-1.000
-1.000
3.410
2.324
2.741
1.629
2.073
-1.000
3.932
3.018
-1.000
-1.000
-1.000
-1.000
4.117
-1.000
3.120
2.751
2.741
-1.000
3.953
3.085
-1.000
2.008
2.328
-1.000
3.176
2.824
1.725
3.849
-1.000
3.016
1.824
3.607
-1.000
3.351
4.237
2.980
2.992
-1.000
3.037
3.589
3.319
-1.000
2.973
-1.000
3.377
2.936
3.662
3.579
2.064
2.679
3.031
3.256
3.493
-1.000
2.833
2.635
2.822
-1.000
3.351
3.520
2.860
3.360
-1.000
-1.000
-1.000
3.586
-1.000
-1.000
3.917
-1.000
-1.000
-1.000
2.950
-1.000
-1.000
2.724
3.169
4.180
3.063
-1.000
2.818
2.503
2.743
-1.000
2.914
2.973
2.537
3.131
3.906
-1.000
-1.000
-1.000
-1.000
-1.000
-1.000
3.595
-1.000
-1.000
-1.000
-1.000
2.548
-1.000
4.129
3.793
3.084
3.203
-1.000
3.133
-1.000
-1.000
4.218
-1.000
3.426
3.660
3.589
-1.000
2.746
3.597
3.098
2.904
-1.000
-1.000
3.614
-1.000
3.806
-1.000
-1.000
3.878
-1.000
3.839
-1.000
-1.000
-1.000
3.678
3.493
-1.000
3.010
-1.000
3.699
-1.000
-1.000
-1.000
3.774
3.992
3.433
3.915
3.321
2.856
-1.000
-1.000
3.576
-1.000
-1.000
-1.000
3.675
-1.000
-1.000
3.513
4.119
-1.000
-1.000
-1.000
4.223
2.964
3.665
-1.000
-1.000
-1.000
4.065
2.659
0.899
-1.000
1.824
1.561
3.344
1.740
1.199
2.579
-1.000
1.102
-1.000
-1.000
2.682
4.100
-1.000
-1.000
2.590
2.532
2.168
-1.000
-1.000
1.774
3.532
-1.000
-1.000
1.302
1.067
1.313
1.356
1.515
-1.000
2.875
2.373
2.956
1.565
2.094
1.976
1.296
1.543
2.550
-1.000
-1.000
2.208
2.835
3.059
2.471
3.881
2.011
-1.000
-1.000
3.489
-1.000
4.068
2.767
-1.000
-1.000
2.534
-1.000
-1.000
-1.000
-1.000
3.949
2.752
-1.000
-1.000
-1.000
-1.000
-1.000
-1.000
-1.000
-1.000
-1.000
-1.000
2.602
2.445
4.242
1.395
3.550
1.558
1.797
2.422
-1.000
-1.000
2.612
-1.000
-1.000
2.504
1.495
2.685
2.436
3.140
4.093
3.210
-1.000
3.920
4.376
2.946
2.111
1.873
2.082
-1.000
-1.000
-1.000
3.483
-1.000
3.870
-1.000
4.274
-1.000
-1.000
-1.000
-1.000
-1.000
1.836
2.610
2.153
2.603
3.732
-1.000
-1.000
3.357
-1.000
2.664
-1.000
2.877
-1.000
-1.000
2.883
-1.000
-1.000
2.551
-1.000
1.753
1.481
-1.000
2.178
2.033
3.474
3.429
2.137
2.740
4.203
2.635
3.171
-1.000
2.409
2.697
2.996
3.604
3.268
-1.000
-1.000
-1.000
-1.000
1.057
1.710
-1.000
1.262
-1.000
1.530
2.104
1.368
2.053
2.571
2.663
2.873
2.810
1.784
-1.000
4.256
3.425
3.818
4.025
2.797
2.864
1.828
2.767
-1.000
2.384
-1.000
3.942
2.385
2.628
-1.000
-1.000
2.177
3.863
-1.000
2.749
3.923
3.529
-1.000
3.029
-1.000
4.232
2.077
-1.000
1.873
3.509
2.774
-1.000
2.805
2.299
4.064
1.911
2.825
2.863
4.242
3.098
-1.000
2.467
-1.000
3.198
2.602
4.290
-1.000
4.293
-1.000
-1.000
3.444
-1.000
3.624
2.494
3.384
3.133
-1.000
3.311
-1.000
-1.000
3.195
3.020
2.618
2.745
3.007
-1.000
-1.000
-1.000
-1.000
3.382
-1.000
-1.000
3.775
4.300
3.746
1.848
2.138
2.639
2.605
2.080
-1.000
2.376
2.174
1.926
-1.000
3.424
-1.000
2.466
-1.000
-1.000
-1.000
3.113
-1.000
3.227
-1.000
-1.000
-1.000
1.674
1.902
-1.000
2.741
1.609
2.577
2.050
-1.000
-1.000
-1.000
-1.000
3.958
-1.000
-1.000
-1.000
4.351
-1.000
-1.000
-1.000
2.375
3.391
-1.000
2.959
-1.000
-1.000
-1.000
2.762
3.475
-1.000
-1.000
-1.000
-1.000
-1.000
-1.000
-1.000
4.023
3.023
3.332
-1.000
3.084
4.229
-1.000
-1.000
-1.000
3.310
4.040
2.541
-1.000
-1.000
2.834
-1.000
4.355
3.097
3.065
2.891
-1.000
2.868
2.693
2.903
-1.000
3.066
2.945
2.789
3.010
2.723
-1.000
3.955
-1.000
2.633
-1.000
-1.000
-1.000
-1.000
1.536
3.572
1.192
-1.000
-1.000
-1.000
-1.000
-1.000
-1.000
-1.000
-1.000
0.927
-1.000
-1.000
-1.000
2.004
-1.000
1.542
1.551
-1.000
-1.000
1.769
-1.000
2.070
1.464
-1.000
4.146
-1.000
4.161
2.731
3.238
1.947
-1.000
-1.000
2.591
3.738
-1.000
3.141
-1.000
1.511
3.634
3.847
-1.000
1.956
2.116
3.800
1.969
2.066
1.896
-1.000
3.168
-1.000
-1.000
-1.000
-1.000
-1.000
3.014
-1.000
1.786
-1.000
2.066
2.248
3.901
2.329
1.588
2.507
-1.000
3.108
-1.000
-1.000
-1.000
2.426
-1.000
-1.000
2.962
1.967
1.453
1.973
-1.000
1.974
-1.000
-1.000
2.504
-1.000
3.472
-1.000
-1.000
-1.000
-1.000
1.239
-1.000
1.702
1.771
2.272
2.524
2.291
-1.000
-1.000
4.057
2.296
-1.000
-1.000
-1.000
4.213
3.238
1.949
2.962
-1.000
-1.000
-1.000
-1.000
2.239
2.974
-1.000
-1.000
2.504
3.707
2.209
1.538
1.560
3.377
2.360
3.080
1.547
-1.000
-1.000
1.896
-1.000
2.417
3.399
-1.000
-1.000
1.893
-1.000
2.944
-1.000
-1.000
-1.000
2.898
2.483
-1.000
2.091
-1.000
2.018
-1.000
1.344
-1.000
0.955
-1.000
-1.000
-1.000
-1.000
2.330
2.918
2.711
1.634
3.173
1.405
-1.000
1.302
-1.000
-1.000
2.840
-1.000
-1.000
-1.000
-1.000
1.569
-1.000
3.634
1.719
-1.000
1.845
1.859
2.129
3.920
4.367
2.146
3.865
2.833
2.110
4.223
2.528
-1.000
4.394
2.703
3.351
-1.000
3.073
2.876
-1.000
2.428
2.829
3.250
3.831
2.986
3.057
1.781
4.295
2.139
1.796
2.931
2.864
-1.000
2.440
3.928
1.869
-1.000
3.946
2.425
4.245
2.808
3.570
-1.000
3.990
2.011
2.360
2.020
1.986
2.447
3.709
-1.000
-1.000
3.736
3.229
2.834
3.205
-1.000
2.155
-1.000
3.241
-1.000
-1.000
2.432
-1.000
2.768
3.763
2.451
3.691
3.294
3.896
2.333
2.947
-1.000
2.401
2.702
2.836
2.242
3.016
-1.000
2.812
3.602
-1.000
3.997
2.874
3.936
3.834
-1.000
-1.000
3.063
3.499
-1.000
-1.000
2.917
2.907
3.672
3.165
-1.000
2.898
-1.000
-1.000
-1.000
3.234
3.464
3.403
2.804
2.777
-1.000
3.212
3.452
3.938
2.843
3.559
-1.000
3.178
3.968
3.302
3.256
3.737
3.932
3.697
3.233
-1.000
-1.000
-1.000
3.975
3.354
-1.000
-1.000
3.104
2.688
-1.000
3.890
2.784
-1.000
3.055
-1.000
-1.000
-1.000
2.724
4.396
3.538
-1.000
4.003
-1.000
-1.000
-1.000
-1.000
-1.000
3.823
3.638
3.227
3.553
2.915
3.387
3.026
2.998
3.082
3.194
-1.000
-1.000
2.561
2.314
3.073
3.174
3.434
-1.000
3.789
-1.000
4.225
3.714
2.888
3.838
3.176
3.029
3.831
3.092
3.548
-1.000
-1.000
4.293
-1.000
3.595
4.087
3.047
-1.000
-1.000
-1.000
2.828
2.881
-1.000
-1.000
-1.000
3.448
-1.000
-1.000
-1.000
-1.000
3.049
-1.000
-1.000
-1.000
-1.000
3.234
3.056
2.640
-1.000
-1.000
3.837
-1.000
-1.000
-1.000
-1.000
-1.000
-1.000
-1.000
-1.000
3.020
3.035
-1.000
3.601
3.315
3.715
-1.000
-1.000
-1.000
-1.000
-1.000
-1.000
-1.000
-1.000
4.041
-1.000
4.093
3.663
3.060
3.369
4.197
-1.000
3.957
-1.000
-1.000
3.891
3.698
-1.000
4.224
-1.000
4.049
4.014
-1.000
3.898
3.210
3.569
4.224
3.290
-1.000
-1.000
4.392
4.363
4.204
3.626
3.800
-1.000
-1.000
-1.000
3.359
-1.000
-1.000
4.353
4.379
4.252
-1.000
-1.000
3.405
3.476
3.931
3.667
3.978
-1.000
3.252
4.242
3.701
4.387
-1.000
4.331
-1.000
3.870
2.973
-1.000
3.165
3.460
-1.000
4.178
3.267
3.654
4.176
3.196
3.854
2.994
3.087
3.538
-1.000
-1.000
3.437
4.152
-1.000
3.174
3.045
3.472
-1.000
3.614
-1.000
-1.000
-1.000
-1.000
3.805
-1.000
-1.000
-1.000
-1.000
-1.000
-1.000
-1.000
-1.000
-1.000
-1.000
-1.000
-1.000
-1.000
-1.000
-1.000
-1.000
-1.000
-1.000
-1.000
-1.000
-1.000
-1.000
-1.000
-1.000
-1.000
-1.000
-1.000
-1.000
-1.000
-1.000
-1.000
-1.000
-1.000
-1.000
-1.000
-1.000
-1.000
-1.000
-1.000
3.435
4.361
-1.000
-1.000
3.757
-1.000
4.169
-1.000
3.711
-1.000
-1.000
3.326
3.391
3.622
4.281
3.933
3.277
3.959
-1.000
4.075
3.649
-1.000
-1.000
-1.000
3.956
-1.000
3.393
-1.000
4.001
3.587
-1.000
-1.000
3.680
3.813
-1.000
4.044
-1.000
3.488
-1.000
-1.000
-1.000
-1.000
4.236
-1.000
-1.000
-1.000
-1.000
3.651
4.118
-1.000
3.287
3.112
-1.000
3.891
4.355
-1.000
4.143
-1.000
-1.000
3.239
4.151
-1.000
-1.000
-1.000
3.777
-1.000
3.212
3.859
4.284
-1.000
-1.000
-1.000
-1.000
-1.000
3.578
-1.000
-1.000
3.970
3.743
3.817
3.533
-1.000
4.114
3.277
-1.000
3.343
-1.000
-1.000
-1.000
-1.000
3.343
3.989
-1.000
-1.000
-1.000
-1.000
-1.000
3.905
-1.000
-1.000
-1.000
-1.000
-1.000
3.735
-1.000
4.217
-1.000
-1.000
-1.000
-1.000
-1.000
-1.000
4.099
-1.000
-1.000
4.235
-1.000
-1.000
-1.000
-1.000
-1.000
-1.000
-1.000
-1.000
-1.000
4.074
4.227
-1.000
-1.000
-1.000
-1.000
3.499
-1.000
-1.000
4.186
-1.000
-1.000
-1.000
-1.000
-1.000
-1.000
-1.000
-1.000
-1.000
-1.000
-1.000
4.351
3.699
4.288
-1.000
-1.000
-1.000
-1.000
-1.000
-1.000
-1.000
-1.000
-1.000
-1.000
-1.000
-1.000
-1.000
-1.000
3.587
-1.000
-1.000
-1.000
-1.000
-1.000
-1.000
-1.000
-1.000
-1.000
-1.000
-1.000
-1.000
-1.000
-1.000
-1.000
-1.000
-1.000
-1.000
-1.000
-1.000
-1.000
-1.000
-1.000
-1.000
-1.000
-1.000
-1.000
-1.000
-1.000
-1.000
-1.000
-1.000
-1.000
-1.000
-1.000
-1.000
-1.000
-1.000
-1.000
-1.000
-1.000
-1.000
-1.000
-1.000
-1.000
-1.000
-1.000
-1.000
-1.000
-1.000
-1.000
-1.000
-1.000
-1.000
-1.000
4.329
3.543
4.023
-1.000
-1.000
3.919
3.721
-1.000
3.598
-1.000
3.843
4.155
-1.000
-1.000
-1.000
-1.000
-1.000
-1.000
-1.000
-1.000
-1.000
-1.000
-1.000
-1.000
-1.000
-1.000
-1.000
-1.000
-1.000
-1.000
-1.000
-1.000
-1.000
-1.000
-1.000
-1.000
-1.000
-1.000
-1.000
-1.000
-1.000
-1.000
-1.000
-1.000
-1.000
-1.000
-1.000
4.030
-1.000
-1.000
-1.000
-1.000
-1.000
-1.000
-1.000
-1.000
-1.000
-1.000
-1.000
-1.000
-1.000
-1.000
-1.000
-1.000
-1.000
-1.000
4.338
-1.000
-1.000
-1.000
-1.000
-1.000
-1.000
-1.000
-1.000
-1.000
-1.000
-1.000
-1.000
-1.000
-1.000
4.016
-1.000
-1.000
4.282
-1.000
3.845
-1.000
-1.000
-1.000
4.167
-1.000
-1.000
-1.000
3.979
-1.000
-1.000
-1.000
-1.000
-1.000
-1.000
-1.000
-1.000
-1.000
-1.000
-1.000
3.649
-1.000
-1.000
-1.000
-1.000
-1.000
-1.000
-1.000
-1.000
-1.000
-1.000
-1.000
-1.000
-1.000
-1.000
4.324
-1.000
-1.000
-1.000
-1.000
-1.000
4.268
-1.000
-1.000
4.301
-1.000
-1.000
-1.000
-1.000
-1.000
-1.000
-1.000
4.323
-1.000
-1.000
-1.000
-1.000
-1.000
-1.000
-1.000
-1.000
4.229
-1.000
4.144
-1.000
-1.000
-1.000
-1.000
-1.000
-1.000
-1.000
-1.000
-1.000
-1.000
-1.000
-1.000
4.238
-1.000
-1.000
-1.000
-1.000
-1.000
4.114
-1.000
-1.000
-1.000
-1.000
-1.000
3.992
-1.000
2.250
2.859
1.414
2.188
2.538
1.886
2.282
2.214
2.879
3.164
3.206
3.213
2.931
2.510
3.114
-1.000
3.313
2.050
2.920
2.849
2.680
2.285
-1.000
-1.000
2.324
-1.000
2.319
1.929
2.338
2.605
2.467
-1.000
2.373
2.500
2.365
2.908
2.508
2.643
3.057
2.576
-1.000
2.851
2.271
3.884
-1.000
-1.000
2.220
-1.000
3.004
-1.000
2.186
2.683
-1.000
3.364
3.534
-1.000
-1.000
-1.000
4.176
2.885
4.129
2.723
2.457
2.580
3.016
-1.000
-1.000
-1.000
-1.000
-1.000
-1.000
-1.000
-1.000
3.858
2.558
3.519
2.635
-1.000
3.616
-1.000
-1.000
3.189
2.914
3.072
-1.000
-1.000
-1.000
-1.000
-1.000
-1.000
-1.000
-1.000
3.750
-1.000
3.668
2.647
-1.000
2.944
3.921
3.352
3.036
-1.000
-1.000
4.281
2.911
-1.000
-1.000
-1.000
2.577
3.634
-1.000
2.655
-1.000
-1.000
-1.000
2.629
-1.000
2.616
-1.000
-1.000
3.998
-1.000
2.980
-1.000
3.261
-1.000
-1.000
3.986
-1.000
-1.000
2.930
-1.000
3.710
3.226
3.884
4.132
-1.000
3.027
-1.000
2.675
4.045
-1.000
3.195
-1.000
-1.000
-1.000
2.910
3.296
-1.000
2.930
-1.000
-1.000
2.674
-1.000
-1.000
2.931
3.063
3.745
-1.000
-1.000
-1.000
-1.000
-1.000
3.274
-1.000
-1.000
-1.000
2.538
1.437
2.359
2.075
-1.000
-1.000
2.241
-1.000
-1.000
1.947
1.421
2.043
1.925
-1.000
-1.000
2.557
2.420
2.225
0.952
-1.000
0.720
0.713
-1.000
-1.000
-1.000
-1.000
-1.000
2.878
1.844
3.117
-1.000
-1.000
-1.000
-1.000
1.075
-1.000
-1.000
-1.000
-1.000
-1.000
-1.000
-1.000
1.583
2.827
-1.000
1.709
1.736
-1.000
-1.000
-1.000
3.219
1.764
1.671
1.732
0.929
-1.000
-1.000
-1.000
-1.000
1.051
2.025
1.033
1.213
1.015
1.443
-1.000
-1.000
-1.000
-1.000
-1.000
-1.000
2.338
1.019
-1.000
-1.000
-1.000
-1.000
1.134
-1.000
-1.000
-1.000
-1.000
3.139
1.805
4.020
1.429
4.020
-1.000
1.398
2.390
1.554
3.222
1.599
1.913
2.222
3.017
4.133
1.662
1.140
1.117
1.440
-1.000
-1.000
4.287
1.386
1.265
-1.000
-1.000
-1.000
-1.000
2.167
-1.000
1.515
-1.000
-1.000
2.817
1.429
2.096
2.235
1.388
-1.000
-1.000
-1.000
-1.000
2.941
2.664
3.514
3.086
1.877
1.994
1.850
1.878
-1.000
-1.000
-1.000
-1.000
-1.000
-1.000
-1.000
-1.000
-1.000
3.048
2.549
2.910
3.075
2.558
3.725
-1.000
-1.000
-1.000
-1.000
2.998
2.139
1.495
1.974
1.935
2.146
-1.000
2.730
2.218
2.483
2.913
2.154
2.184
2.096
2.359
4.015
2.523
2.673
3.032
2.881
-1.000
-1.000
-1.000
2.913
2.121
-1.000
-1.000
-1.000
-1.000
-1.000
2.601
4.119
-1.000
-1.000
-1.000
-1.000
-1.000
3.347
-1.000
2.272
2.909
2.176
3.195
3.129
3.894
2.786
3.927
-1.000
-1.000
-1.000
-1.000
-1.000
-1.000
-1.000
-1.000
-1.000
-1.000
-1.000
-1.000
3.575
-1.000
3.073
-1.000
-1.000
3.152
3.755
3.891
-1.000
-1.000
-1.000
-1.000
-1.000
-1.000
-1.000
-1.000
-1.000
-1.000
-1.000
-1.000
-1.000
-1.000
-1.000
-1.000
-1.000
-1.000
4.191
-1.000
-1.000
4.280
4.385
-1.000
-1.000
-1.000
-1.000
-1.000
-1.000
-1.000
2.171
2.410
3.405
2.906
1.787
3.234
2.412
-1.000
2.317
-1.000
2.095
2.524
-1.000
2.870
1.764
4.032
3.237
2.808
3.986
-1.000
-1.000
4.130
-1.000
3.180
2.213
1.612
2.813
2.273
-1.000
-1.000
-1.000
2.969
1.417
3.238
3.075
2.173
-1.000
-1.000
-1.000
2.528
4.278
-1.000
-1.000
3.705
-1.000
-1.000
-1.000
-1.000
-1.000
-1.000
-1.000
-1.000
-1.000
2.749
-1.000
2.929
2.863
3.217
1.182
-1.000
1.333
1.375
2.097
2.106
1.966
-1.000
1.361
-1.000
2.179
-1.000
2.492
1.945
2.853
3.777
2.711
2.676
-1.000
-1.000
-1.000
-1.000
-1.000
2.309
-1.000
-1.000
4.268
2.351
-1.000
-1.000
-1.000
-1.000
-1.000
-1.000
-1.000
-1.000
-1.000
-1.000
-1.000
-1.000
3.854
-1.000
3.736
2.945
2.520
2.599
-1.000
-1.000
-1.000
-1.000
-1.000
3.621
-1.000
4.210
-1.000
-1.000
-1.000
-1.000
-1.000
-1.000
-1.000
-1.000
-1.000
-1.000
3.848
4.080
4.298
-1.000
-1.000
3.156
-1.000
-1.000
-1.000
-1.000
-1.000
-1.000
-1.000
-1.000
4.134
-1.000
-1.000
-1.000
-1.000
4.302
-1.000
-1.000
-1.000
4.381
-1.000
-1.000
3.997
-1.000
4.381
4.395
3.707
-1.000
4.090
3.938
3.879
-1.000
-1.000
-1.000
-1.000
-1.000
-1.000
-1.000
-1.000
-1.000
-1.000
-1.000
-1.000
-1.000
-1.000
-1.000
-1.000
-1.000
-1.000
-1.000
-1.000
-1.000
-1.000
-1.000
-1.000
-1.000
-1.000
-1.000
-1.000
-1.000
-1.000
-1.000
-1.000
-1.000
-1.000
-1.000
-1.000
-1.000
-1.000
-1.000
1.515
2.173
2.212
3.004
1.805
1.714
2.105
-1.000
3.108
-1.000
-1.000
3.380
-1.000
-1.000
-1.000
2.922
-1.000
-1.000
3.430
-1.000
-1.000
-1.000
-1.000
-1.000
3.480
3.129
3.357
3.401
3.820
3.390
-1.000
-1.000
-1.000
-1.000
-1.000
-1.000
4.016
4.354
-1.000
-1.000
-1.000
-1.000
3.148
2.620
-1.000
-1.000
2.030
0.914
-1.000
-1.000
0.938
-1.000
-1.000
1.728
-1.000
-1.000
1.232
1.226
2.105
1.379
2.918
3.088
2.489
2.207
1.336
-1.000
2.942
1.514
2.834
-1.000
1.932
1.313
-1.000
3.413
-1.000
-1.000
1.734
1.971
-1.000
3.801
4.199
3.645
2.980
1.616
3.950
1.510
1.699
2.356
1.677
1.711
3.270
2.472
2.028
-1.000
3.021
-1.000
2.852
2.613
1.529
1.530
1.267
-1.000
-1.000
-1.000
-1.000
-1.000
-1.000
3.834
2.363
-1.000
2.767
1.740
4.243
1.848
3.186
1.588
-1.000
-1.000
-1.000
-1.000
-1.000
-1.000
-1.000
1.816
2.285
2.001
1.443
1.364
1.740
1.580
1.331
1.473
1.516
1.861
-1.000
3.186
2.706
4.258
3.019
-1.000
2.665
3.138
2.299
-1.000
2.029
-1.000
2.488
-1.000
2.773
-1.000
2.975
-1.000
3.063
2.474
2.763
-1.000
2.577
-1.000
-1.000
2.680
4.311
-1.000
2.347
2.259
-1.000
3.100
-1.000
2.479
2.273
-1.000
3.065
2.576
3.674
3.030
-1.000
-1.000
-1.000
3.163
3.120
-1.000
-1.000
2.867
2.645
-1.000
2.434
2.307
4.296
3.727
4.386
3.029
2.669
-1.000
2.100
2.600
2.592
-1.000
2.697
3.089
2.898
4.376
2.478
-1.000
2.743
-1.000
2.457
4.335
-1.000
2.369
-1.000
2.599
-1.000
3.114
-1.000
-1.000
2.981
-1.000
-1.000
2.624
-1.000
-1.000
-1.000
3.582
2.895
2.948
3.251
-1.000
-1.000
-1.000
2.456
-1.000
2.315
3.117
2.760
2.773
2.417
2.652
3.565
-1.000
4.065
3.036
-1.000
-1.000
3.466
4.168
2.989
-1.000
3.900
3.039
3.099
3.422
3.223
-1.000
2.908
2.888
-1.000
-1.000
-1.000
2.849
2.732
-1.000
3.186
3.482
-1.000
3.087
3.823
2.808
3.386
2.766
2.802
2.844
3.024
3.199
3.551
-1.000
-1.000
3.407
-1.000
-1.000
-1.000
3.378
-1.000
3.497
-1.000
-1.000
3.825
3.272
-1.000
4.169
4.309
3.352
-1.000
3.768
-1.000
4.088
3.386
2.875
3.379
3.100
3.353
-1.000
-1.000
3.176
3.217
3.142
-1.000
3.085
2.793
3.327
-1.000
-1.000
3.710
4.089
3.922
-1.000
3.941
3.761
-1.000
-1.000
-1.000
-1.000
3.540
2.857
2.867
2.827
-1.000
4.234
-1.000
3.116
3.403
1.821
-1.000
1.738
2.192
1.743
-1.000
1.313
2.609
4.082
-1.000
-1.000
-1.000
1.981
-1.000
2.506
3.213
2.668
1.159
-1.000
-1.000
-1.000
1.299
1.225
-1.000
1.650
1.591
1.894
2.497
1.459
-1.000
-1.000
1.364
-1.000
1.639
1.891
1.491
3.436
3.859
1.593
-1.000
2.242
4.345
-1.000
1.898
-1.000
3.741
-1.000
3.917
3.092
2.177
-1.000
-1.000
2.380
3.603
2.935
3.868
3.975
3.291
-1.000
-1.000
-1.000
-1.000
-1.000
-1.000
-1.000
-1.000
-1.000
-1.000
1.125
-1.000
1.385
1.371
2.147
1.652
1.505
2.760
1.633
-1.000
2.265
3.112
3.314
-1.000
-1.000
-1.000
-1.000
-1.000
3.882
2.856
2.421
2.884
-1.000
1.978
1.801
1.977
-1.000
2.670
-1.000
3.602
2.075
-1.000
-1.000
-1.000
2.053
4.371
-1.000
-1.000
-1.000
3.051
-1.000
2.473
3.083
-1.000
-1.000
-1.000
-1.000
3.924
-1.000
0.999
-1.000
1.017
1.332
1.702
2.010
-1.000
1.993
3.749
1.404
1.678
1.817
-1.000
-1.000
3.005
4.172
-1.000
1.880
2.034
-1.000
2.039
-1.000
-1.000
1.793
-1.000
-1.000
1.926
-1.000
3.055
3.111
2.814
4.366
-1.000
3.274
-1.000
4.151
3.993
2.172
-1.000
-1.000
-1.000
-1.000
4.178
3.674
-1.000
-1.000
3.120
3.272
3.816
2.864
2.624
2.667
3.161
-1.000
-1.000
3.641
3.182
-1.000
3.263
3.572
3.348
-1.000
-1.000
3.626
-1.000
-1.000
-1.000
-1.000
-1.000
-1.000
3.333
-1.000
-1.000
3.459
-1.000
-1.000
4.008
4.015
-1.000
-1.000
3.351
3.385
-1.000
-1.000
-1.000
-1.000
4.006
3.580
-1.000
-1.000
-1.000
4.143
4.326
-1.000
-1.000
-1.000
3.237
3.575
-1.000
-1.000
-1.000
-1.000
-1.000
3.234
3.202
-1.000
-1.000
3.653
3.031
3.303
3.165
-1.000
3.198
-1.000
3.523
-1.000
-1.000
4.385
-1.000
-1.000
-1.000
-1.000
-1.000
-1.000
3.475
4.019
3.830
3.403
3.983
-1.000
-1.000
2.176
3.379
-1.000
2.799
1.115
1.191
1.429
2.239
-1.000
-1.000
1.915
-1.000
-1.000
-1.000
4.108
-1.000
2.203
2.020
3.085
3.082
2.887
-1.000
2.868
1.821
1.687
2.686
-1.000
-1.000
1.768
2.350
-1.000
-1.000
-1.000
2.387
-1.000
-1.000
-1.000
2.899
1.830
3.396
-1.000
-1.000
2.612
2.335
2.677
-1.000
2.417
2.079
1.877
3.893
2.593
3.520
-1.000
2.187
2.667
2.520
-1.000
4.297
-1.000
3.738
3.569
-1.000
2.940
-1.000
2.817
2.933
2.066
-1.000
2.696
2.037
3.876
-1.000
2.427
2.734
-1.000
2.059
3.696
1.716
2.278
4.266
-1.000
3.168
-1.000
-1.000
-1.000
-1.000
-1.000
-1.000
-1.000
-1.000
2.779
-1.000
3.501
2.243
-1.000
2.281
2.617
2.506
3.695
2.612
2.557
2.992
2.269
-1.000
2.730
3.657
3.292
2.658
2.795
3.025
3.540
3.129
-1.000
3.694
-1.000
2.338
2.375
2.117
1.988
-1.000
2.975
2.883
-1.000
3.735
-1.000
1.978
-1.000
3.480
2.054
2.656
2.458
2.646
3.228
3.332
3.229
-1.000
4.346
2.729
4.310
-1.000
3.518
-1.000
2.186
-1.000
-1.000
-1.000
-1.000
-1.000
-1.000
-1.000
-1.000
2.322
-1.000
-1.000
3.839
4.353
2.557
2.524
-1.000
-1.000
2.272
3.266
2.944
2.670
-1.000
-1.000
-1.000
4.112
3.523
3.240
2.885
2.647
2.886
2.432
2.253
2.415
2.512
3.273
3.956
2.751
2.720
-1.000
3.993
-1.000
2.752
2.509
2.504
3.478
3.032
-1.000
-1.000
-1.000
3.035
2.570
3.842
2.456
2.592
2.677
-1.000
2.897
-1.000
3.901
3.360
2.697
-1.000
-1.000
2.591
3.745
2.184
3.568
-1.000
-1.000
3.768
3.026
3.430
-1.000
-1.000
-1.000
-1.000
-1.000
-1.000
3.165
2.571
-1.000
3.656
-1.000
-1.000
-1.000
-1.000
-1.000
-1.000
-1.000
-1.000
3.274
-1.000
2.806
2.735
3.081
-1.000
-1.000
4.362
3.303
2.501
-1.000
3.687
-1.000
-1.000
-1.000
3.131
2.653
4.353
3.662
2.809
3.323
3.890
2.904
2.707
3.986
2.650
-1.000
2.918
-1.000
4.198
3.309
-1.000
-1.000
3.802
2.722
2.996
3.384
3.358
3.491
3.206
3.070
3.022
3.942
-1.000
-1.000
-1.000
-1.000
-1.000
-1.000
-1.000
-1.000
-1.000
-1.000
-1.000
-1.000
-1.000
-1.000
-1.000
-1.000
-1.000
-1.000
-1.000
-1.000
-1.000
-1.000
-1.000
-1.000
-1.000
-1.000
-1.000
-1.000
-1.000
-1.000
-1.000
-1.000
-1.000
-1.000
-1.000
-1.000
-1.000
-1.000
-1.000
-1.000
-1.000
-1.000
-1.000
-1.000
-1.000
-1.000
-1.000
-1.000
-1.000
-1.000
-1.000
-1.000
-1.000
-1.000
-1.000
-1.000
1.403
-1.000
-1.000
-1.000
2.956
2.892
1.876
3.488
-1.000
2.194
-1.000
-1.000
-1.000
-1.000
1.855
-1.000
-1.000
2.316
3.375
2.054
3.101
1.460
-1.000
-1.000
4.305
2.654
3.167
2.444
1.770
-1.000
-1.000
1.300
-1.000
2.645
3.320
2.094
3.461
-1.000
-1.000
-1.000
-1.000
2.354
2.341
3.082
4.156
2.258
3.474
2.145
-1.000
2.202
-1.000
2.633
2.308
-1.000
2.157
2.130
1.911
1.265
1.613
-1.000
-1.000
3.699
2.656
3.011
-1.000
-1.000
4.036
1.725
2.812
1.643
-1.000
-1.000
2.538
3.825
1.469
2.541
-1.000
3.353
-1.000
2.080
1.954
1.690
1.803
-1.000
-1.000
2.323
-1.000
-1.000
-1.000
-1.000
-1.000
2.098
3.377
-1.000
-1.000
3.443
-1.000
2.139
2.793
1.731
1.901
2.005
3.135
-1.000
2.371
4.200
-1.000
-1.000
-1.000
3.503
1.490
2.995
3.664
2.320
1.759
1.734
1.752
-1.000
2.648
-1.000
-1.000
-1.000
-1.000
-1.000
-1.000
-1.000
-1.000
4.160
-1.000
-1.000
-1.000
-1.000
-1.000
-1.000
4.113
-1.000
4.013
-1.000
-1.000
3.761
-1.000
-1.000
-1.000
3.710
-1.000
-1.000
3.388
0.932
-1.000
-1.000
-1.000
1.582
-1.000
-1.000
1.205
-1.000
-1.000
-1.000
3.467
-1.000
-1.000
-1.000
-1.000
2.336
-1.000
1.814
-1.000
-1.000
2.616
3.217
1.773
2.805
1.256
-1.000
-1.000
-1.000
3.464
-1.000
-1.000
-1.000
4.019
3.122
2.994
2.793
2.086
3.777
2.767
2.683
-1.000
1.965
1.483
2.028
1.417
1.527
-1.000
-1.000
-1.000
-1.000
-1.000
-1.000
-1.000
2.133
-1.000
2.281
4.330
2.222
1.793
2.354
3.441
-1.000
-1.000
3.282
-1.000
3.204
3.616
-1.000
2.539
3.603
3.436
2.571
3.777
2.698
2.282
-1.000
-1.000
3.461
-1.000
-1.000
1.686
2.134
2.163
-1.000
1.718
2.411
1.948
1.521
2.368
1.801
-1.000
1.866
1.646
2.320
4.198
-1.000
-1.000
1.827
-1.000
1.868
4.176
3.195
