-1.000
-1.000
-1.000
-1.000
-1.000
-1.000
-1.000
-1.000
-1.000
-1.000
-1.000
-1.000
-1.000
-1.000
-1.000
-1.000
-1.000
-1.000
-1.000
3.761
3.294
-1.000
-1.000
-1.000
-1.000
-1.000
-1.000
-1.000
-1.000
-1.000
-1.000
-1.000
-1.000
-1.000
-1.000
-1.000
-1.000
-1.000
-1.000
-1.000
-1.000
-1.000
-1.000
-1.000
4.223
4.332
-1.000
-1.000
-1.000
-1.000
-1.000
-1.000
-1.000
-1.000
-1.000
-1.000
-1.000
-1.000
-1.000
-1.000
-1.000
-1.000
-1.000
-1.000
-1.000
-1.000
-1.000
-1.000
-1.000
-1.000
-1.000
-1.000
-1.000
-1.000
-1.000
-1.000
-1.000
-1.000
-1.000
-1.000
4.808
-1.000
-1.000
-1.000
-1.000
-1.000
-1.000
-1.000
-1.000
-1.000
-1.000
-1.000
-1.000
-1.000
-1.000
-1.000
-1.000
-1.000
-1.000
-1.000
-1.000
-1.000
-1.000
-1.000
-1.000
-1.000
-1.000
-1.000
-1.000
-1.000
-1.000
-1.000
-1.000
-1.000
-1.000
-1.000
-1.000
-1.000
4.741
-1.000
4.278
-1.000
4.239
-1.000
-1.000
4.806
-1.000
-1.000
-1.000
-1.000
3.918
3.399
3.403
-1.000
-1.000
-1.000
-1.000
-1.000
5.065
-1.000
4.412
4.044
-1.000
-1.000
-1.000
-1.000
2.564
3.506
4.131
-1.000
-1.000
-1.000
-1.000
-1.000
-1.000
-1.000
4.605
-1.000
-1.000
-1.000
4.095
4.731
-1.000
4.309
-1.000
-1.000
-1.000
-1.000
-1.000
4.208
-1.000
4.252
5.107
-1.000
-1.000
-1.000
3.423
-1.000
4.386
3.848
3.856
-1.000
4.048
-1.000
-1.000
-1.000
-1.000
-1.000
-1.000
-1.000
-1.000
3.569
4.664
-1.000
3.967
3.980
-1.000
-1.000
2.998
-1.000
3.580
5.522
4.287
-1.000
3.775
4.763
5.041
5.112
3.679
-1.000
2.763
4.390
4.433
3.928
4.807
-1.000
4.173
5.477
4.365
3.724
-1.000
3.862
4.674
3.336
-1.000
3.853
-1.000
3.896
-1.000
-1.000
3.128
-1.000
3.309
2.970
-1.000
4.816
-1.000
-1.000
-1.000
-1.000
3.423
-1.000
3.596
-1.000
-1.000
-1.000
-1.000
4.578
5.191
-1.000
4.182
-1.000
-1.000
4.377
-1.000
2.354
-1.000
3.833
-1.000
-1.000
-1.000
-1.000
4.776
4.925
4.763
-1.000
5.348
-1.000
4.675
5.200
2.782
4.906
-1.000
3.611
-1.000
-1.000
2.943
3.735
-1.000
-1.000
4.212
-1.000
-1.000
-1.000
-1.000
-1.000
-1.000
-1.000
3.411
4.500
4.217
-1.000
-1.000
-1.000
3.997
3.810
-1.000
-1.000
-1.000
4.406
4.330
3.478
4.053
4.597
5.695
-1.000
-1.000
3.767
-1.000
-1.000
3.327
4.184
-1.000
-1.000
-1.000
3.328
-1.000
4.430
-1.000
-1.000
3.979
4.100
-1.000
-1.000
-1.000
3.948
2.715
-1.000
-1.000
-1.000
4.689
-1.000
3.165
4.355
-1.000
-1.000
-1.000
-1.000
-1.000
4.461
4.565
3.513
4.134
-1.000
-1.000
4.429
4.148
-1.000
3.584
4.782
-1.000
4.669
4.722
-1.000
-1.000
-1.000
-1.000
-1.000
4.141
-1.000
-1.000
-1.000
3.965
-1.000
-1.000
-1.000
-1.000
3.845
5.146
-1.000
2.849
4.518
-1.000
4.602
3.625
-1.000
4.252
-1.000
-1.000
-1.000
4.108
-1.000
-1.000
3.228
-1.000
-1.000
4.390
2.255
4.186
3.120
-1.000
4.474
-1.000
-1.000
3.792
-1.000
4.098
-1.000
4.159
3.709
-1.000
4.850
-1.000
4.284
2.043
-1.000
-1.000
4.405
4.580
-1.000
3.867
4.124
-1.000
-1.000
-1.000
-1.000
3.810
-1.000
-1.000
5.131
4.275
3.681
-1.000
4.664
-1.000
3.378
4.417
-1.000
3.853
4.211
4.607
4.008
5.189
5.564
-1.000
-1.000
-1.000
-1.000
-1.000
-1.000
4.274
-1.000
-1.000
-1.000
-1.000
-1.000
-1.000
-1.000
-1.000
-1.000
2.805
-1.000
-1.000
-1.000
-1.000
-1.000
-1.000
-1.000
-1.000
-1.000
-1.000
-1.000
-1.000
-1.000
-1.000
-1.000
3.452
4.942
4.386
-1.000
-1.000
-1.000
4.910
4.078
-1.000
-1.000
-1.000
-1.000
-1.000
-1.000
-1.000
3.694
-1.000
4.236
-1.000
-1.000
-1.000
3.720
3.986
-1.000
4.513
-1.000
-1.000
-1.000
-1.000
4.357
4.173
-1.000
-1.000
-1.000
-1.000
5.144
-1.000
-1.000
-1.000
3.740
4.423
-1.000
-1.000
4.149
-1.000
-1.000
4.671
3.722
-1.000
-1.000
-1.000
4.746
4.642
4.166
3.071
-1.000
-1.000
-1.000
-1.000
-1.000
-1.000
-1.000
-1.000
-1.000
-1.000
-1.000
-1.000
-1.000
-1.000
-1.000
-1.000
-1.000
-1.000
-1.000
-1.000
-1.000
-1.000
-1.000
-1.000
-1.000
-1.000
-1.000
-1.000
-1.000
-1.000
-1.000
-1.000
-1.000
-1.000
-1.000
-1.000
-1.000
-1.000
-1.000
-1.000
-1.000
-1.000
-1.000
-1.000
-1.000
-1.000
-1.000
-1.000
-1.000
-1.000
-1.000
-1.000
-1.000
-1.000
-1.000
-1.000
-1.000
-1.000
-1.000
-1.000
-1.000
-1.000
-1.000
-1.000
-1.000
-1.000
-1.000
-1.000
-1.000
-1.000
-1.000
-1.000
-1.000
-1.000
-1.000
-1.000
-1.000
-1.000
-1.000
-1.000
-1.000
-1.000
-1.000
-1.000
-1.000
-1.000
-1.000
-1.000
-1.000
3.701
4.086
-1.000
-1.000
-1.000
-1.000
-1.000
4.363
-1.000
-1.000
3.569
4.916
4.108
-1.000
4.396
-1.000
-1.000
3.756
-1.000
-1.000
-1.000
-1.000
-1.000
-1.000
4.163
-1.000
-1.000
-1.000
-1.000
-1.000
-1.000
-1.000
-1.000
-1.000
-1.000
-1.000
-1.000
-1.000
-1.000
-1.000
-1.000
-1.000
-1.000
-1.000
-1.000
-1.000
-1.000
-1.000
-1.000
5.293
-1.000
-1.000
-1.000
-1.000
-1.000
-1.000
-1.000
-1.000
-1.000
-1.000
-1.000
-1.000
-1.000
-1.000
-1.000
-1.000
-1.000
-1.000
-1.000
-1.000
-1.000
-1.000
-1.000
-1.000
-1.000
-1.000
5.719
-1.000
4.616
4.208
-1.000
-1.000
-1.000
-1.000
-1.000
-1.000
-1.000
-1.000
-1.000
-1.000
-1.000
-1.000
-1.000
-1.000
-1.000
-1.000
-1.000
-1.000
-1.000
-1.000
-1.000
-1.000
-1.000
-1.000
-1.000
-1.000
-1.000
-1.000
-1.000
-1.000
-1.000
-1.000
-1.000
-1.000
-1.000
-1.000
-1.000
-1.000
-1.000
-1.000
-1.000
-1.000
-1.000
-1.000
-1.000
-1.000
-1.000
-1.000
-1.000
-1.000
-1.000
-1.000
-1.000
-1.000
-1.000
-1.000
-1.000
-1.000
-1.000
-1.000
-1.000
-1.000
-1.000
-1.000
-1.000
-1.000
-1.000
-1.000
-1.000
-1.000
-1.000
-1.000
-1.000
-1.000
-1.000
-1.000
-1.000
-1.000
-1.000
-1.000
-1.000
-1.000
-1.000
-1.000
-1.000
-1.000
-1.000
-1.000
-1.000
-1.000
-1.000
-1.000
-1.000
-1.000
-1.000
-1.000
-1.000
-1.000
-1.000
-1.000
-1.000
-1.000
-1.000
-1.000
-1.000
-1.000
-1.000
-1.000
-1.000
-1.000
-1.000
-1.000
-1.000
-1.000
-1.000
-1.000
-1.000
-1.000
-1.000
-1.000
-1.000
-1.000
-1.000
-1.000
-1.000
-1.000
-1.000
-1.000
-1.000
-1.000
-1.000
-1.000
-1.000
-1.000
-1.000
-1.000
-1.000
-1.000
-1.000
-1.000
-1.000
-1.000
-1.000
-1.000
-1.000
-1.000
-1.000
-1.000
-1.000
-1.000
-1.000
-1.000
-1.000
-1.000
-1.000
-1.000
-1.000
-1.000
-1.000
-1.000
-1.000
-1.000
-1.000
-1.000
-1.000
-1.000
-1.000
-1.000
-1.000
-1.000
-1.000
-1.000
-1.000
-1.000
-1.000
-1.000
-1.000
-1.000
-1.000
-1.000
-1.000
-1.000
-1.000
-1.000
-1.000
-1.000
-1.000
-1.000
-1.000
-1.000
-1.000
-1.000
-1.000
-1.000
-1.000
-1.000
-1.000
-1.000
-1.000
-1.000
-1.000
-1.000
-1.000
-1.000
-1.000
-1.000
-1.000
-1.000
-1.000
-1.000
-1.000
-1.000
-1.000
-1.000
-1.000
-1.000
-1.000
-1.000
-1.000
-1.000
-1.000
-1.000
-1.000
-1.000
-1.000
-1.000
-1.000
-1.000
-1.000
-1.000
-1.000
-1.000
-1.000
-1.000
-1.000
-1.000
-1.000
-1.000
-1.000
-1.000
-1.000
-1.000
-1.000
-1.000
-1.000
-1.000
-1.000
-1.000
-1.000
-1.000
-1.000
-1.000
-1.000
-1.000
-1.000
-1.000
-1.000
-1.000
-1.000
-1.000
-1.000
-1.000
-1.000
-1.000
-1.000
-1.000
-1.000
-1.000
-1.000
-1.000
-1.000
-1.000
-1.000
-1.000
-1.000
-1.000
-1.000
-1.000
-1.000
-1.000
-1.000
-1.000
-1.000
-1.000
-1.000
-1.000
-1.000
-1.000
-1.000
-1.000
-1.000
-1.000
-1.000
-1.000
-1.000
-1.000
-1.000
-1.000
-1.000
-1.000
-1.000
-1.000
-1.000
-1.000
-1.000
-1.000
-1.000
-1.000
-1.000
-1.000
-1.000
-1.000
-1.000
-1.000
-1.000
-1.000
-1.000
-1.000
-1.000
-1.000
-1.000
-1.000
-1.000
-1.000
-1.000
-1.000
-1.000
-1.000
-1.000
-1.000
-1.000
-1.000
-1.000
-1.000
-1.000
-1.000
-1.000
-1.000
-1.000
-1.000
-1.000
-1.000
-1.000
-1.000
-1.000
-1.000
-1.000
-1.000
-1.000
-1.000
-1.000
-1.000
-1.000
4.387
-1.000
-1.000
-1.000
-1.000
-1.000
-1.000
-1.000
-1.000
-1.000
-1.000
-1.000
-1.000
-1.000
-1.000
-1.000
-1.000
-1.000
-1.000
-1.000
-1.000
-1.000
-1.000
-1.000
-1.000
-1.000
-1.000
-1.000
-1.000
-1.000
-1.000
-1.000
-1.000
-1.000
-1.000
-1.000
-1.000
-1.000
-1.000
-1.000
-1.000
-1.000
-1.000
-1.000
-1.000
-1.000
-1.000
-1.000
-1.000
-1.000
-1.000
-1.000
-1.000
-1.000
-1.000
-1.000
-1.000
-1.000
-1.000
-1.000
-1.000
-1.000
-1.000
-1.000
-1.000
-1.000
-1.000
-1.000
-1.000
-1.000
-1.000
-1.000
-1.000
-1.000
-1.000
-1.000
-1.000
-1.000
-1.000
-1.000
-1.000
-1.000
-1.000
-1.000
-1.000
-1.000
-1.000
-1.000
-1.000
-1.000
-1.000
-1.000
-1.000
-1.000
-1.000
-1.000
-1.000
-1.000
-1.000
-1.000
-1.000
-1.000
-1.000
-1.000
-1.000
-1.000
-1.000
-1.000
-1.000
-1.000
-1.000
-1.000
-1.000
-1.000
-1.000
-1.000
-1.000
3.874
-1.000
-1.000
-1.000
4.665
-1.000
-1.000
-1.000
-1.000
-1.000
-1.000
-1.000
-1.000
-1.000
-1.000
-1.000
-1.000
3.886
4.563
-1.000
-1.000
-1.000
-1.000
3.619
-1.000
-1.000
-1.000
-1.000
3.618
-1.000
-1.000
-1.000
4.899
-1.000
-1.000
4.584
5.242
-1.000
-1.000
4.129
-1.000
-1.000
-1.000
-1.000
-1.000
4.700
3.927
-1.000
4.997
-1.000
3.450
4.235
5.056
3.514
-1.000
-1.000
4.070
-1.000
-1.000
-1.000
3.965
4.782
4.040
4.517
-1.000
-1.000
-1.000
-1.000
-1.000
-1.000
3.582
-1.000
-1.000
-1.000
-1.000
4.642
4.031
-1.000
-1.000
3.388
-1.000
-1.000
-1.000
-1.000
-1.000
4.152
-1.000
3.269
-1.000
5.245
3.636
3.636
3.257
-1.000
-1.000
-1.000
-1.000
-1.000
4.588
-1.000
2.292
-1.000
4.538
4.779
-1.000
-1.000
4.993
4.295
-1.000
-1.000
4.771
-1.000
-1.000
-1.000
3.101
4.233
-1.000
-1.000
-1.000
-1.000
-1.000
-1.000
-1.000
-1.000
-1.000
-1.000
-1.000
-1.000
-1.000
-1.000
-1.000
-1.000
-1.000
-1.000
-1.000
-1.000
-1.000
-1.000
-1.000
-1.000
-1.000
-1.000
-1.000
-1.000
-1.000
-1.000
-1.000
-1.000
-1.000
-1.000
-1.000
-1.000
-1.000
-1.000
-1.000
-1.000
-1.000
-1.000
-1.000
-1.000
-1.000
-1.000
-1.000
-1.000
-1.000
-1.000
-1.000
-1.000
-1.000
-1.000
-1.000
-1.000
-1.000
-1.000
-1.000
-1.000
-1.000
-1.000
-1.000
-1.000
-1.000
-1.000
-1.000
-1.000
-1.000
-1.000
-1.000
-1.000
-1.000
-1.000
-1.000
-1.000
-1.000
-1.000
-1.000
-1.000
-1.000
-1.000
-1.000
-1.000
-1.000
-1.000
-1.000
-1.000
-1.000
-1.000
-1.000
-1.000
-1.000
-1.000
-1.000
-1.000
-1.000
-1.000
-1.000
-1.000
-1.000
-1.000
-1.000
-1.000
-1.000
-1.000
-1.000
-1.000
-1.000
-1.000
-1.000
-1.000
-1.000
-1.000
-1.000
-1.000
-1.000
-1.000
-1.000
-1.000
-1.000
-1.000
-1.000
-1.000
-1.000
-1.000
-1.000
-1.000
-1.000
-1.000
-1.000
-1.000
-1.000
-1.000
-1.000
-1.000
-1.000
-1.000
-1.000
-1.000
-1.000
-1.000
-1.000
-1.000
-1.000
-1.000
-1.000
-1.000
-1.000
-1.000
-1.000
-1.000
-1.000
-1.000
-1.000
-1.000
-1.000
-1.000
-1.000
-1.000
-1.000
-1.000
-1.000
-1.000
-1.000
-1.000
-1.000
-1.000
-1.000
-1.000
-1.000
-1.000
-1.000
-1.000
-1.000
-1.000
-1.000
-1.000
-1.000
-1.000
-1.000
-1.000
-1.000
-1.000
-1.000
-1.000
-1.000
-1.000
-1.000
-1.000
-1.000
-1.000
-1.000
-1.000
-1.000
-1.000
-1.000
-1.000
-1.000
-1.000
-1.000
-1.000
-1.000
-1.000
-1.000
-1.000
-1.000
-1.000
-1.000
-1.000
-1.000
-1.000
-1.000
-1.000
-1.000
-1.000
-1.000
-1.000
-1.000
-1.000
-1.000
-1.000
-1.000
-1.000
-1.000
-1.000
5.505
4.046
3.996
4.507
-1.000
-1.000
-1.000
-1.000
3.370
-1.000
-1.000
-1.000
-1.000
3.765
-1.000
-1.000
4.024
-1.000
3.194
-1.000
-1.000
4.639
3.406
-1.000
-1.000
4.106
-1.000
4.056
3.338
3.748
-1.000
3.739
-1.000
-1.000
-1.000
4.211
3.869
3.183
3.888
-1.000
-1.000
-1.000
-1.000
-1.000
4.690
4.248
4.362
3.959
-1.000
-1.000
-1.000
2.942
3.195
-1.000
3.511
-1.000
2.793
3.760
3.283
5.286
2.539
-1.000
3.957
4.748
3.977
4.230
-1.000
-1.000
-1.000
-1.000
-1.000
5.474
5.642
3.364
-1.000
-1.000
3.616
5.060
-1.000
-1.000
1.017
2.260
4.730
4.544
2.796
3.711
4.380
4.141
-1.000
-1.000
5.581
4.655
4.849
3.954
-1.000
-1.000
4.400
3.750
4.606
-1.000
4.144
-1.000
5.508
-1.000
-1.000
-1.000
3.807
-1.000
-1.000
3.700
-1.000
2.612
-1.000
-1.000
3.825
4.310
-1.000
3.994
-1.000
-1.000
-1.000
2.463
5.609
3.001
4.043
-1.000
4.868
5.420
4.697
-1.000
4.266
-1.000
-1.000
4.367
4.663
-1.000
4.469
-1.000
2.984
3.574
2.707
3.817
3.006
3.383
-1.000
3.243
3.429
-1.000
3.471
-1.000
4.484
4.181
-1.000
-1.000
-1.000
4.185
3.999
3.491
3.703
3.592
-1.000
-1.000
3.587
-1.000
-1.000
-1.000
2.612
-1.000
-1.000
4.718
3.619
-1.000
4.528
3.121
-1.000
-1.000
-1.000
-1.000
-1.000
4.726
-1.000
4.295
5.757
-1.000
3.922
4.570
4.355
-1.000
-1.000
-1.000
-1.000
4.054
4.630
4.265
2.167
3.352
3.815
4.225
3.856
3.786
4.673
4.182
-1.000
3.352
-1.000
4.306
-1.000
-1.000
-1.000
-1.000
4.352
3.951
2.939
4.434
2.896
-1.000
3.863
-1.000
4.184
5.024
4.828
3.364
1.872
5.469
4.384
-1.000
-1.000
3.585
-1.000
-1.000
4.900
3.728
-1.000
-1.000
4.187
3.691
-1.000
3.665
3.722
4.146
3.524
4.408
-1.000
-1.000
-1.000
-1.000
-1.000
-1.000
3.042
-1.000
4.576
4.585
3.296
2.851
-1.000
-1.000
-1.000
3.583
4.719
-1.000
-1.000
4.017
-1.000
3.934
-1.000
4.425
-1.000
4.684
4.335
4.261
-1.000
-1.000
-1.000
-1.000
-1.000
-1.000
-1.000
-1.000
3.942
-1.000
-1.000
3.823
3.982
-1.000
-1.000
-1.000
-1.000
4.796
-1.000
-1.000
-1.000
-1.000
2.715
-1.000
-1.000
3.847
3.579
5.007
-1.000
3.966
3.885
5.043
3.566
-1.000
4.949
-1.000
3.701
-1.000
3.010
5.256
3.803
-1.000
4.844
4.281
-1.000
3.811
4.232
5.910
3.857
2.215
3.509
-1.000
3.554
3.281
3.679
-1.000
3.936
-1.000
-1.000
5.141
5.451
3.086
3.579
3.964
-1.000
4.729
-1.000
4.259
-1.000
-1.000
2.891
3.987
-1.000
3.864
3.517
4.225
-1.000
-1.000
3.226
-1.000
4.220
4.204
4.903
3.650
4.734
-1.000
-1.000
4.091
-1.000
4.368
3.954
5.617
-1.000
-1.000
3.487
-1.000
3.695
3.386
4.875
3.655
-1.000
3.343
-1.000
-1.000
2.344
3.655
3.953
-1.000
3.785
3.505
-1.000
3.635
3.458
4.477
4.296
-1.000
-1.000
4.059
4.180
-1.000
-1.000
-1.000
-1.000
4.011
-1.000
-1.000
5.139
-1.000
-1.000
3.243
-1.000
5.120
-1.000
-1.000
-1.000
3.112
-1.000
3.716
-1.000
4.934
4.015
5.484
3.843
5.275
4.143
3.180
3.499
3.804
3.013
-1.000
-1.000
-1.000
4.991
3.124
4.609
3.591
3.829
-1.000
4.635
-1.000
4.874
-1.000
3.722
4.149
-1.000
-1.000
-1.000
3.080
-1.000
3.750
4.312
-1.000
4.144
-1.000
-1.000
-1.000
2.952
3.538
3.902
-1.000
5.102
4.676
3.062
-1.000
3.972
-1.000
4.426
-1.000
3.940
5.441
4.477
3.310
3.392
2.983
5.072
-1.000
-1.000
4.287
4.072
-1.000
-1.000
-1.000
4.537
-1.000
5.421
3.536
3.958
3.326
3.850
-1.000
-1.000
3.406
-1.000
-1.000
-1.000
3.443
-1.000
-1.000
4.069
-1.000
3.540
4.486
-1.000
3.759
4.126
4.752
4.447
5.993
3.828
-1.000
3.453
-1.000
-1.000
4.029
3.866
3.447
3.879
3.036
-1.000
3.243
-1.000
4.793
-1.000
4.164
-1.000
2.858
-1.000
3.411
-1.000
-1.000
2.723
-1.000
-1.000
3.952
-1.000
3.370
-1.000
-1.000
3.632
2.353
-1.000
4.648
4.043
3.987
2.890
2.590
3.629
3.473
4.355
-1.000
4.992
-1.000
4.166
4.846
4.289
-1.000
4.452
2.251
4.301
-1.000
4.336
3.521
-1.000
3.103
2.678
-1.000
4.924
4.771
-1.000
-1.000
4.263
-1.000
4.301
3.837
4.161
-1.000
-1.000
-1.000
-1.000
-1.000
-1.000
-1.000
-1.000
4.483
-1.000
-1.000
-1.000
-1.000
4.100
-1.000
-1.000
-1.000
2.609
-1.000
3.087
-1.000
2.940
3.648
-1.000
-1.000
3.960
-1.000
4.013
3.974
-1.000
3.964
4.144
-1.000
3.178
-1.000
5.763
4.636
4.143
-1.000
4.337
4.459
4.633
-1.000
3.626
3.616
3.705
4.827
4.623
-1.000
3.836
3.787
-1.000
3.842
-1.000
-1.000
-1.000
-1.000
-1.000
-1.000
3.878
4.180
3.151
-1.000
3.730
-1.000
3.863
-1.000
-1.000
4.115
3.185
-1.000
-1.000
4.122
-1.000
-1.000
-1.000
3.436
3.950
-1.000
3.594
-1.000
4.962
3.868
-1.000
-1.000
2.948
3.166
3.980
-1.000
4.068
-1.000
3.941
3.897
4.036
4.577
4.550
-1.000
-1.000
-1.000
3.553
-1.000
-1.000
-1.000
4.261
-1.000
-1.000
4.856
3.979
4.252
3.799
3.931
3.610
-1.000
4.424
-1.000
-1.000
4.659
4.586
4.766
-1.000
3.291
3.140
-1.000
-1.000
2.915
-1.000
3.586
-1.000
-1.000
3.228
3.291
4.218
4.339
4.127
-1.000
-1.000
4.823
-1.000
-1.000
-1.000
3.841
-1.000
-1.000
4.242
-1.000
-1.000
3.426
5.015
3.564
4.391
4.893
3.274
4.101
4.801
-1.000
-1.000
-1.000
4.781
4.052
-1.000
-1.000
4.339
2.840
5.287
4.155
3.295
5.502
-1.000
-1.000
3.845
3.422
-1.000
3.925
2.775
3.519
-1.000
3.827
3.846
3.074
4.265
-1.000
-1.000
-1.000
-1.000
-1.000
4.325
-1.000
2.149
-1.000
-1.000
3.332
-1.000
3.813
-1.000
-1.000
-1.000
-1.000
3.321
4.442
-1.000
-1.000
4.836
3.853
-1.000
3.251
-1.000
-1.000
-1.000
4.010
3.295
3.956
-1.000
-1.000
4.420
-1.000
-1.000
5.965
3.440
-1.000
4.057
4.874
-1.000
-1.000
-1.000
4.235
4.310
-1.000
-1.000
-1.000
5.028
3.280
4.876
3.346
5.585
-1.000
-1.000
-1.000
2.726
-1.000
3.412
-1.000
-1.000
-1.000
4.179
3.296
2.267
4.671
2.358
-1.000
4.480
-1.000
3.346
4.290
-1.000
3.403
3.662
2.635
-1.000
4.558
3.663
4.924
-1.000
2.642
3.296
3.297
-1.000
3.643
3.596
4.489
-1.000
-1.000
3.510
-1.000
3.905
3.763
4.351
2.994
4.160
4.215
4.093
3.568
-1.000
4.161
-1.000
3.945
4.254
5.108
4.494
2.968
4.143
3.713
-1.000
4.463
3.452
-1.000
4.291
-1.000
3.154
-1.000
-1.000
3.282
4.202
4.087
3.555
-1.000
3.207
-1.000
-1.000
4.787
3.315
4.634
3.903
-1.000
-1.000
-1.000
-1.000
-1.000
-1.000
-1.000
5.223
5.650
3.520
3.478
4.411
3.548
5.560
4.198
4.109
4.835
3.990
2.619
-1.000
4.909
3.630
4.050
-1.000
-1.000
3.933
-1.000
4.403
4.451
4.314
4.286
4.609
-1.000
3.307
2.500
3.331
3.168
3.598
3.716
3.652
3.741
-1.000
3.207
3.563
-1.000
3.478
4.545
3.406
4.494
4.206
3.597
4.949
4.942
4.275
3.573
4.668
3.815
3.704
3.335
4.177
3.572
3.688
3.446
3.243
3.634
3.481
4.016
3.889
-1.000
3.397
4.257
3.475
3.912
4.525
2.783
3.155
4.870
4.459
3.823
3.815
-1.000
3.515
3.889
-1.000
3.784
-1.000
3.334
3.252
3.949
-1.000
3.167
3.340
4.083
-1.000
-1.000
4.172
3.902
4.318
4.419
3.600
-1.000
3.837
3.902
5.422
6.046
3.512
4.377
3.658
-1.000
2.832
4.481
3.820
3.685
3.795
4.327
-1.000
3.384
4.756
4.418
3.387
3.929
3.106
4.171
3.906
3.494
3.386
4.270
-1.000
3.631
2.868
3.572
4.020
3.417
-1.000
3.469
4.115
4.026
3.512
3.858
2.946
3.046
3.451
4.110
3.170
4.752
3.333
4.544
-1.000
3.177
3.673
3.934
2.389
2.955
4.759
4.676
3.645
4.590
4.834
4.124
5.675
2.999
4.510
4.154
3.863
4.986
3.778
3.368
4.741
3.824
3.993
4.918
2.692
2.981
3.432
-1.000
2.886
5.799
-1.000
2.426
-1.000
3.530
4.617
3.096
4.855
3.676
4.214
-1.000
-1.000
3.351
3.403
3.574
3.575
4.541
3.463
4.809
3.486
4.375
4.196
-1.000
2.776
-1.000
-1.000
4.462
3.527
-1.000
2.544
4.401
3.822
3.909
3.825
5.044
-1.000
3.755
-1.000
4.046
3.985
3.944
3.358
3.943
4.286
2.398
3.945
3.971
3.762
3.582
4.761
4.706
-1.000
-1.000
4.184
3.653
4.497
4.860
4.273
3.646
4.352
3.444
4.632
2.483
4.779
3.750
3.862
3.156
-1.000
4.168
3.796
2.804
-1.000
5.771
-1.000
4.322
-1.000
5.162
3.928
4.015
3.671
3.142
3.807
3.779
3.170
4.966
4.074
4.465
3.630
3.211
4.185
3.306
2.739
-1.000
2.860
4.592
3.721
5.112
3.572
-1.000
4.207
-1.000
4.736
-1.000
-1.000
3.573
4.602
-1.000
2.677
3.039
-1.000
2.907
-1.000
4.372
5.409
-1.000
4.146
4.200
3.545
3.232
3.795
3.775
3.144
3.366
-1.000
4.196
4.691
3.537
-1.000
-1.000
3.137
-1.000
4.057
3.340
4.518
-1.000
-1.000
4.051
3.803
3.733
3.480
-1.000
-1.000
-1.000
4.459
3.245
3.577
3.604
2.583
3.508
4.249
-1.000
4.614
-1.000
3.648
2.892
2.584
5.056
4.468
3.695
3.700
4.546
2.884
2.866
3.641
3.581
4.324
-1.000
-1.000
4.645
3.530
3.296
3.940
4.609
2.984
4.515
4.017
4.571
-1.000
-1.000
4.405
4.363
3.938
3.920
4.172
-1.000
3.321
-1.000
3.407
-1.000
3.350
4.444
-1.000
4.607
4.674
3.271
4.393
3.410
4.901
3.283
3.396
3.956
3.734
3.615
4.163
3.318
3.608
3.299
3.728
-1.000
-1.000
4.220
3.355
4.489
-1.000
3.400
4.690
3.668
4.062
5.030
4.952
3.293
3.126
3.203
3.697
3.730
3.504
3.479
-1.000
4.640
4.538
4.209
2.973
3.072
4.025
3.937
4.077
3.149
3.208
3.434
3.446
4.296
-1.000
3.517
4.381
-1.000
3.857
3.001
3.143
4.479
3.824
3.743
3.238
3.626
-1.000
4.683
3.332
3.244
3.913
3.680
4.021
3.248
2.926
4.194
3.976
3.732
2.895
3.730
4.278
4.488
-1.000
4.137
3.802
3.491
3.707
4.151
4.663
-1.000
3.978
3.708
4.493
-1.000
-1.000
3.602
3.856
3.995
3.543
5.101
5.415
-1.000
3.902
-1.000
4.029
3.586
3.477
-1.000
3.264
3.361
4.100
3.457
3.769
-1.000
-1.000
-1.000
3.368
4.595
3.573
4.306
3.759
4.028
3.498
4.112
3.991
2.588
3.307
4.244
4.829
4.505
3.628
-1.000
4.187
-1.000
-1.000
2.881
4.207
4.866
4.159
3.863
5.191
4.199
3.958
5.012
6.093
3.298
4.100
-1.000
3.531
3.660
-1.000
3.647
4.747
2.986
3.569
3.399
3.546
3.674
4.894
3.733
-1.000
3.285
-1.000
-1.000
4.061
-1.000
3.703
3.122
3.345
-1.000
3.354
-1.000
4.280
4.736
3.768
3.872
3.216
4.417
3.594
3.305
3.732
3.855
3.059
4.224
3.631
3.417
4.753
2.759
3.552
3.813
3.966
-1.000
3.300
3.503
-1.000
3.480
4.225
3.336
4.505
3.617
4.026
3.586
3.220
3.835
4.259
4.307
-1.000
3.854
4.912
5.488
3.798
3.123
3.431
3.217
4.965
3.416
3.668
4.291
3.304
-1.000
2.530
3.818
2.665
3.699
3.454
-1.000
4.189
3.483
4.243
3.352
3.562
-1.000
5.067
3.735
-1.000
3.884
4.002
4.225
3.419
-1.000
3.663
-1.000
3.341
-1.000
3.353
4.347
3.234
4.870
4.595
3.592
4.921
2.945
2.828
3.483
3.861
3.285
-1.000
3.983
4.107
3.138
3.218
4.138
3.513
4.291
3.205
4.176
2.717
4.222
3.535
-1.000
3.718
-1.000
-1.000
5.016
4.041
2.337
3.809
2.515
2.887
2.717
4.142
3.751
3.361
3.655
3.827
3.979
3.465
2.722
-1.000
3.329
-1.000
3.567
3.961
3.931
-1.000
3.666
3.828
3.816
-1.000
-1.000
2.614
3.922
3.512
2.817
3.318
3.407
3.727
3.551
3.615
4.432
2.820
3.154
4.288
3.650
4.908
3.428
3.709
4.814
-1.000
4.161
4.520
4.608
4.606
4.648
3.553
3.873
3.858
4.228
1.995
3.411
3.184
-1.000
3.268
-1.000
4.340
-1.000
3.191
2.932
-1.000
3.603
4.408
3.908
5.100
-1.000
4.946
5.003
4.178
-1.000
3.828
3.438
-1.000
4.183
-1.000
4.030
-1.000
-1.000
3.358
3.459
2.490
5.241
3.276
3.916
4.420
4.215
3.467
4.802
3.650
3.854
3.661
3.654
3.521
-1.000
-1.000
3.412
4.088
3.311
-1.000
4.395
3.772
4.340
4.265
3.473
3.816
5.217
4.291
3.514
4.472
3.440
4.350
3.777
3.511
-1.000
3.765
3.249
-1.000
3.621
-1.000
-1.000
4.217
-1.000
4.162
3.610
3.001
3.227
3.295
-1.000
3.384
3.869
-1.000
3.048
3.975
4.707
-1.000
3.133
3.390
-1.000
4.267
2.349
-1.000
2.679
-1.000
3.608
3.562
5.636
3.541
3.371
4.124
-1.000
-1.000
-1.000
3.600
-1.000
4.437
2.884
3.529
-1.000
3.899
5.206
-1.000
-1.000
-1.000
3.333
3.459
3.843
5.104
3.834
4.034
-1.000
-1.000
6.014
2.967
3.815
3.868
3.002
3.698
3.426
3.787
4.464
3.229
3.943
3.665
4.150
3.756
3.454
3.310
4.332
5.440
4.114
3.885
4.178
-1.000
4.766
4.173
4.068
6.051
4.492
3.422
4.011
-1.000
5.365
4.139
3.825
-1.000
-1.000
4.155
4.143
3.509
-1.000
3.492
4.122
3.126
-1.000
3.618
3.579
4.797
3.974
3.287
4.366
-1.000
3.771
3.796
4.584
3.935
4.616
4.771
3.240
3.775
4.106
-1.000
3.655
4.057
3.740
-1.000
3.466
4.161
3.757
3.783
4.391
4.626
3.338
3.927
-1.000
3.798
3.653
3.454
4.113
4.190
-1.000
3.800
3.868
3.800
3.807
-1.000
4.536
4.359
3.458
3.248
-1.000
3.303
3.781
-1.000
3.341
3.315
4.411
3.707
3.191
3.576
2.751
-1.000
4.207
3.645
4.245
3.726
3.841
3.225
2.824
4.931
6.024
3.350
4.248
4.349
3.568
4.621
4.892
4.371
2.758
3.713
4.127
-1.000
3.398
4.749
4.021
4.900
5.143
3.329
3.870
3.947
-1.000
4.042
4.103
-1.000
4.732
3.478
4.479
3.452
3.574
4.425
3.656
4.909
4.535
4.277
3.774
4.735
3.923
4.185
3.223
2.713
4.065
4.241
4.829
3.434
3.865
5.618
-1.000
3.981
4.164
4.255
-1.000
3.135
3.683
-1.000
3.787
-1.000
4.039
5.741
-1.000
4.450
2.365
-1.000
3.587
4.240
5.265
4.489
4.062
2.428
3.644
4.547
3.333
-1.000
-1.000
3.592
3.548
3.592
3.279
3.596
4.079
3.869
4.236
3.629
3.975
4.582
-1.000
3.757
3.944
5.038
-1.000
-1.000
2.589
4.723
3.909
3.345
3.691
3.834
2.521
4.596
3.832
3.407
4.075
3.251
4.177
2.720
5.876
-1.000
2.876
2.607
3.295
3.763
3.461
-1.000
4.144
3.733
3.532
3.443
3.494
4.474
3.883
4.158
1.687
3.142
4.081
3.560
-1.000
3.242
4.000
3.352
-1.000
3.937
-1.000
3.102
3.477
4.807
-1.000
3.385
4.010
4.416
3.304
3.638
2.989
-1.000
3.750
3.929
4.364
2.737
3.364
3.230
-1.000
3.987
3.896
3.751
3.436
3.140
3.119
2.951
3.569
3.289
3.949
4.026
3.700
3.826
4.647
3.841
3.189
-1.000
3.667
3.960
3.667
3.493
-1.000
3.721
4.500
5.735
4.842
3.412
2.658
2.933
3.643
3.583
3.953
-1.000
3.096
3.474
-1.000
3.565
5.260
4.623
4.034
3.121
4.456
3.834
-1.000
2.970
-1.000
-1.000
3.752
4.086
4.354
-1.000
-1.000
3.988
4.417
-1.000
3.584
4.995
4.261
-1.000
4.621
4.487
4.651
4.148
-1.000
4.989
-1.000
3.293
3.487
3.590
3.866
3.742
3.929
3.882
3.851
3.372
3.440
3.994
3.768
3.373
3.713
4.146
4.755
3.519
4.174
3.273
3.562
3.561
3.926
3.776
-1.000
3.932
4.258
2.793
4.126
2.550
3.722
3.361
3.815
4.779
5.409
3.619
3.938
4.883
2.914
4.010
2.987
4.781
4.614
3.109
-1.000
3.640
3.785
4.068
3.610
3.589
-1.000
4.769
3.141
3.304
3.602
4.692
3.583
4.419
-1.000
3.073
3.725
4.297
4.334
3.884
3.533
4.640
5.030
4.002
3.368
3.907
-1.000
3.845
6.133
3.983
3.895
-1.000
4.130
3.704
3.958
3.576
4.778
4.000
3.151
4.344
4.058
3.504
2.004
3.667
3.759
3.556
4.632
3.836
3.866
4.108
4.153
3.937
3.648
3.911
3.948
3.729
-1.000
4.211
5.232
3.852
3.516
4.447
3.500
3.545
3.397
3.827
3.256
4.026
3.360
3.568
3.856
3.316
4.033
3.982
3.691
4.751
5.376
2.444
3.664
3.445
4.605
3.950
4.869
3.738
2.747
3.669
3.059
-1.000
4.017
-1.000
3.562
3.560
-1.000
-1.000
3.192
4.515
-1.000
4.388
4.148
3.367
3.950
5.268
3.962
3.821
3.079
3.401
4.782
4.013
3.743
3.492
-1.000
3.186
-1.000
2.151
3.991
3.307
3.696
3.486
4.288
3.671
3.485
3.536
2.597
4.151
3.184
3.908
-1.000
3.487
-1.000
3.731
-1.000
3.331
3.421
3.257
3.729
3.556
3.337
3.869
-1.000
5.356
3.830
4.841
4.554
-1.000
-1.000
3.224
3.844
-1.000
4.261
3.628
3.289
3.998
3.943
4.388
3.282
-1.000
3.988
3.982
4.047
4.477
3.732
2.780
3.404
3.768
-1.000
4.386
3.185
4.214
4.630
3.950
3.883
3.630
4.989
4.097
3.588
3.829
3.746
3.769
4.937
4.636
4.713
2.975
4.210
4.788
5.027
4.296
3.681
3.972
3.655
4.345
4.877
3.810
4.607
3.634
3.270
4.297
3.915
4.225
3.676
-1.000
3.869
3.241
-1.000
4.137
-1.000
4.949
4.425
-1.000
-1.000
3.520
3.333
-1.000
4.021
3.884
4.001
4.262
3.332
4.042
3.446
3.888
2.624
4.015
3.527
3.079
3.667
2.913
3.633
3.755
6.088
3.460
3.655
4.088
3.608
-1.000
3.860
3.678
4.131
-1.000
3.846
5.233
-1.000
4.063
4.574
2.839
4.497
3.821
3.356
-1.000
4.066
4.033
3.308
-1.000
2.655
-1.000
3.487
4.197
3.256
-1.000
3.282
3.616
5.122
3.537
4.864
3.978
4.672
3.412
-1.000
4.676
3.761
-1.000
4.061
4.241
4.239
4.058
3.556
-1.000
4.770
3.514
4.641
3.389
3.355
3.385
3.318
3.630
3.206
3.455
3.987
3.315
3.621
3.593
3.654
3.727
-1.000
4.634
3.751
3.262
3.404
3.282
2.675
4.209
4.915
4.388
3.175
3.426
3.578
3.543
-1.000
5.096
3.799
3.717
-1.000
3.817
-1.000
4.548
4.208
2.889
4.491
-1.000
4.606
-1.000
4.290
-1.000
3.972
3.945
3.642
3.493
3.456
3.903
4.172
2.519
3.707
3.338
3.676
4.703
4.339
2.965
3.953
4.355
4.018
3.403
5.140
4.352
3.849
4.619
3.796
3.178
5.543
-1.000
-1.000
5.181
3.697
-1.000
5.434
3.913
3.492
3.700
4.578
3.823
-1.000
-1.000
3.809
4.012
4.667
4.212
4.392
-1.000
3.917
-1.000
3.670
-1.000
4.362
3.732
-1.000
4.003
1.941
5.068
3.516
3.423
4.009
4.284
3.770
2.398
4.264
3.292
3.445
3.768
3.008
-1.000
4.628
3.064
3.601
4.686
4.458
3.664
-1.000
4.608
4.824
3.187
3.418
-1.000
3.664
2.549
3.233
3.598
4.554
4.156
4.535
3.354
5.137
3.528
3.866
3.158
4.118
4.609
3.593
3.047
2.688
3.799
4.837
3.780
3.244
3.307
-1.000
3.376
5.520
4.170
2.934
3.578
3.494
-1.000
-1.000
3.523
-1.000
3.489
3.366
4.643
2.808
3.537
4.656
2.202
3.856
2.921
-1.000
2.967
3.922
4.243
5.563
4.454
3.370
4.031
3.855
-1.000
3.307
2.833
-1.000
3.250
4.015
4.112
-1.000
3.524
4.105
4.562
4.543
3.135
4.725
4.696
3.667
3.858
-1.000
-1.000
3.590
-1.000
3.802
3.797
-1.000
3.262
4.070
-1.000
4.599
3.606
3.701
6.247
4.666
2.886
3.228
4.223
4.115
3.676
3.806
4.016
3.960
-1.000
4.035
2.993
4.270
4.521
3.564
3.588
3.697
3.770
4.244
3.320
3.147
3.943
4.358
4.462
4.116
4.203
2.303
3.312
3.977
4.341
-1.000
2.714
-1.000
3.315
-1.000
-1.000
4.268
4.179
3.980
3.731
3.768
-1.000
3.808
3.327
3.354
3.727
3.901
-1.000
2.368
4.527
3.998
2.776
4.109
-1.000
-1.000
5.221
3.323
4.312
3.072
4.944
3.619
3.807
3.855
2.765
4.242
3.939
-1.000
4.550
-1.000
-1.000
3.301
-1.000
3.685
3.338
-1.000
2.615
-1.000
5.129
4.709
3.520
4.246
4.340
3.516
3.594
3.677
3.726
3.772
3.055
-1.000
3.720
3.364
2.765
3.897
3.604
5.063
3.865
3.360
3.536
3.103
5.624
-1.000
3.645
3.622
3.977
-1.000
-1.000
5.145
3.886
4.225
3.195
3.678
3.774
3.547
3.705
3.699
2.457
3.544
3.373
3.599
4.276
-1.000
4.975
4.069
-1.000
3.320
3.567
3.864
4.212
-1.000
-1.000
3.554
4.586
-1.000
3.536
4.617
-1.000
3.719
4.178
4.790
3.742
3.841
3.229
4.291
3.731
3.124
3.483
4.281
2.795
3.725
3.600
3.940
4.245
3.881
3.159
-1.000
3.503
6.011
4.604
4.583
3.691
3.711
3.308
-1.000
3.680
-1.000
6.112
4.299
-1.000
4.547
-1.000
-1.000
3.119
4.240
4.654
3.669
4.012
3.872
3.701
-1.000
3.539
3.521
5.055
2.985
3.305
3.782
3.969
3.502
4.679
3.891
5.142
-1.000
3.183
3.795
3.824
3.824
4.487
4.459
3.964
3.526
3.655
-1.000
3.593
3.443
4.435
3.522
4.474
-1.000
3.446
-1.000
-1.000
3.807
4.685
4.706
3.614
6.025
3.900
3.206
-1.000
4.102
3.604
3.779
4.257
3.942
3.920
-1.000
-1.000
3.329
-1.000
3.289
-1.000
3.654
-1.000
3.748
3.739
2.950
4.013
3.547
3.750
3.665
4.749
3.371
4.723
4.125
3.177
3.554
-1.000
4.508
3.955
4.465
3.849
3.713
4.240
-1.000
4.267
-1.000
2.717
3.827
5.765
3.594
3.229
4.271
-1.000
3.937
-1.000
4.462
3.229
-1.000
-1.000
5.042
3.609
4.202
2.821
4.099
3.458
3.593
4.163
4.272
4.845
4.519
3.912
3.565
3.436
-1.000
-1.000
3.262
3.144
3.781
4.643
4.569
3.520
3.711
-1.000
4.907
-1.000
-1.000
4.051
4.341
4.921
3.178
2.673
5.460
3.136
3.932
3.789
4.139
3.991
4.506
4.004
3.682
3.868
-1.000
3.919
3.340
3.808
-1.000
3.688
3.629
3.579
4.255
3.261
3.437
4.540
3.286
3.981
3.899
3.992
3.307
2.974
3.952
3.961
3.362
2.428
3.241
4.336
4.553
3.448
-1.000
3.847
4.314
4.550
3.700
-1.000
3.542
4.696
-1.000
2.661
3.974
-1.000
3.879
4.500
4.563
4.142
4.265
-1.000
4.165
-1.000
4.672
4.539
3.663
3.122
3.496
3.620
5.517
5.116
4.793
3.490
-1.000
-1.000
3.474
3.711
4.499
3.527
4.197
3.980
3.520
5.795
4.080
-1.000
3.585
4.774
3.549
3.462
3.619
4.000
3.211
2.748
3.651
5.212
3.720
3.676
-1.000
3.934
3.241
-1.000
3.659
-1.000
4.061
3.279
3.885
3.979
4.601
4.362
3.685
3.778
3.630
-1.000
3.654
3.683
4.385
4.741
4.073
4.681
4.993
-1.000
3.348
4.499
3.933
2.643
4.072
-1.000
-1.000
4.390
3.394
3.588
3.645
3.779
5.206
5.032
3.512
4.270
3.287
3.935
3.961
3.582
3.675
3.729
3.597
3.884
4.050
3.446
4.013
3.393
3.964
3.584
3.124
4.441
5.306
3.169
3.544
5.492
3.880
3.602
4.223
3.625
3.764
3.398
3.618
3.966
4.265
3.842
-1.000
5.205
-1.000
-1.000
2.708
3.702
3.110
-1.000
3.277
3.398
3.122
4.130
4.553
3.856
4.564
3.603
4.422
3.906
3.129
3.529
3.786
-1.000
3.862
-1.000
3.180
4.497
3.808
3.996
4.042
3.692
4.290
-1.000
4.658
3.933
-1.000
2.813
4.384
-1.000
2.994
-1.000
4.452
3.824
3.790
4.094
3.894
4.009
3.284
3.412
3.696
4.182
-1.000
2.999
3.712
5.970
5.132
3.944
3.797
3.446
3.728
4.917
3.177
1.962
4.096
3.756
4.146
3.000
3.459
3.129
4.239
3.943
-1.000
4.749
3.945
4.484
2.893
-1.000
4.764
3.121
3.587
4.199
3.215
3.840
3.872
4.851
3.590
3.837
2.370
3.510
4.860
-1.000
4.008
4.382
-1.000
3.669
4.216
3.290
3.859
-1.000
-1.000
4.275
-1.000
3.999
2.909
4.167
-1.000
3.621
4.332
4.894
4.222
3.836
5.384
4.110
5.311
3.083
3.683
-1.000
-1.000
4.227
3.917
4.856
3.927
3.784
3.866
3.524
3.594
3.710
5.370
3.278
6.159
5.747
-1.000
3.937
3.283
3.612
3.182
4.707
3.579
-1.000
3.717
3.215
4.755
4.944
2.979
3.657
3.980
3.549
3.838
2.761
4.002
3.358
3.083
3.312
2.341
3.359
3.735
3.740
3.376
3.762
3.160
3.061
3.336
4.965
3.934
4.123
5.049
4.456
3.366
-1.000
4.207
-1.000
3.260
3.260
3.440
4.326
3.468
3.776
3.746
3.266
3.766
3.771
4.145
3.762
4.258
4.692
3.596
4.083
-1.000
4.501
3.115
4.253
3.761
5.040
5.065
4.849
3.565
3.336
-1.000
3.347
4.111
3.412
4.588
3.130
-1.000
3.942
3.886
3.799
3.959
3.900
3.997
2.996
-1.000
3.545
4.480
4.348
3.968
4.828
4.034
-1.000
3.692
3.214
4.506
3.986
3.646
3.849
3.688
3.538
3.602
4.375
4.127
3.578
2.842
5.210
3.243
-1.000
4.185
5.692
4.771
3.257
4.014
4.627
-1.000
4.238
4.241
3.403
4.205
-1.000
3.597
4.308
3.296
4.077
3.284
3.766
3.868
6.273
4.192
3.783
3.012
3.588
3.700
5.070
4.118
3.164
4.049
3.178
4.606
4.081
4.033
3.713
3.807
3.908
3.138
-1.000
3.334
4.376
3.734
4.000
3.452
3.738
3.721
3.630
3.717
4.098
4.593
2.937
4.285
3.078
4.503
3.581
5.006
3.622
3.238
3.445
3.852
3.249
4.224
4.564
3.760
3.946
-1.000
3.987
3.211
3.660
3.300
3.387
3.357
4.086
3.887
4.901
3.636
4.069
3.849
4.088
4.690
3.602
5.219
4.882
4.856
-1.000
4.004
5.847
4.551
3.200
3.077
3.425
4.369
3.441
3.520
4.176
4.826
4.145
3.506
3.792
3.562
4.146
3.619
4.233
5.312
3.578
4.127
3.534
3.414
4.265
4.379
4.044
3.262
4.118
3.416
3.702
4.208
3.693
4.585
4.379
3.578
-1.000
3.295
3.752
4.117
4.242
4.153
4.478
4.749
3.953
-1.000
-1.000
4.255
4.820
-1.000
4.442
3.637
2.837
3.802
3.195
3.638
3.304
3.761
5.125
3.564
3.741
3.698
-1.000
3.093
4.223
3.475
3.519
3.545
3.870
3.763
3.563
4.181
3.613
-1.000
4.587
3.817
4.155
3.579
3.776
3.886
3.416
-1.000
3.131
5.122
3.073
3.363
4.085
-1.000
5.496
4.458
3.793
3.716
4.290
3.849
4.344
3.165
3.468
3.372
-1.000
4.366
-1.000
3.190
3.387
2.325
3.586
3.295
4.480
4.801
4.605
-1.000
3.813
4.295
3.574
4.216
4.739
4.006
3.755
3.720
3.270
3.131
4.355
3.330
3.130
-1.000
3.575
4.537
3.764
3.905
-1.000
3.224
4.732
-1.000
3.721
2.908
2.641
-1.000
3.711
3.595
3.984
3.879
3.160
-1.000
4.201
5.248
4.564
3.209
4.557
4.564
3.219
3.866
3.318
-1.000
3.294
4.675
4.004
3.636
3.624
3.902
4.088
5.719
3.174
4.684
3.950
4.172
3.278
-1.000
3.409
3.718
4.044
3.491
4.461
3.067
3.833
3.864
3.259
3.816
4.286
3.846
3.105
3.873
4.132
3.815
4.889
3.604
3.604
3.307
3.344
4.527
4.121
3.419
3.668
4.523
3.394
4.468
2.966
4.233
5.019
3.650
3.721
-1.000
4.176
-1.000
3.191
3.909
4.133
2.863
3.723
3.237
3.381
3.632
3.588
3.812
4.910
2.113
3.114
3.753
5.732
5.664
4.640
4.145
3.690
3.481
4.525
3.582
4.496
3.462
3.316
3.716
3.639
4.321
3.229
3.675
3.341
3.464
3.815
3.559
3.879
3.509
3.710
3.270
3.093
3.953
4.315
4.386
4.383
3.012
4.757
3.397
2.986
4.449
3.926
3.730
3.503
4.126
4.194
3.233
3.089
3.570
3.579
3.713
3.681
3.518
3.224
4.023
4.585
3.986
3.812
5.244
5.042
4.378
3.535
3.436
3.960
2.898
2.649
4.081
3.961
4.044
4.547
3.357
-1.000
3.529
3.909
3.589
4.788
3.551
3.472
3.705
3.687
4.581
3.579
3.240
4.133
4.151
4.906
4.767
3.750
3.564
3.584
3.326
3.611
4.557
4.334
4.818
4.153
3.961
3.517
3.244
4.169
4.939
6.154
4.896
4.126
3.952
3.431
3.458
3.842
-1.000
3.451
3.638
3.985
4.428
3.150
4.418
3.538
4.421
4.335
4.457
3.309
5.220
4.229
3.266
4.196
2.977
3.521
-1.000
3.165
3.141
3.649
2.595
3.790
5.268
3.951
3.723
3.128
4.313
4.272
3.220
4.197
3.731
-1.000
4.266
3.988
3.808
4.594
2.753
4.024
3.249
3.495
3.065
-1.000
3.751
5.190
5.500
4.123
3.759
-1.000
3.939
3.680
3.420
3.678
3.720
3.464
4.027
4.711
4.621
4.293
4.161
3.815
3.323
3.652
-1.000
3.486
4.055
4.398
4.151
4.841
-1.000
4.855
3.696
3.254
-1.000
3.398
3.239
3.243
2.972
-1.000
4.814
3.527
3.669
3.879
3.501
3.498
4.087
3.630
4.427
3.145
-1.000
3.599
5.019
3.536
3.903
4.425
3.994
4.152
3.591
4.326
-1.000
3.449
3.310
3.648
3.864
3.165
4.485
3.500
-1.000
2.988
4.179
5.620
4.539
-1.000
-1.000
3.682
-1.000
3.594
-1.000
-1.000
5.196
4.155
3.592
3.246
3.713
3.853
3.240
4.790
3.474
4.315
3.032
3.521
3.102
3.929
3.271
3.959
3.471
4.866
3.930
3.534
4.152
4.112
4.056
-1.000
3.300
4.244
3.895
4.603
3.499
4.202
4.112
3.869
-1.000
4.054
3.725
3.387
4.174
4.056
-1.000
4.075
5.505
3.981
4.427
3.663
4.986
4.159
3.354
2.267
3.586
3.595
2.226
3.428
3.905
3.855
5.167
4.027
3.413
2.821
4.073
3.860
-1.000
3.676
5.367
3.458
3.316
4.423
2.923
3.777
4.795
4.468
5.846
-1.000
3.765
3.826
3.926
3.613
4.160
3.965
3.909
4.884
3.387
3.417
-1.000
5.590
5.819
3.563
3.448
5.295
4.884
4.100
3.479
3.940
3.576
4.469
2.986
4.216
1.856
3.175
3.890
3.669
3.585
3.348
-1.000
3.574
-1.000
3.449
3.804
3.766
4.352
3.057
3.560
4.545
3.362
4.313
3.490
4.912
3.734
4.170
4.536
3.527
4.673
3.373
4.342
3.720
4.485
2.074
5.939
4.882
3.172
3.858
-1.000
3.541
4.131
4.907
-1.000
3.549
2.658
3.889
3.250
3.344
-1.000
3.500
4.052
3.302
3.848
5.397
3.582
4.513
3.840
3.414
3.977
1.917
-1.000
3.733
3.723
3.216
3.842
2.783
-1.000
4.209
3.495
4.601
3.190
4.599
4.238
4.311
4.514
3.848
3.461
-1.000
3.458
3.251
4.863
3.574
-1.000
5.680
3.560
3.848
5.620
3.717
-1.000
3.204
4.119
4.269
3.719
3.583
3.579
3.570
4.433
4.244
3.563
4.681
3.635
4.365
3.874
3.483
4.197
4.042
5.289
3.272
4.703
4.675
3.975
3.366
3.787
4.214
3.631
4.375
3.554
4.064
5.589
3.957
3.950
3.629
3.681
4.084
3.318
3.917
3.562
3.319
5.168
3.864
4.474
3.713
4.136
3.705
4.392
3.981
4.254
3.378
3.675
3.150
4.386
5.207
4.522
3.701
2.774
4.549
4.075
-1.000
3.461
3.922
4.120
4.246
3.557
4.329
6.233
3.529
3.544
3.614
3.562
3.781
4.502
5.041
4.047
5.216
4.574
4.043
3.567
4.413
2.927
-1.000
4.020
3.337
3.426
4.168
3.703
3.207
3.820
3.977
3.284
3.277
4.777
4.657
4.341
4.039
4.031
4.162
4.763
3.987
3.811
3.938
3.505
4.168
3.937
4.412
-1.000
4.215
4.682
3.598
3.860
4.434
3.626
3.157
3.569
3.765
3.092
4.143
3.936
3.950
3.640
3.710
4.235
5.145
-1.000
4.434
5.001
3.748
3.871
3.504
3.791
3.913
3.815
3.477
3.815
3.556
3.655
3.623
3.757
5.146
4.300
2.583
4.464
3.799
4.096
4.096
3.579
4.983
3.933
4.135
4.243
3.441
3.437
4.129
3.810
3.793
3.318
4.392
3.843
3.465
3.898
3.945
2.427
3.256
4.543
3.496
-1.000
3.477
4.025
4.088
3.243
4.142
3.382
-1.000
5.333
3.694
4.395
2.778
5.590
3.592
4.056
5.271
4.020
5.305
3.478
4.466
3.531
4.346
4.499
4.242
3.806
3.394
3.662
4.551
3.751
4.148
3.527
3.042
4.483
4.044
3.395
3.846
4.071
3.536
3.949
3.578
4.021
3.325
3.667
3.571
4.076
3.400
4.037
3.465
3.949
3.292
4.208
3.917
3.112
3.823
3.175
3.541
2.431
4.939
4.021
3.092
4.227
3.560
3.221
4.454
3.330
3.297
3.809
4.265
3.496
3.952
3.504
4.236
4.077
3.958
3.489
4.645
3.800
3.503
3.885
4.334
4.509
4.270
3.378
4.326
3.578
4.547
3.534
3.877
4.229
4.170
4.304
3.417
3.597
5.067
3.018
-1.000
-1.000
3.688
3.663
4.225
2.547
3.423
3.933
3.647
4.913
3.875
4.513
3.652
3.903
2.589
4.824
4.217
-1.000
4.380
5.226
4.750
4.120
-1.000
3.460
-1.000
3.166
4.211
3.691
-1.000
3.482
4.740
3.673
3.819
3.719
3.997
4.096
3.631
3.470
3.485
5.171
3.685
3.633
4.670
3.773
3.778
3.840
3.467
4.123
3.544
3.601
3.785
3.486
4.394
3.839
3.650
3.423
5.056
4.568
4.365
3.957
1.864
3.787
3.556
3.719
4.773
4.548
3.681
3.744
3.951
3.161
2.869
4.363
3.567
4.614
4.565
3.919
3.590
4.044
4.743
3.727
3.482
4.725
3.792
3.623
4.848
3.967
3.788
3.608
-1.000
3.540
3.546
3.455
3.791
4.262
4.032
4.981
3.498
5.154
3.948
4.626
3.875
3.412
3.379
3.702
-1.000
2.069
3.832
3.923
3.225
5.540
3.830
3.992
3.842
4.385
3.124
4.201
3.626
4.620
4.464
3.670
3.998
3.465
3.733
4.900
3.696
-1.000
4.429
3.501
4.162
4.815
4.693
4.154
4.383
4.307
4.078
3.355
3.639
4.271
3.682
3.663
4.275
3.633
4.212
4.586
3.743
3.531
3.636
4.012
3.508
3.482
3.593
3.285
3.589
4.182
4.159
3.283
3.750
3.553
4.550
3.522
-1.000
3.677
5.687
3.991
3.541
-1.000
3.732
5.243
3.410
4.630
4.089
3.720
3.509
4.341
3.370
3.985
4.837
3.976
3.118
3.637
3.938
3.495
4.183
4.147
4.010
3.482
3.293
3.650
4.079
3.482
3.421
-1.000
4.347
3.877
3.423
4.145
4.563
3.988
3.881
3.530
3.271
3.974
2.588
3.979
4.765
3.986
4.962
4.262
4.630
-1.000
3.419
5.264
3.351
3.678
4.049
4.091
4.024
3.378
4.174
4.934
4.608
3.060
3.580
4.626
4.906
3.719
4.440
3.847
4.788
3.630
4.528
3.756
3.456
3.695
4.942
3.380
4.474
3.821
3.822
4.326
4.252
4.045
4.120
4.260
3.975
5.193
4.339
5.265
3.489
5.114
4.276
4.383
4.784
3.594
4.174
4.162
3.907
3.943
3.588
3.669
3.480
3.286
2.789
3.643
4.143
3.868
3.452
3.941
4.733
3.851
4.491
4.174
5.341
-1.000
4.332
4.045
-1.000
3.776
4.085
4.907
3.959
3.503
4.340
4.038
4.010
3.485
3.444
3.678
4.069
5.116
4.469
4.280
4.052
4.368
3.475
3.967
4.146
4.307
4.762
3.744
4.200
3.729
6.067
2.956
4.992
3.790
3.743
4.210
3.933
4.034
3.470
3.835
4.184
3.550
3.736
3.726
3.953
5.737
3.409
3.214
3.720
3.733
4.383
4.694
3.561
4.122
3.632
3.834
4.228
4.095
4.397
3.701
4.109
3.885
3.135
3.339
4.227
5.299
3.526
3.847
3.785
4.276
3.176
3.722
3.267
3.656
3.304
4.257
4.016
3.919
3.918
3.178
4.064
3.557
4.941
3.590
3.817
4.883
3.664
2.597
3.707
4.342
3.596
3.691
5.366
4.229
4.151
4.486
3.789
3.923
3.591
4.488
4.375
3.805
5.062
3.285
4.536
3.496
3.626
4.398
3.409
4.363
3.943
3.927
3.997
3.622
3.054
-1.000
4.046
4.254
-1.000
4.126
4.474
3.512
3.896
5.537
5.904
4.238
3.698
3.901
3.939
3.841
4.836
4.496
4.092
4.197
4.414
3.443
3.152
3.632
3.958
3.385
3.629
3.999
3.570
3.280
4.780
5.163
3.306
-1.000
3.329
3.369
4.017
3.520
4.163
4.596
4.679
3.607
-1.000
3.117
4.454
5.157
3.320
4.235
4.190
5.235
6.179
4.076
3.872
5.455
3.779
4.825
4.786
4.041
3.805
4.117
3.880
4.083
4.157
4.498
4.761
3.766
3.764
3.779
3.852
3.853
3.929
3.980
3.871
3.794
3.970
3.774
4.170
3.888
4.770
3.943
4.093
5.376
3.796
3.782
4.088
4.229
3.928
3.798
5.762
4.663
3.931
3.786
4.328
4.048
3.796
3.769
4.518
4.582
4.061
3.898
4.070
4.864
4.792
4.994
3.896
4.060
4.060
3.920
4.200
4.021
4.593
4.456
4.648
4.257
3.781
3.885
3.973
4.301
3.808
3.742
3.736
4.110
3.718
4.046
4.521
4.570
4.053
4.149
3.906
4.416
4.765
4.659
4.078
3.724
5.154
3.749
4.077
3.710
4.369
3.630
3.797
4.135
4.917
3.818
3.757
3.883
4.792
4.291
4.044
4.405
4.146
4.956
3.792
3.984
3.748
4.029
4.440
3.951
4.778
3.763
4.372
3.916
4.489
3.900
3.924
3.758
4.268
4.045
3.993
4.099
4.081
4.130
3.728
3.980
4.190
4.652
4.563
4.144
3.827
4.032
3.823
3.714
3.731
4.357
3.723
4.549
3.830
3.906
3.881
4.340
4.151
4.826
4.015
4.528
3.830
4.176
4.210
4.170
3.828
4.472
3.979
4.538
4.109
3.738
3.740
3.925
3.990
4.035
3.723
3.902
4.631
3.762
4.495
3.910
4.340
4.794
3.980
4.100
4.637
4.645
4.034
4.160
3.992
4.146
3.801
5.426
4.217
4.761
3.911
4.239
3.719
3.723
3.732
3.999
4.429
3.701
4.150
5.059
4.581
4.659
3.944
3.831
4.022
4.014
3.852
4.119
4.150
3.800
5.130
4.369
4.097
3.697
4.467
4.105
4.846
3.935
4.650
3.833
3.775
4.206
3.969
3.726
3.831
3.941
4.128
4.147
4.588
3.890
4.767
4.275
4.170
3.837
4.243
3.806
4.214
3.682
3.827
4.115
3.723
3.986
3.823
3.831
4.634
4.678
4.898
3.863
3.790
4.300
4.260
4.748
4.642
3.791
4.584
3.959
4.545
3.935
3.716
3.720
5.600
4.717
4.087
3.894
4.214
4.194
4.039
4.364
4.911
3.944
5.210
3.792
6.045
3.767
4.520
3.740
4.473
4.224
4.377
4.031
3.875
3.968
3.723
3.860
3.762
4.981
4.302
3.772
5.070
3.911
3.681
3.793
4.674
4.341
4.385
4.236
4.112
3.746
4.534
3.933
4.322
3.882
4.035
3.705
3.767
4.282
4.479
3.844
5.233
3.855
3.889
3.865
3.771
4.400
4.110
3.836
4.110
5.410
3.759
3.790
4.700
4.397
3.820
3.893
4.135
3.912
4.311
3.994
3.828
3.811
4.139
4.039
4.357
3.946
3.873
3.938
3.806
4.349
3.868
4.066
4.796
4.049
3.716
3.784
4.120
5.446
5.279
4.152
4.020
3.905
4.636
3.920
3.765
3.857
4.083
4.444
3.746
3.979
3.688
3.790
3.837
3.969
4.217
4.253
5.227
3.709
4.250
4.437
5.152
4.680
4.581
4.126
4.116
3.756
3.910
4.849
4.092
3.985
5.160
4.334
3.751
4.235
4.410
4.138
4.478
4.133
4.344
3.894
4.547
3.847
3.862
3.894
4.339
4.242
5.243
4.463
3.770
3.728
3.940
4.294
4.217
3.930
4.025
3.856
4.286
3.716
4.481
3.897
4.082
3.907
3.757
3.985
4.307
4.439
3.733
3.657
4.368
4.187
4.892
4.067
3.673
4.537
3.710
3.723
3.813
3.749
3.778
3.999
3.977
3.837
3.895
4.041
4.031
3.940
3.992
5.508
3.738
3.936
3.923
4.091
3.591
3.711
4.364
4.071
3.730
3.825
3.713
3.734
5.670
4.755
3.774
4.249
4.253
3.719
3.961
4.202
3.798
4.293
3.875
3.884
3.999
4.641
3.934
3.777
4.704
4.074
4.340
4.134
4.079
3.985
3.720
4.316
4.808
3.710
4.029
4.025
3.782
3.889
3.710
4.857
4.661
4.168
5.246
3.984
4.772
3.828
4.882
4.220
3.995
3.758
3.844
4.030
4.111
4.228
5.483
3.878
3.754
4.095
5.122
4.448
4.010
4.290
5.944
4.805
3.768
3.748
4.033
3.992
4.380
3.739
4.387
3.900
4.861
3.831
3.879
5.086
4.021
4.243
3.794
5.560
5.409
4.108
3.721
4.819
4.254
3.878
4.843
3.734
4.564
3.969
4.522
3.758
3.785
3.788
3.849
4.005
3.750
5.234
3.798
3.750
4.165
4.328
5.420
3.913
4.248
3.785
4.447
4.150
4.666
4.044
3.824
4.685
4.115
4.314
3.849
3.933
4.337
5.055
3.888
3.761
4.038
4.143
3.969
5.035
4.301
3.760
4.239
3.844
4.275
3.823
3.910
4.138
4.128
4.365
4.156
3.962
4.096
3.788
3.873
3.949
3.841
3.731
5.143
4.257
3.792
4.006
3.741
4.166
4.345
4.911
3.754
4.331
4.252
3.741
3.986
3.743
3.846
4.034
4.338
4.024
3.981
3.759
4.247
3.910
4.078
5.616
3.734
3.803
4.008
3.918
3.865
3.919
3.776
4.279
3.726
3.927
3.867
4.393
3.839
4.232
4.367
3.910
3.999
4.339
3.889
4.696
3.935
4.233
3.848
4.254
3.835
3.968
4.142
4.365
4.425
4.705
3.731
3.927
4.905
4.067
3.778
5.664
5.812
5.005
4.481
3.923
4.133
4.335
4.379
4.116
4.186
4.226
3.797
3.772
4.670
3.747
3.852
4.054
3.939
3.852
4.758
4.700
3.737
4.048
4.609
4.543
3.742
3.980
3.903
3.932
4.616
3.961
4.269
3.922
3.827
3.794
3.957
3.921
4.969
3.752
3.956
3.951
4.233
4.218
3.757
4.539
5.746
4.347
3.878
4.473
3.844
4.413
4.714
3.999
3.994
4.128
3.886
3.843
4.585
4.138
4.204
3.738
3.971
3.976
3.846
3.786
3.981
3.825
4.596
3.763
3.740
3.826
4.301
4.673
3.936
4.373
4.809
3.934
4.663
3.864
3.918
4.339
4.313
3.781
4.191
3.812
4.287
4.297
4.436
3.768
4.721
3.748
4.153
3.959
3.743
3.810
4.822
3.746
4.605
4.093
3.740
3.794
3.933
3.951
4.117
4.542
4.023
4.594
4.338
3.912
3.732
4.109
3.867
3.779
4.150
3.798
4.342
4.547
4.585
4.282
4.322
5.019
4.605
3.817
3.889
4.666
3.753
4.295
4.538
4.093
3.816
4.483
4.363
4.572
3.829
3.835
3.965
4.118
3.911
3.847
3.803
4.248
4.070
3.935
3.779
3.803
3.758
4.237
4.514
3.842
3.795
4.223
4.774
4.669
4.387
3.864
4.728
4.335
3.767
3.824
3.951
3.843
4.113
3.959
3.864
3.816
3.743
3.918
4.399
4.377
3.837
4.512
5.401
4.303
3.799
3.860
3.837
3.752
3.832
4.107
4.317
3.795
4.029
4.217
4.241
3.780
3.957
4.725
3.843
3.738
4.264
4.222
4.932
4.772
3.925
5.984
4.380
3.851
3.987
4.283
4.068
3.866
3.782
4.174
5.004
4.007
3.824
3.754
3.790
4.018
5.644
3.875
3.980
3.786
3.743
4.664
4.418
3.837
3.821
3.727
3.974
4.232
4.029
3.902
3.972
4.080
4.108
3.857
4.455
4.009
4.475
5.333
3.813
3.818
4.542
3.800
4.209
4.600
4.017
4.585
4.168
4.477
4.665
4.044
3.803
4.070
3.741
4.335
4.050
4.367
4.225
3.822
4.078
3.745
4.764
4.294
4.119
3.770
3.857
3.996
4.449
3.939
5.136
4.803
4.007
3.911
3.769
4.156
4.272
3.926
3.982
4.655
4.256
3.745
4.387
3.982
3.910
4.134
4.693
4.664
3.883
3.950
4.298
4.036
3.950
4.499
3.962
4.435
4.834
3.812
4.259
3.930
4.377
4.584
4.214
3.889
3.780
4.600
3.891
4.073
4.182
4.391
4.116
3.746
3.980
4.098
3.747
3.950
3.877
3.732
3.778
4.609
4.351
4.045
5.218
3.737
3.847
4.083
3.776
4.006
4.075
4.110
5.420
4.096
4.145
3.799
4.116
5.025
3.957
4.007
3.977
5.289
3.835
4.018
3.787
5.497
4.410
3.910
4.145
3.976
5.215
3.880
4.715
4.278
4.123
3.985
3.764
5.029
3.991
3.971
3.831
4.310
3.849
3.862
4.906
3.737
3.864
3.815
3.862
4.024
4.174
4.222
3.880
4.107
3.740
4.932
3.997
3.831
4.090
3.928
3.999
4.352
4.576
4.151
4.016
3.837
4.104
3.964
5.063
3.775
4.633
4.518
4.710
4.573
3.820
3.746
3.893
3.971
4.923
3.933
3.973
4.372
3.807
4.569
3.950
3.879
3.808
4.131
3.766
4.124
4.034
4.169
3.877
3.966
4.138
3.805
4.288
4.074
4.316
3.757
3.839
4.145
3.795
3.946
4.869
4.019
4.445
5.162
3.797
4.378
4.113
3.777
3.936
4.281
3.867
3.824
3.925
3.754
4.559
4.135
5.669
4.427
3.947
4.121
4.050
3.801
4.426
5.010
4.687
3.871
4.243
3.979
4.230
4.847
5.024
3.896
3.854
3.978
6.301
3.749
4.138
3.990
3.851
3.749
3.753
4.052
3.897
4.589
3.998
4.630
3.773
5.088
3.825
3.950
4.137
3.772
3.839
3.937
4.319
4.228
4.477
4.458
3.868
3.934
4.423
4.354
3.749
3.775
4.793
3.842
3.974
3.993
3.753
3.910
4.083
4.019
3.910
4.182
4.106
3.876
4.528
4.731
4.168
3.812
3.796
3.831
4.513
3.798
4.727
4.010
4.286
5.557
4.406
3.827
4.778
3.871
4.373
3.995
4.426
3.796
3.915
3.925
4.142
3.919
4.338
3.899
4.367
4.397
4.069
4.102
3.772
3.994
4.098
3.836
3.801
5.514
4.260
4.483
4.346
4.033
4.090
3.854
4.280
3.885
3.947
3.865
4.047
3.918
3.938
4.102
3.938
4.388
4.210
4.021
4.781
5.097
4.565
4.261
4.642
4.042
3.769
4.623
3.761
4.340
4.182
4.194
3.805
3.794
3.855
3.982
3.958
3.978
3.964
4.772
4.347
4.053
3.758
4.148
5.116
4.304
3.747
4.340
4.083
4.517
3.785
4.229
4.262
3.933
3.804
4.094
3.882
3.825
4.234
3.953
3.967
3.751
3.853
3.903
3.873
4.137
4.125
4.321
4.091
4.368
4.045
3.783
3.755
3.922
3.765
4.311
3.828
4.204
4.402
4.308
4.299
3.859
4.504
5.167
4.616
5.081
3.877
3.962
3.803
4.418
4.496
3.798
4.994
3.809
3.807
3.836
4.002
3.931
3.830
3.771
3.898
3.881
4.443
5.609
3.957
3.747
3.956
4.124
4.469
3.805
3.833
4.586
4.286
4.416
4.438
3.778
4.818
3.765
3.762
4.131
3.768
3.924
4.956
4.013
4.207
3.980
3.801
3.741
3.990
4.910
3.942
4.145
4.329
3.878
4.111
5.399
3.818
4.186
3.897
3.822
4.298
3.951
4.106
3.832
3.857
3.833
3.748
4.491
3.801
4.085
3.879
3.747
4.468
4.342
3.844
3.922
4.027
3.880
5.281
3.787
3.753
5.097
4.201
5.971
4.009
4.204
3.891
4.205
4.036
4.129
3.743
3.795
4.087
4.012
4.177
3.951
4.397
3.801
4.156
3.801
3.926
4.286
3.800
3.966
3.849
3.862
4.465
4.131
3.959
3.951
4.808
5.768
3.940
4.066
4.527
3.908
3.790
4.214
3.769
3.800
4.840
4.041
3.880
4.393
3.805
3.820
3.916
4.224
3.840
4.298
3.905
3.857
3.939
4.603
3.994
3.749
4.576
4.420
5.173
4.602
4.617
4.076
4.170
4.890
4.037
4.378
3.857
4.271
3.807
4.748
4.123
3.925
3.851
3.827
4.012
4.100
4.000
4.306
3.887
3.938
3.934
4.152
3.857
4.083
3.808
3.936
3.959
3.977
3.957
4.210
5.517
4.633
3.836
3.980
3.966
4.318
3.972
3.802
4.296
4.758
3.808
3.967
3.845
3.763
3.797
3.756
3.871
4.414
4.452
4.056
4.224
4.455
4.335
4.051
3.922
3.930
3.987
3.842
4.075
3.817
3.966
4.982
4.141
3.854
3.959
4.094
3.912
3.832
3.787
3.952
4.258
4.149
4.986
3.877
4.236
3.934
3.871
3.965
4.738
3.884
3.812
3.890
3.935
3.880
4.329
3.779
4.073
4.839
3.982
3.833
4.753
3.861
4.132
4.871
3.986
4.612
4.297
3.930
4.872
5.904
3.951
3.995
3.914
3.951
3.834
3.778
4.417
3.751
4.403
4.079
3.793
4.907
4.705
3.929
3.923
4.240
3.939
3.843
3.897
3.948
3.809
5.309
3.758
3.988
5.101
4.115
4.143
4.111
5.048
3.760
4.398
3.746
4.288
3.843
3.788
3.750
4.453
4.991
3.842
4.456
5.167
3.765
3.917
3.870
4.052
4.388
3.743
3.844
3.980
3.771
4.008
5.231
3.889
4.881
4.402
3.794
4.083
3.895
3.887
3.807
3.770
3.933
3.878
4.791
4.512
4.541
4.684
4.278
5.091
4.103
3.825
3.883
4.154
3.796
3.880
3.818
4.125
4.574
4.139
4.542
4.633
3.774
3.935
4.917
3.786
4.113
3.766
3.879
3.895
4.772
4.039
4.055
5.109
4.373
3.896
3.877
6.120
4.048
5.136
3.816
4.341
3.832
3.809
5.238
3.805
3.967
4.235
3.781
4.364
4.507
3.809
4.048
4.801
4.469
4.531
4.001
4.091
3.887
3.941
3.758
5.179
4.649
5.701
4.640
3.775
3.863
4.085
4.126
4.156
3.901
3.994
3.752
3.921
4.157
3.994
4.007
4.656
3.893
3.799
3.979
4.040
3.767
4.905
3.992
3.801
3.897
3.814
4.187
3.835
4.319
4.158
5.126
3.951
3.970
3.990
3.907
3.784
3.783
4.315
4.962
3.761
3.825
4.046
4.019
3.796
3.884
4.050
3.883
3.892
3.786
4.162
4.357
4.296
3.793
3.884
5.506
3.926
4.017
4.312
5.084
3.993
4.049
4.515
3.843
3.871
3.963
3.814
3.950
3.771
4.264
3.778
4.662
3.801
3.846
4.548
3.904
3.956
3.945
4.310
4.211
4.423
4.649
3.941
4.389
4.181
4.190
4.857
3.814
4.682
4.262
4.735
4.495
3.936
3.804
4.189
3.820
4.895
4.339
4.028
4.098
4.744
3.793
4.270
4.179
4.041
4.016
3.807
3.922
3.765
4.921
3.804
3.978
4.301
4.552
4.747
3.917
4.022
5.570
4.180
4.337
3.811
4.448
3.772
3.758
3.837
4.403
3.784
3.887
4.484
4.202
3.758
3.930
4.186
4.195
3.913
5.786
3.849
3.759
4.002
4.106
4.501
4.471
4.098
4.921
4.285
3.769
4.038
3.806
3.897
4.316
3.981
3.897
4.409
4.565
4.290
3.998
4.234
3.867
3.766
4.141
4.194
3.868
3.954
4.215
5.017
3.945
4.480
5.240
3.818
4.164
4.030
3.983
4.384
3.898
4.317
3.822
3.956
3.804
4.207
3.854
4.629
4.952
3.795
4.457
3.948
3.860
3.759
3.884
3.906
3.773
4.629
3.909
3.852
3.764
4.293
4.887
4.815
3.852
3.926
3.795
3.783
4.076
3.827
4.066
3.848
4.656
5.116
3.967
4.088
3.797
3.966
4.570
3.898
3.895
4.007
3.754
4.398
3.939
4.352
4.496
4.804
3.803
4.155
3.764
3.771
3.830
4.084
3.881
5.883
4.503
4.721
3.966
3.770
4.348
3.989
5.025
4.197
3.947
3.829
3.966
4.639
4.088
4.610
3.970
3.774
5.705
3.787
3.929
4.140
3.808
5.648
4.233
4.076
4.548
3.981
3.753
3.741
5.040
4.160
4.561
4.255
4.283
4.023
3.761
4.208
4.078
3.825
4.346
4.207
4.255
3.791
3.754
4.309
3.831
3.934
3.924
4.138
3.787
6.364
4.146
3.755
4.137
3.820
4.071
4.331
4.129
4.239
4.215
4.701
3.858
3.754
4.014
4.072
3.806
3.910
3.951
4.226
3.893
6.114
3.915
4.191
4.793
4.214
4.883
3.819
4.083
4.099
4.116
3.941
3.799
4.053
4.699
3.847
4.181
3.842
3.785
4.136
4.000
3.901
3.977
4.079
3.892
4.250
4.445
4.609
3.990
4.016
4.091
4.230
4.472
3.838
3.776
4.025
3.754
3.831
3.831
4.916
3.780
3.963
4.362
4.023
4.633
4.128
4.523
4.376
4.058
4.364
3.767
5.807
4.186
4.810
3.993
4.069
4.836
3.751
4.521
3.765
3.853
3.778
4.136
4.124
4.078
4.407
4.352
3.802
4.000
3.995
3.882
4.151
4.260
4.218
3.782
3.858
4.171
3.814
3.966
4.323
4.136
4.512
3.922
4.901
4.661
3.792
4.222
4.087
3.871
3.945
5.009
3.755
3.976
3.969
4.372
3.882
3.913
3.878
4.089
3.966
3.781
4.274
3.802
4.812
4.114
4.390
3.882
4.475
4.269
3.768
3.972
3.863
4.290
3.818
4.149
3.758
3.798
4.851
4.009
4.202
4.338
3.838
3.803
3.742
3.835
4.152
3.960
4.522
4.177
4.256
4.006
4.715
3.998
4.151
3.771
4.798
3.970
3.950
4.801
4.439
4.244
3.771
4.731
5.159
3.841
4.231
3.775
3.803
4.022
3.919
4.550
5.476
3.781
3.967
3.791
4.324
3.895
4.076
4.381
4.092
3.750
4.408
3.773
4.052
4.385
4.359
3.810
4.081
4.037
3.891
3.966
5.133
4.502
3.833
4.267
3.910
4.104
3.817
3.779
4.578
3.784
3.759
4.532
3.820
5.699
4.643
4.509
3.772
4.240
4.386
3.820
6.127
3.781
3.816
4.596
4.178
5.735
4.166
3.837
5.059
3.827
4.421
4.328
3.811
3.748
3.963
3.988
4.515
3.893
3.936
3.982
5.945
3.992
3.866
3.850
4.237
3.880
4.421
4.228
4.230
5.258
4.272
3.942
3.845
3.956
4.157
4.089
3.946
4.394
3.918
4.326
4.455
3.924
4.328
3.852
4.556
3.811
4.379
4.200
4.628
3.762
4.120
4.045
3.932
4.455
3.934
4.254
3.885
3.965
3.978
3.823
3.869
3.850
4.560
3.951
4.256
4.176
4.838
3.791
4.659
4.053
3.804
3.954
3.837
4.323
3.804
3.780
3.870
4.095
4.051
3.742
4.617
3.857
4.385
3.805
4.143
4.381
4.662
4.049
5.932
5.686
4.312
4.146
3.810
4.153
3.930
3.915
3.777
4.478
3.762
3.815
3.948
4.621
3.816
4.064
4.642
4.187
4.180
4.202
3.763
4.125
3.866
3.775
3.837
4.631
4.373
3.855
4.050
4.118
4.691
5.787
4.285
4.290
3.820
4.105
3.884
4.013
4.116
4.228
4.907
4.624
3.903
4.276
4.019
3.966
3.785
3.763
3.759
4.172
3.968
4.003
4.131
3.956
4.077
4.392
4.569
3.806
4.861
4.234
4.901
4.044
4.061
3.920
3.998
3.839
3.759
5.124
5.083
4.845
3.806
4.056
4.132
3.900
3.877
4.193
4.394
4.808
4.822
3.973
3.896
3.794
4.078
3.954
4.258
5.566
3.965
4.021
3.804
4.910
4.758
4.547
3.756
3.771
4.070
4.626
5.277
4.006
4.325
4.154
3.796
4.691
3.757
4.622
4.121
4.546
4.201
3.771
4.400
4.088
3.953
4.040
3.775
4.749
4.384
3.997
4.064
4.143
3.955
3.992
3.879
3.760
3.820
3.876
3.813
3.891
3.898
4.034
4.407
4.213
4.675
3.949
4.554
4.501
3.900
3.761
3.920
4.254
4.453
4.109
4.083
3.778
4.504
3.770
4.780
4.614
4.072
4.139
4.754
4.590
3.831
4.700
4.108
3.764
3.752
3.762
3.751
3.858
3.989
4.125
4.163
4.501
4.205
3.888
3.940
3.802
4.939
3.887
4.521
3.877
4.680
4.117
3.798
3.847
4.642
3.823
3.779
3.851
3.799
4.053
5.246
4.729
3.835
3.956
4.028
3.802
3.751
4.136
3.906
4.251
4.092
4.785
3.797
4.064
4.020
4.713
4.220
4.019
4.501
3.773
3.801
4.049
4.390
3.815
3.782
4.878
3.742
5.036
3.742
4.238
3.806
3.898
3.972
3.885
4.132
3.785
4.910
3.863
3.916
3.996
3.939
4.045
3.743
3.775
3.811
3.851
4.163
4.184
4.106
4.643
3.931
3.813
4.116
4.030
3.991
3.799
4.253
4.139
4.161
3.750
5.195
5.389
3.866
4.214
4.510
3.861
3.810
4.402
3.750
4.122
4.365
3.940
4.613
3.829
4.033
4.802
5.090
3.966
3.884
4.316
4.133
3.867
3.841
4.836
3.786
3.795
3.888
3.988
3.748
3.795
4.568
5.135
3.789
3.770
4.078
4.927
4.065
4.498
3.750
4.079
3.794
4.540
3.756
4.369
4.902
4.761
3.886
3.885
3.932
3.873
3.775
4.666
4.090
3.836
4.241
3.759
4.178
3.911
3.877
3.950
3.958
3.767
5.133
3.868
4.418
3.749
3.786
4.319
3.904
3.886
4.050
4.372
5.316
3.751
4.933
3.795
4.465
4.748
3.918
5.260
4.395
3.821
3.745
4.452
3.912
4.450
6.311
4.896
4.022
5.448
4.053
4.154
3.851
4.088
3.904
3.811
4.831
4.261
4.090
3.783
4.159
3.792
4.032
3.747
4.278
3.894
3.815
3.740
3.922
4.584
3.901
3.969
3.843
3.823
4.093
3.886
4.103
4.311
4.311
4.037
4.250
3.939
3.852
3.955
3.944
3.958
4.424
4.068
3.990
4.783
3.770
4.703
3.773
4.014
4.084
3.791
5.000
3.767
4.076
3.744
3.827
4.101
3.859
3.975
4.018
3.886
4.032
4.120
3.799
3.885
3.993
4.688
5.747
3.799
5.006
3.823
4.153
4.584
3.883
3.807
4.532
4.073
4.078
3.958
4.386
4.425
4.235
4.019
4.475
4.293
3.801
3.770
3.747
4.307
4.034
5.495
4.278
5.006
4.122
3.920
4.402
4.181
4.223
4.030
4.434
3.903
3.867
3.991
4.206
3.913
3.884
4.861
4.593
3.810
4.162
3.823
4.156
4.266
4.767
4.606
3.949
4.348
3.954
4.630
3.780
4.030
4.157
4.580
4.571
4.407
3.822
3.930
5.056
3.958
3.882
4.038
4.252
4.331
4.554
4.299
3.825
4.584
4.546
4.153
4.612
4.059
3.963
3.915
3.775
3.943
3.979
3.834
4.595
4.015
4.498
4.202
4.257
4.002
3.957
3.973
4.205
4.900
3.910
4.988
4.167
3.867
3.767
5.010
3.743
3.911
5.466
4.038
4.090
3.789
3.898
3.920
6.025
4.044
4.144
3.776
4.210
4.428
4.889
4.240
4.364
4.229
3.807
3.875
3.786
4.556
4.483
4.727
4.323
4.102
4.413
4.176
4.118
4.066
4.338
4.292
4.165
4.071
4.305
3.779
4.525
4.470
4.426
4.275
3.873
3.903
4.525
3.947
3.828
3.997
4.644
4.823
4.133
5.393
4.112
4.396
4.360
3.824
5.261
4.097
4.657
3.907
3.854
4.103
3.810
3.938
4.704
3.740
3.795
4.407
3.904
4.447
3.894
4.664
4.035
4.221
5.081
3.931
3.840
3.791
3.839
3.781
4.297
3.950
3.920
4.571
3.976
3.952
3.982
5.589
4.046
3.768
4.148
3.784
4.272
5.698
3.917
3.799
3.978
4.006
4.006
5.488
4.177
3.966
3.881
4.063
3.907
3.789
6.079
6.004
4.993
3.742
3.873
3.891
3.938
3.984
4.009
3.750
3.896
4.223
4.135
4.052
3.761
3.772
3.769
4.091
4.172
4.376
3.983
4.518
3.753
4.815
4.051
4.841
4.620
3.959
4.066
4.124
4.076
4.510
4.124
4.198
4.358
4.500
5.200
5.045
3.758
5.128
3.962
4.807
3.912
4.091
4.350
3.921
4.133
3.989
3.767
4.442
4.623
4.291
4.030
5.753
4.000
3.774
4.025
3.936
3.842
4.098
3.966
4.169
4.063
4.301
4.387
3.890
4.266
3.915
3.868
3.861
3.961
3.840
5.157
4.154
3.917
3.858
4.083
3.819
3.882
4.184
4.107
4.443
3.950
3.868
4.145
3.980
4.093
4.175
3.931
4.181
3.999
4.419
4.146
4.152
3.781
4.037
3.906
4.345
3.844
4.359
4.082
4.074
4.434
3.741
4.256
3.811
3.741
3.766
4.055
3.769
3.749
3.825
3.774
3.979
3.856
3.862
4.064
4.261
3.958
4.050
3.950
5.000
4.122
4.356
4.092
4.150
3.942
3.847
4.905
4.739
4.311
4.137
3.965
4.649
3.824
3.754
3.793
3.932
4.241
4.126
4.472
3.973
4.387
4.054
4.594
4.226
3.927
3.834
3.968
4.764
3.975
4.544
4.879
4.067
5.385
3.849
4.005
4.603
5.456
4.275
4.000
4.012
3.998
4.425
3.797
4.896
3.853
4.241
4.259
4.255
3.822
4.251
3.840
3.928
4.031
4.480
3.796
4.267
3.830
3.752
3.832
4.559
3.920
3.756
3.961
3.839
5.500
3.832
3.810
3.780
3.823
4.085
3.926
4.623
4.323
4.061
4.157
3.790
4.544
5.806
4.244
3.857
3.831
3.870
4.014
4.338
4.711
3.769
3.886
3.986
4.383
4.000
4.453
4.039
3.942
3.880
4.860
4.245
3.804
4.053
4.900
4.054
3.752
3.793
4.925
3.780
4.019
3.996
3.915
4.144
3.851
3.740
3.938
3.749
3.914
4.060
4.226
3.926
4.033
4.363
3.991
4.254
3.809
3.988
3.891
3.767
3.996
4.809
3.842
4.090
4.818
3.981
3.996
4.335
5.628
4.809
3.923
3.774
3.900
3.782
3.767
4.151
3.754
3.766
3.826
3.806
4.945
3.920
4.339
4.157
3.846
3.751
4.038
4.285
4.810
4.539
4.059
3.805
4.092
6.154
4.147
4.163
4.156
4.242
4.492
3.742
4.563
4.128
3.829
4.087
4.022
3.833
3.984
3.848
4.188
5.438
3.755
3.989
4.272
3.757
4.167
4.087
3.770
3.745
4.816
4.250
3.910
3.769
3.957
4.282
3.993
3.916
4.473
4.648
4.407
3.865
4.556
4.022
4.220
3.945
4.598
4.132
4.606
3.927
4.503
4.093
3.974
4.618
4.028
4.002
4.199
5.200
3.841
3.810
4.006
4.016
4.025
4.922
4.154
4.883
3.832
4.029
3.968
3.948
4.917
4.188
4.061
3.876
3.959
3.924
4.115
4.030
4.029
4.095
3.824
4.813
3.920
4.251
4.230
4.400
4.593
3.795
3.924
4.830
3.742
4.011
4.418
3.779
3.975
3.914
4.059
4.162
4.336
3.961
3.846
3.800
4.800
3.862
3.774
4.022
4.103
4.167
3.743
4.211
3.855
3.924
4.307
4.078
3.757
3.902
4.254
4.517
4.178
4.290
3.917
3.843
4.844
3.849
4.006
4.462
5.193
4.075
4.263
4.782
3.820
4.305
4.015
3.896
3.900
3.895
3.992
3.913
3.819
3.807
3.819
3.801
4.029
4.216
4.694
4.165
3.880
5.367
4.297
3.841
3.875
3.820
4.104
3.759
3.787
3.881
4.107
4.626
4.474
4.395
4.260
4.433
3.930
4.149
3.853
4.953
3.859
3.787
4.012
4.380
4.526
5.186
4.852
4.362
4.031
3.999
3.778
4.495
3.982
3.923
3.827
4.078
3.810
5.200
4.707
4.947
4.418
4.100
4.651
3.880
4.599
4.219
4.205
4.099
4.013
4.506
4.536
4.163
5.117
4.221
3.818
3.863
3.967
4.408
3.972
4.562
3.941
4.461
3.774
3.874
4.661
3.896
3.776
3.776
4.316
4.092
4.655
4.037
4.345
3.992
3.982
3.756
4.023
3.752
3.934
4.070
3.766
4.105
3.769
4.251
3.921
3.849
4.669
3.917
3.871
4.228
4.377
4.121
3.756
3.816
3.834
4.736
4.194
4.095
4.574
4.074
4.875
5.197
4.246
4.056
5.421
3.979
4.350
4.226
4.138
4.650
3.999
4.240
3.998
3.829
3.958
4.074
3.847
3.799
4.552
4.174
3.924
3.760
4.052
3.789
3.781
3.922
3.874
4.158
4.867
3.822
3.798
3.811
3.782
3.876
4.181
3.891
3.851
3.964
4.099
4.321
4.136
4.178
3.826
3.923
3.750
4.119
3.754
3.791
3.741
4.892
3.860
3.744
4.256
4.099
4.638
4.183
4.246
3.919
3.826
4.298
4.225
4.733
4.871
4.100
3.863
3.911
4.004
4.103
3.748
3.807
4.496
3.749
3.744
3.769
3.857
3.770
3.772
4.095
3.922
4.064
4.133
4.016
3.919
3.963
3.877
4.495
4.093
3.775
3.983
4.327
3.767
3.832
3.872
4.467
3.833
4.055
3.949
4.470
4.147
3.761
4.484
3.829
3.790
3.757
4.140
3.801
3.808
4.001
4.853
4.065
4.023
3.855
3.835
3.776
3.839
4.325
4.003
4.251
3.850
4.288
3.745
4.252
4.237
4.836
4.031
3.999
4.022
4.185
4.059
3.779
3.862
4.493
4.307
4.073
3.909
3.837
4.640
3.797
4.367
4.945
3.900
3.807
3.775
3.980
4.821
4.191
4.397
3.767
4.044
4.582
3.818
3.817
3.820
4.301
4.653
4.612
3.825
4.310
4.687
4.410
4.152
3.985
4.239
4.460
4.156
4.314
4.138
4.009
4.132
3.769
4.384
3.834
3.775
4.069
4.131
4.195
3.849
4.180
4.045
4.466
3.898
4.459
4.054
3.791
6.072
4.147
4.083
4.257
4.424
4.373
3.766
4.263
4.155
4.199
4.396
3.936
5.226
3.757
3.815
3.826
3.757
3.819
3.868
3.773
3.878
4.502
3.748
4.617
4.247
4.298
4.268
4.580
3.971
3.878
4.207
4.650
4.010
4.489
3.903
3.850
4.312
4.758
3.928
3.958
4.006
4.221
4.321
4.129
3.785
6.131
3.914
3.890
4.578
4.439
4.173
3.796
4.143
3.761
4.338
4.704
4.079
4.441
4.094
4.129
3.874
4.778
3.917
4.495
3.823
4.157
4.015
4.558
3.764
4.295
3.782
4.044
4.011
4.060
4.417
4.015
3.995
3.751
3.815
4.080
4.067
4.439
4.015
4.199
4.114
4.037
4.458
4.282
5.070
4.182
3.980
3.762
3.746
3.942
4.800
4.133
3.981
5.370
4.390
4.604
4.009
4.049
3.887
4.229
4.114
-1.000
-1.000
-1.000
-1.000
-1.000
-1.000
-1.000
-1.000
-1.000
-1.000
-1.000
-1.000
-1.000
-1.000
-1.000
-1.000
-1.000
-1.000
-1.000
-1.000
4.032
-1.000
3.317
-1.000
-1.000
-1.000
-1.000
-1.000
-1.000
-1.000
-1.000
3.850
-1.000
4.276
-1.000
-1.000
-1.000
-1.000
-1.000
3.788
-1.000
-1.000
4.058
-1.000
-1.000
-1.000
3.781
-1.000
-1.000
-1.000
4.618
3.105
-1.000
-1.000
-1.000
4.311
4.307
3.318
-1.000
-1.000
4.634
-1.000
-1.000
-1.000
4.516
4.120
3.015
-1.000
4.221
3.744
-1.000
3.899
-1.000
-1.000
4.464
4.284
3.122
4.134
-1.000
-1.000
-1.000
4.141
3.626
-1.000
-1.000
4.544
3.751
-1.000
3.649
-1.000
4.609
-1.000
4.043
-1.000
-1.000
-1.000
4.357
3.808
-1.000
3.249
4.074
-1.000
3.153
4.774
-1.000
-1.000
-1.000
-1.000
-1.000
-1.000
-1.000
-1.000
3.793
-1.000
-1.000
-1.000
-1.000
-1.000
-1.000
-1.000
-1.000
-1.000
-1.000
-1.000
-1.000
-1.000
-1.000
-1.000
-1.000
-1.000
-1.000
-1.000
-1.000
-1.000
-1.000
3.255
-1.000
-1.000
-1.000
-1.000
-1.000
-1.000
-1.000
-1.000
-1.000
-1.000
-1.000
-1.000
-1.000
-1.000
-1.000
-1.000
-1.000
-1.000
-1.000
-1.000
-1.000
-1.000
-1.000
-1.000
-1.000
-1.000
-1.000
-1.000
-1.000
-1.000
-1.000
-1.000
-1.000
-1.000
-1.000
-1.000
-1.000
-1.000
-1.000
-1.000
-1.000
-1.000
-1.000
-1.000
-1.000
-1.000
-1.000
-1.000
-1.000
-1.000
-1.000
-1.000
-1.000
-1.000
-1.000
-1.000
-1.000
-1.000
-1.000
-1.000
-1.000
-1.000
-1.000
-1.000
-1.000
-1.000
-1.000
-1.000
3.815
-1.000
-1.000
-1.000
-1.000
-1.000
-1.000
-1.000
-1.000
-1.000
-1.000
-1.000
-1.000
-1.000
-1.000
-1.000
-1.000
-1.000
-1.000
-1.000
-1.000
-1.000
-1.000
-1.000
-1.000
-1.000
-1.000
-1.000
-1.000
-1.000
-1.000
-1.000
-1.000
-1.000
-1.000
-1.000
-1.000
-1.000
-1.000
-1.000
-1.000
-1.000
-1.000
-1.000
-1.000
-1.000
-1.000
-1.000
-1.000
-1.000
3.817
-1.000
4.153
-1.000
4.243
-1.000
3.772
-1.000
4.297
-1.000
-1.000
-1.000
4.608
4.389
-1.000
-1.000
-1.000
-1.000
-1.000
4.204
-1.000
-1.000
-1.000
-1.000
-1.000
-1.000
-1.000
-1.000
-1.000
-1.000
-1.000
-1.000
-1.000
-1.000
-1.000
-1.000
-1.000
-1.000
-1.000
-1.000
-1.000
-1.000
-1.000
-1.000
-1.000
-1.000
-1.000
-1.000
-1.000
-1.000
-1.000
-1.000
-1.000
-1.000
-1.000
-1.000
-1.000
-1.000
-1.000
-1.000
-1.000
-1.000
-1.000
-1.000
-1.000
-1.000
3.705
-1.000
-1.000
-1.000
-1.000
-1.000
-1.000
-1.000
-1.000
-1.000
-1.000
-1.000
-1.000
-1.000
-1.000
-1.000
-1.000
-1.000
-1.000
4.746
-1.000
-1.000
-1.000
-1.000
-1.000
-1.000
-1.000
-1.000
4.480
-1.000
-1.000
-1.000
-1.000
-1.000
-1.000
-1.000
-1.000
-1.000
-1.000
-1.000
-1.000
-1.000
-1.000
-1.000
-1.000
-1.000
-1.000
-1.000
-1.000
4.478
-1.000
-1.000
-1.000
-1.000
-1.000
-1.000
-1.000
4.295
-1.000
-1.000
-1.000
-1.000
4.382
-1.000
3.317
-1.000
-1.000
-1.000
-1.000
4.557
4.155
-1.000
-1.000
-1.000
-1.000
-1.000
4.811
-1.000
-1.000
-1.000
-1.000
-1.000
-1.000
4.478
-1.000
-1.000
-1.000
-1.000
-1.000
-1.000
-1.000
-1.000
-1.000
-1.000
-1.000
4.443
-1.000
-1.000
-1.000
-1.000
-1.000
-1.000
-1.000
-1.000
-1.000
4.460
-1.000
-1.000
4.164
-1.000
-1.000
-1.000
-1.000
-1.000
-1.000
-1.000
-1.000
-1.000
-1.000
-1.000
-1.000
4.546
-1.000
-1.000
-1.000
-1.000
4.818
3.242
-1.000
-1.000
-1.000
2.580
-1.000
-1.000
-1.000
-1.000
-1.000
-1.000
-1.000
-1.000
-1.000
-1.000
-1.000
-1.000
-1.000
-1.000
-1.000
-1.000
-1.000
-1.000
-1.000
-1.000
-1.000
-1.000
-1.000
-1.000
-1.000
-1.000
-1.000
-1.000
-1.000
-1.000
-1.000
-1.000
-1.000
-1.000
-1.000
-1.000
-1.000
-1.000
-1.000
-1.000
-1.000
-1.000
-1.000
-1.000
-1.000
-1.000
-1.000
-1.000
-1.000
-1.000
-1.000
-1.000
-1.000
-1.000
-1.000
-1.000
-1.000
-1.000
-1.000
-1.000
-1.000
-1.000
-1.000
-1.000
-1.000
-1.000
-1.000
-1.000
-1.000
-1.000
-1.000
-1.000
4.850
-1.000
-1.000
-1.000
-1.000
-1.000
-1.000
-1.000
-1.000
4.132
-1.000
3.800
-1.000
-1.000
4.600
5.177
-1.000
3.572
-1.000
-1.000
4.379
-1.000
4.706
2.872
-1.000
3.810
3.970
-1.000
-1.000
-1.000
-1.000
-1.000
3.958
-1.000
-1.000
-1.000
-1.000
-1.000
3.672
-1.000
-1.000
3.877
-1.000
5.140
5.457
-1.000
-1.000
-1.000
-1.000
-1.000
-1.000
-1.000
-1.000
-1.000
-1.000
3.290
-1.000
-1.000
3.630
-1.000
-1.000
4.532
4.424
-1.000
4.178
4.439
-1.000
-1.000
4.035
4.614
-1.000
-1.000
-1.000
-1.000
-1.000
-1.000
-1.000
-1.000
-1.000
-1.000
-1.000
-1.000
-1.000
-1.000
-1.000
3.532
-1.000
-1.000
4.530
-1.000
-1.000
5.177
-1.000
-1.000
3.857
-1.000
-1.000
4.961
-1.000
-1.000
4.909
-1.000
-1.000
-1.000
3.413
-1.000
-1.000
4.876
4.487
4.979
-1.000
3.908
-1.000
-1.000
-1.000
-1.000
-1.000
-1.000
-1.000
-1.000
-1.000
-1.000
-1.000
-1.000
-1.000
-1.000
-1.000
-1.000
-1.000
-1.000
-1.000
-1.000
-1.000
-1.000
5.116
5.063
-1.000
3.322
4.275
4.194
4.888
3.535
-1.000
-1.000
-1.000
-1.000
-1.000
5.396
-1.000
4.101
-1.000
-1.000
-1.000
5.183
3.510
-1.000
-1.000
3.458
4.295
2.857
-1.000
-1.000
5.027
-1.000
-1.000
-1.000
-1.000
-1.000
-1.000
-1.000
-1.000
-1.000
-1.000
3.967
-1.000
-1.000
4.505
4.767
-1.000
-1.000
4.766
-1.000
-1.000
-1.000
-1.000
2.990
-1.000
-1.000
-1.000
-1.000
3.748
-1.000
-1.000
2.139
5.268
-1.000
3.882
-1.000
-1.000
4.932
-1.000
-1.000
-1.000
-1.000
-1.000
-1.000
-1.000
3.490
-1.000
2.851
-1.000
3.648
3.806
3.881
-1.000
-1.000
-1.000
-1.000
-1.000
3.658
-1.000
-1.000
-1.000
-1.000
-1.000
4.815
4.452
3.589
4.887
4.847
4.014
-1.000
2.456
4.293
4.108
-1.000
-1.000
4.383
4.877
-1.000
-1.000
3.601
-1.000
3.676
-1.000
-1.000
4.325
3.655
4.338
-1.000
-1.000
-1.000
-1.000
5.170
4.356
3.628
-1.000
4.154
-1.000
-1.000
-1.000
-1.000
3.274
-1.000
-1.000
3.921
-1.000
-1.000
-1.000
4.736
-1.000
-1.000
-1.000
4.843
-1.000
-1.000
-1.000
-1.000
-1.000
-1.000
-1.000
3.997
-1.000
-1.000
5.424
-1.000
-1.000
4.102
4.777
3.560
3.397
-1.000
-1.000
-1.000
-1.000
-1.000
-1.000
-1.000
-1.000
-1.000
4.048
-1.000
3.648
-1.000
-1.000
3.727
-1.000
-1.000
-1.000
3.680
4.676
3.562
-1.000
-1.000
-1.000
-1.000
3.914
-1.000
-1.000
4.431
-1.000
-1.000
-1.000
-1.000
-1.000
-1.000
-1.000
-1.000
-1.000
-1.000
-1.000
-1.000
-1.000
-1.000
-1.000
-1.000
-1.000
-1.000
4.690
-1.000
-1.000
-1.000
-1.000
3.902
3.688
-1.000
4.643
-1.000
4.148
-1.000
-1.000
-1.000
-1.000
-1.000
-1.000
-1.000
-1.000
3.297
-1.000
4.909
-1.000
-1.000
2.712
-1.000
-1.000
-1.000
-1.000
-1.000
-1.000
-1.000
-1.000
-1.000
-1.000
-1.000
5.409
4.513
-1.000
-1.000
4.306
-1.000
-1.000
-1.000
5.061
2.492
-1.000
-1.000
3.817
3.464
4.299
-1.000
4.250
-1.000
-1.000
-1.000
4.197
-1.000
-1.000
-1.000
-1.000
4.599
-1.000
4.979
4.757
3.379
4.290
2.869
3.220
5.115
-1.000
-1.000
3.833
-1.000
5.400
-1.000
-1.000
4.555
-1.000
-1.000
-1.000
-1.000
-1.000
3.434
2.269
3.861
3.822
4.897
-1.000
4.650
4.680
-1.000
-1.000
5.106
-1.000
3.937
-1.000
-1.000
3.470
-1.000
-1.000
-1.000
-1.000
4.567
-1.000
-1.000
3.589
-1.000
-1.000
5.191
-1.000
5.521
3.980
-1.000
4.505
3.886
-1.000
-1.000
3.149
-1.000
-1.000
-1.000
3.868
-1.000
4.719
-1.000
-1.000
-1.000
3.689
4.813
4.137
-1.000
3.244
-1.000
5.244
-1.000
4.007
-1.000
-1.000
3.854
3.307
-1.000
-1.000
5.144
-1.000
3.751
3.681
4.147
-1.000
-1.000
3.961
-1.000
3.742
3.763
-1.000
-1.000
-1.000
-1.000
-1.000
4.704
3.391
-1.000
-1.000
3.207
-1.000
-1.000
-1.000
3.200
3.122
3.904
3.209
3.370
3.456
-1.000
2.920
3.864
3.881
-1.000
-1.000
4.459
4.544
-1.000
-1.000
-1.000
3.972
-1.000
4.594
2.264
-1.000
3.824
-1.000
-1.000
-1.000
-1.000
-1.000
-1.000
-1.000
-1.000
-1.000
-1.000
3.891
-1.000
2.780
-1.000
4.002
-1.000
-1.000
-1.000
-1.000
-1.000
-1.000
-1.000
-1.000
-1.000
3.542
-1.000
-1.000
-1.000
-1.000
-1.000
-1.000
-1.000
-1.000
-1.000
-1.000
-1.000
3.182
3.902
-1.000
-1.000
-1.000
-1.000
-1.000
-1.000
-1.000
-1.000
-1.000
-1.000
-1.000
-1.000
-1.000
-1.000
-1.000
-1.000
-1.000
-1.000
-1.000
-1.000
-1.000
-1.000
-1.000
-1.000
-1.000
3.964
3.411
-1.000
-1.000
-1.000
-1.000
3.406
-1.000
-1.000
4.018
-1.000
-1.000
-1.000
3.896
-1.000
-1.000
-1.000
-1.000
-1.000
-1.000
-1.000
-1.000
-1.000
-1.000
-1.000
2.373
-1.000
-1.000
-1.000
3.139
-1.000
-1.000
-1.000
-1.000
-1.000
-1.000
-1.000
-1.000
3.906
-1.000
-1.000
-1.000
-1.000
-1.000
-1.000
-1.000
-1.000
-1.000
3.604
-1.000
3.776
-1.000
-1.000
-1.000
3.515
-1.000
-1.000
-1.000
-1.000
-1.000
-1.000
-1.000
-1.000
-1.000
-1.000
-1.000
4.146
-1.000
-1.000
-1.000
2.587
3.555
-1.000
-1.000
-1.000
3.845
-1.000
-1.000
-1.000
-1.000
-1.000
2.877
-1.000
-1.000
-1.000
-1.000
-1.000
-1.000
-1.000
3.827
-1.000
-1.000
4.119
-1.000
2.196
3.386
-1.000
-1.000
-1.000
-1.000
-1.000
-1.000
-1.000
3.563
-1.000
-1.000
-1.000
-1.000
3.851
-1.000
-1.000
3.647
-1.000
-1.000
-1.000
-1.000
-1.000
-1.000
-1.000
3.365
-1.000
-1.000
-1.000
-1.000
-1.000
-1.000
-1.000
-1.000
-1.000
-1.000
-1.000
-1.000
-1.000
-1.000
-1.000
-1.000
-1.000
-1.000
-1.000
-1.000
-1.000
-1.000
-1.000
-1.000
-1.000
-1.000
-1.000
-1.000
-1.000
-1.000
-1.000
-1.000
-1.000
4.488
-1.000
-1.000
-1.000
-1.000
-1.000
-1.000
-1.000
4.149
3.267
-1.000
4.189
-1.000
-1.000
-1.000
-1.000
-1.000
-1.000
-1.000
-1.000
-1.000
-1.000
-1.000
-1.000
-1.000
-1.000
-1.000
-1.000
3.759
3.949
-1.000
-1.000
-1.000
-1.000
-1.000
4.457
-1.000
-1.000
2.809
-1.000
-1.000
-1.000
-1.000
4.098
-1.000
-1.000
-1.000
4.822
-1.000
-1.000
-1.000
-1.000
-1.000
3.703
-1.000
-1.000
-1.000
-1.000
3.657
-1.000
-1.000
-1.000
4.503
-1.000
-1.000
-1.000
-1.000
4.157
-1.000
-1.000
-1.000
3.314
-1.000
4.589
-1.000
-1.000
-1.000
-1.000
-1.000
-1.000
-1.000
-1.000
-1.000
4.147
-1.000
-1.000
-1.000
4.450
-1.000
-1.000
-1.000
-1.000
3.327
3.601
4.303
-1.000
3.582
2.804
-1.000
4.971
4.513
2.867
-1.000
3.721
4.502
-1.000
-1.000
-1.000
-1.000
4.588
-1.000
-1.000
-1.000
4.859
-1.000
-1.000
-1.000
-1.000
-1.000
3.363
3.651
4.136
4.646
4.975
3.508
-1.000
-1.000
-1.000
-1.000
3.877
-1.000
4.465
-1.000
-1.000
-1.000
-1.000
3.700
-1.000
3.914
3.882
-1.000
4.641
-1.000
-1.000
-1.000
3.921
-1.000
-1.000
-1.000
-1.000
3.280
5.266
-1.000
4.489
-1.000
3.818
4.225
-1.000
3.238
-1.000
3.020
3.470
3.291
-1.000
-1.000
3.976
-1.000
4.046
-1.000
4.306
5.087
4.529
-1.000
-1.000
-1.000
-1.000
-1.000
-1.000
4.644
4.310
-1.000
4.308
5.045
4.007
-1.000
4.244
4.872
-1.000
-1.000
4.295
2.877
3.849
-1.000
-1.000
-1.000
3.741
3.712
4.287
-1.000
-1.000
-1.000
-1.000
-1.000
-1.000
-1.000
-1.000
-1.000
-1.000
-1.000
-1.000
-1.000
-1.000
-1.000
-1.000
-1.000
2.964
-1.000
-1.000
-1.000
-1.000
2.579
-1.000
-1.000
-1.000
-1.000
-1.000
-1.000
-1.000
-1.000
-1.000
-1.000
-1.000
-1.000
-1.000
-1.000
-1.000
-1.000
-1.000
-1.000
-1.000
-1.000
-1.000
-1.000
-1.000
-1.000
-1.000
-1.000
-1.000
-1.000
-1.000
-1.000
3.425
-1.000
-1.000
3.459
-1.000
-1.000
-1.000
-1.000
-1.000
-1.000
-1.000
-1.000
-1.000
-1.000
-1.000
-1.000
-1.000
3.852
-1.000
-1.000
-1.000
-1.000
-1.000
-1.000
-1.000
-1.000
-1.000
-1.000
-1.000
-1.000
-1.000
-1.000
-1.000
1.723
4.160
-1.000
-1.000
-1.000
-1.000
-1.000
-1.000
-1.000
4.375
-1.000
-1.000
-1.000
-1.000
-1.000
-1.000
3.825
3.966
3.427
-1.000
3.834
-1.000
3.475
-1.000
-1.000
-1.000
-1.000
-1.000
-1.000
-1.000
-1.000
-1.000
-1.000
-1.000
3.718
3.369
-1.000
3.889
-1.000
4.018
-1.000
4.707
4.063
-1.000
4.121
3.488
-1.000
4.080
-1.000
-1.000
-1.000
-1.000
-1.000
-1.000
-1.000
-1.000
-1.000
-1.000
-1.000
-1.000
3.971
-1.000
-1.000
-1.000
-1.000
-1.000
4.300
3.480
3.175
3.520
-1.000
-1.000
-1.000
-1.000
-1.000
-1.000
-1.000
-1.000
-1.000
-1.000
-1.000
-1.000
-1.000
-1.000
-1.000
-1.000
-1.000
-1.000
-1.000
-1.000
-1.000
-1.000
-1.000
-1.000
-1.000
-1.000
-1.000
-1.000
-1.000
3.508
-1.000
-1.000
-1.000
4.032
-1.000
-1.000
-1.000
-1.000
-1.000
-1.000
-1.000
-1.000
3.849
-1.000
-1.000
-1.000
4.026
-1.000
-1.000
-1.000
-1.000
-1.000
-1.000
-1.000
-1.000
4.106
-1.000
3.368
-1.000
-1.000
-1.000
3.976
-1.000
3.765
3.525
-1.000
4.242
-1.000
-1.000
-1.000
-1.000
4.066
-1.000
3.428
4.236
-1.000
-1.000
-1.000
-1.000
-1.000
4.212
3.412
3.764
3.488
-1.000
4.244
4.152
-1.000
-1.000
-1.000
-1.000
-1.000
-1.000
-1.000
-1.000
-1.000
-1.000
-1.000
-1.000
-1.000
-1.000
-1.000
-1.000
-1.000
3.869
4.213
-1.000
2.586
-1.000
4.370
4.223
3.640
-1.000
-1.000
3.442
-1.000
-1.000
-1.000
-1.000
-1.000
-1.000
-1.000
-1.000
-1.000
-1.000
-1.000
-1.000
-1.000
3.194
4.284
3.660
-1.000
-1.000
3.917
-1.000
4.529
3.036
-1.000
-1.000
-1.000
2.193
3.841
3.275
4.398
4.237
4.359
3.569
-1.000
-1.000
-1.000
4.732
-1.000
-1.000
3.727
3.319
3.706
-1.000
-1.000
-1.000
3.979
3.760
-1.000
4.436
-1.000
-1.000
-1.000
-1.000
4.622
-1.000
-1.000
-1.000
4.371
-1.000
-1.000
-1.000
-1.000
-1.000
4.500
-1.000
4.151
-1.000
3.992
-1.000
-1.000
-1.000
-1.000
-1.000
-1.000
-1.000
-1.000
-1.000
-1.000
-1.000
-1.000
-1.000
-1.000
-1.000
-1.000
-1.000
-1.000
-1.000
-1.000
-1.000
-1.000
-1.000
-1.000
-1.000
-1.000
-1.000
-1.000
-1.000
-1.000
2.817
-1.000
-1.000
-1.000
-1.000
3.377
2.862
-1.000
-1.000
3.645
-1.000
3.597
-1.000
-1.000
-1.000
4.364
-1.000
-1.000
-1.000
-1.000
-1.000
-1.000
4.111
-1.000
2.668
3.840
3.780
4.267
3.490
-1.000
4.090
-1.000
4.388
-1.000
-1.000
-1.000
-1.000
-1.000
-1.000
4.114
-1.000
-1.000
-1.000
-1.000
-1.000
-1.000
-1.000
-1.000
-1.000
-1.000
-1.000
-1.000
-1.000
-1.000
-1.000
-1.000
-1.000
-1.000
-1.000
-1.000
-1.000
-1.000
-1.000
-1.000
-1.000
-1.000
-1.000
-1.000
-1.000
-1.000
-1.000
-1.000
-1.000
-1.000
-1.000
-1.000
-1.000
-1.000
-1.000
-1.000
3.840
3.417
-1.000
-1.000
-1.000
-1.000
-1.000
3.565
-1.000
-1.000
-1.000
-1.000
-1.000
-1.000
-1.000
-1.000
-1.000
-1.000
-1.000
-1.000
-1.000
-1.000
-1.000
-1.000
-1.000
-1.000
-1.000
-1.000
-1.000
-1.000
-1.000
-1.000
-1.000
-1.000
-1.000
-1.000
-1.000
-1.000
-1.000
-1.000
-1.000
-1.000
-1.000
-1.000
-1.000
-1.000
-1.000
-1.000
-1.000
-1.000
-1.000
-1.000
-1.000
-1.000
-1.000
-1.000
-1.000
-1.000
-1.000
-1.000
-1.000
-1.000
-1.000
-1.000
3.893
-1.000
-1.000
-1.000
-1.000
-1.000
-1.000
-1.000
-1.000
-1.000
-1.000
-1.000
3.958
-1.000
-1.000
-1.000
4.794
-1.000
-1.000
3.690
-1.000
-1.000
-1.000
-1.000
-1.000
-1.000
-1.000
-1.000
-1.000
-1.000
-1.000
-1.000
4.275
-1.000
-1.000
-1.000
4.005
-1.000
-1.000
-1.000
-1.000
-1.000
4.532
-1.000
-1.000
-1.000
-1.000
-1.000
-1.000
-1.000
4.306
4.037
-1.000
-1.000
-1.000
-1.000
4.327
-1.000
4.297
-1.000
4.105
3.464
-1.000
4.494
-1.000
-1.000
-1.000
-1.000
-1.000
-1.000
-1.000
-1.000
3.862
-1.000
-1.000
-1.000
-1.000
-1.000
4.758
-1.000
-1.000
3.969
-1.000
-1.000
-1.000
-1.000
3.991
3.540
-1.000
-1.000
3.448
5.028
-1.000
-1.000
-1.000
-1.000
3.941
-1.000
4.871
3.719
3.684
-1.000
-1.000
-1.000
-1.000
-1.000
4.358
-1.000
-1.000
-1.000
-1.000
-1.000
4.505
-1.000
-1.000
-1.000
-1.000
-1.000
-1.000
-1.000
-1.000
4.544
4.065
3.079
-1.000
-1.000
3.404
4.064
-1.000
-1.000
4.662
-1.000
-1.000
3.383
-1.000
4.270
4.345
4.469
-1.000
-1.000
-1.000
3.594
-1.000
4.156
4.106
4.081
4.884
4.711
-1.000
-1.000
-1.000
-1.000
-1.000
-1.000
-1.000
-1.000
-1.000
-1.000
4.319
4.285
-1.000
-1.000
-1.000
-1.000
-1.000
3.829
-1.000
4.640
-1.000
-1.000
-1.000
-1.000
-1.000
-1.000
-1.000
-1.000
-1.000
4.356
3.849
-1.000
4.775
-1.000
-1.000
-1.000
2.969
3.719
4.233
-1.000
-1.000
3.546
5.145
3.883
-1.000
-1.000
-1.000
-1.000
-1.000
-1.000
5.100
3.874
4.088
4.638
-1.000
-1.000
-1.000
4.859
2.989
-1.000
-1.000
-1.000
-1.000
-1.000
-1.000
-1.000
-1.000
4.758
-1.000
-1.000
4.056
-1.000
-1.000
-1.000
3.923
-1.000
-1.000
-1.000
-1.000
-1.000
4.820
4.307
-1.000
3.431
-1.000
-1.000
-1.000
-1.000
-1.000
4.041
-1.000
3.684
3.176
-1.000
-1.000
4.844
-1.000
4.243
-1.000
-1.000
4.224
-1.000
-1.000
-1.000
-1.000
-1.000
4.805
4.687
-1.000
-1.000
-1.000
-1.000
-1.000
3.241
3.295
3.689
-1.000
4.791
4.576
-1.000
-1.000
-1.000
4.546
4.912
-1.000
-1.000
-1.000
-1.000
-1.000
4.600
-1.000
-1.000
-1.000
-1.000
4.151
-1.000
3.320
-1.000
-1.000
5.209
-1.000
-1.000
3.840
-1.000
-1.000
-1.000
-1.000
-1.000
-1.000
-1.000
-1.000
-1.000
3.896
4.774
-1.000
-1.000
3.905
-1.000
-1.000
-1.000
4.108
-1.000
4.848
4.028
4.181
4.158
-1.000
-1.000
-1.000
-1.000
-1.000
-1.000
-1.000
-1.000
-1.000
-1.000
-1.000
-1.000
-1.000
-1.000
-1.000
-1.000
-1.000
-1.000
-1.000
5.061
-1.000
-1.000
-1.000
-1.000
-1.000
-1.000
-1.000
-1.000
-1.000
-1.000
-1.000
-1.000
-1.000
-1.000
-1.000
-1.000
-1.000
-1.000
-1.000
4.514
-1.000
-1.000
4.241
5.198
-1.000
3.498
-1.000
3.932
-1.000
3.578
3.275
-1.000
-1.000
-1.000
-1.000
-1.000
-1.000
-1.000
4.375
-1.000
-1.000
3.727
4.444
3.764
-1.000
1.351
-1.000
2.839
-1.000
-1.000
3.739
3.872
-1.000
-1.000
4.055
-1.000
4.274
-1.000
4.969
5.374
4.247
3.490
-1.000
4.026
4.694
4.018
4.214
-1.000
-1.000
3.993
-1.000
-1.000
3.555
-1.000
-1.000
4.368
-1.000
3.828
3.676
-1.000
-1.000
4.664
3.865
3.857
-1.000
3.222
-1.000
-1.000
-1.000
3.306
4.424
3.344
4.182
3.687
-1.000
3.568
3.622
-1.000
-1.000
-1.000
-1.000
3.792
-1.000
-1.000
4.528
-1.000
3.935
3.336
3.387
3.155
-1.000
-1.000
4.219
4.537
4.808
4.520
4.124
-1.000
3.815
3.265
3.837
4.383
5.253
-1.000
3.431
-1.000
4.183
3.100
3.227
4.709
4.086
3.175
-1.000
3.548
3.601
-1.000
2.516
4.049
3.540
4.225
4.245
3.483
3.223
4.271
2.723
-1.000
-1.000
4.352
2.991
3.784
3.115
-1.000
-1.000
3.912
-1.000
-1.000
-1.000
-1.000
-1.000
-1.000
-1.000
4.850
3.480
4.143
4.468
3.220
-1.000
-1.000
-1.000
3.681
3.784
3.938
4.028
5.063
4.468
3.551
4.327
2.035
3.868
3.153
3.444
3.557
4.824
-1.000
-1.000
-1.000
-1.000
-1.000
-1.000
-1.000
-1.000
-1.000
-1.000
-1.000
-1.000
-1.000
-1.000
-1.000
-1.000
-1.000
-1.000
-1.000
-1.000
-1.000
-1.000
-1.000
-1.000
-1.000
-1.000
-1.000
-1.000
-1.000
-1.000
-1.000
-1.000
-1.000
-1.000
-1.000
-1.000
-1.000
-1.000
-1.000
-1.000
-1.000
-1.000
-1.000
-1.000
-1.000
-1.000
-1.000
-1.000
-1.000
-1.000
-1.000
-1.000
-1.000
-1.000
-1.000
-1.000
-1.000
-1.000
-1.000
3.891
3.542
-1.000
-1.000
3.595
-1.000
4.248
-1.000
-1.000
4.021
-1.000
-1.000
-1.000
-1.000
-1.000
-1.000
-1.000
-1.000
-1.000
-1.000
-1.000
-1.000
-1.000
-1.000
-1.000
-1.000
-1.000
-1.000
-1.000
-1.000
-1.000
-1.000
-1.000
-1.000
-1.000
-1.000
-1.000
-1.000
-1.000
-1.000
-1.000
-1.000
-1.000
5.521
-1.000
4.096
4.211
3.979
4.378
3.234
4.383
3.689
4.583
4.213
3.945
3.920
3.918
3.847
3.978
3.949
3.111
4.530
3.518
-1.000
3.908
3.732
5.500
4.349
3.725
3.421
4.738
2.966
4.266
4.231
3.649
3.619
4.618
3.271
-1.000
4.646
3.976
-1.000
3.060
-1.000
3.665
3.907
4.078
-1.000
4.602
4.161
3.875
-1.000
3.708
2.861
4.372
3.402
3.863
3.662
4.210
5.051
5.593
3.901
3.862
-1.000
4.990
3.283
3.618
3.973
5.123
3.372
3.283
3.670
4.755
3.363
3.546
4.001
3.285
3.517
-1.000
3.703
4.232
3.936
4.226
3.773
-1.000
3.804
3.034
-1.000
3.598
4.429
3.783
3.702
3.792
3.877
3.901
-1.000
4.506
2.932
5.152
4.934
2.918
4.781
4.239
4.330
-1.000
3.816
-1.000
3.462
5.009
3.960
3.830
3.730
3.378
3.590
4.380
3.300
5.246
3.650
3.449
-1.000
3.704
4.020
4.340
3.002
4.384
-1.000
4.179
3.142
4.029
3.797
5.038
-1.000
4.355
-1.000
-1.000
-1.000
-1.000
-1.000
-1.000
-1.000
-1.000
-1.000
-1.000
-1.000
-1.000
-1.000
-1.000
-1.000
-1.000
-1.000
-1.000
-1.000
-1.000
-1.000
-1.000
3.867
3.340
-1.000
4.045
-1.000
-1.000
-1.000
-1.000
-1.000
3.715
-1.000
-1.000
-1.000
-1.000
-1.000
-1.000
-1.000
-1.000
3.925
-1.000
-1.000
-1.000
-1.000
-1.000
-1.000
3.973
-1.000
3.745
-1.000
-1.000
3.818
-1.000
-1.000
4.646
3.637
3.576
-1.000
-1.000
-1.000
-1.000
-1.000
-1.000
-1.000
4.038
3.888
4.680
3.206
4.037
4.620
4.502
3.331
-1.000
-1.000
-1.000
-1.000
4.117
-1.000
2.976
4.532
-1.000
-1.000
-1.000
4.039
3.064
-1.000
-1.000
-1.000
-1.000
-1.000
4.450
-1.000
3.563
-1.000
-1.000
4.538
-1.000
-1.000
-1.000
-1.000
4.107
4.418
-1.000
-1.000
3.733
4.778
4.222
-1.000
-1.000
4.596
-1.000
4.184
4.602
3.101
-1.000
2.967
-1.000
4.673
4.306
-1.000
3.286
-1.000
4.042
-1.000
4.474
4.291
-1.000
3.848
4.543
-1.000
3.973
-1.000
-1.000
-1.000
-1.000
4.624
-1.000
4.020
-1.000
-1.000
3.995
-1.000
4.841
3.122
3.057
-1.000
-1.000
4.546
-1.000
3.622
4.243
-1.000
4.432
3.587
-1.000
-1.000
-1.000
2.235
4.985
4.592
3.804
4.908
-1.000
3.454
4.354
3.802
-1.000
-1.000
-1.000
-1.000
-1.000
-1.000
-1.000
-1.000
-1.000
-1.000
-1.000
-1.000
-1.000
-1.000
-1.000
-1.000
-1.000
-1.000
-1.000
-1.000
-1.000
-1.000
-1.000
-1.000
-1.000
-1.000
-1.000
-1.000
-1.000
-1.000
-1.000
-1.000
-1.000
-1.000
-1.000
-1.000
-1.000
-1.000
-1.000
-1.000
-1.000
3.763
-1.000
-1.000
2.743
-1.000
-1.000
-1.000
-1.000
-1.000
-1.000
-1.000
-1.000
-1.000
-1.000
-1.000
-1.000
-1.000
-1.000
-1.000
-1.000
-1.000
-1.000
-1.000
-1.000
-1.000
-1.000
-1.000
-1.000
-1.000
-1.000
-1.000
-1.000
-1.000
-1.000
-1.000
-1.000
-1.000
-1.000
-1.000
-1.000
-1.000
-1.000
-1.000
-1.000
-1.000
-1.000
-1.000
-1.000
-1.000
-1.000
-1.000
-1.000
-1.000
-1.000
-1.000
-1.000
-1.000
-1.000
-1.000
-1.000
-1.000
-1.000
-1.000
-1.000
-1.000
-1.000
-1.000
-1.000
-1.000
-1.000
-1.000
-1.000
-1.000
-1.000
-1.000
-1.000
-1.000
-1.000
-1.000
-1.000
-1.000
-1.000
-1.000
-1.000
-1.000
-1.000
-1.000
-1.000
-1.000
-1.000
-1.000
-1.000
-1.000
-1.000
-1.000
-1.000
-1.000
-1.000
-1.000
-1.000
-1.000
-1.000
-1.000
-1.000
-1.000
-1.000
-1.000
-1.000
-1.000
-1.000
-1.000
-1.000
-1.000
-1.000
-1.000
-1.000
-1.000
-1.000
-1.000
-1.000
-1.000
-1.000
-1.000
-1.000
-1.000
-1.000
-1.000
-1.000
-1.000
-1.000
-1.000
-1.000
-1.000
-1.000
-1.000
-1.000
-1.000
-1.000
-1.000
3.771
-1.000
-1.000
-1.000
-1.000
-1.000
-1.000
-1.000
-1.000
3.546
-1.000
-1.000
-1.000
-1.000
-1.000
-1.000
-1.000
-1.000
-1.000
-1.000
-1.000
-1.000
-1.000
-1.000
-1.000
-1.000
-1.000
-1.000
-1.000
-1.000
-1.000
-1.000
-1.000
3.617
4.188
-1.000
-1.000
-1.000
-1.000
-1.000
-1.000
4.071
3.758
4.153
2.814
3.767
4.824
3.404
3.667
4.031
3.801
3.897
3.463
3.778
4.212
4.171
-1.000
3.637
4.496
-1.000
-1.000
3.604
4.067
3.752
-1.000
-1.000
-1.000
-1.000
-1.000
-1.000
-1.000
-1.000
-1.000
-1.000
-1.000
-1.000
-1.000
4.022
-1.000
-1.000
-1.000
-1.000
-1.000
-1.000
-1.000
-1.000
-1.000
-1.000
-1.000
-1.000
-1.000
-1.000
-1.000
-1.000
-1.000
-1.000
-1.000
-1.000
3.617
-1.000
-1.000
-1.000
-1.000
-1.000
3.701
3.696
-1.000
-1.000
-1.000
-1.000
-1.000
-1.000
-1.000
-1.000
-1.000
-1.000
3.609
-1.000
3.481
3.900
3.661
-1.000
-1.000
-1.000
-1.000
-1.000
-1.000
-1.000
-1.000
-1.000
-1.000
-1.000
-1.000
-1.000
-1.000
-1.000
-1.000
-1.000
-1.000
-1.000
-1.000
-1.000
-1.000
-1.000
-1.000
-1.000
-1.000
-1.000
-1.000
-1.000
-1.000
-1.000
-1.000
-1.000
-1.000
-1.000
-1.000
-1.000
-1.000
-1.000
-1.000
-1.000
-1.000
-1.000
-1.000
-1.000
-1.000
-1.000
-1.000
-1.000
-1.000
-1.000
-1.000
-1.000
-1.000
-1.000
4.086
-1.000
-1.000
-1.000
-1.000
-1.000
-1.000
-1.000
-1.000
-1.000
-1.000
-1.000
3.515
4.211
-1.000
-1.000
-1.000
4.227
3.227
-1.000
4.034
4.010
3.694
4.215
3.642
4.624
3.791
3.499
-1.000
4.356
3.167
4.324
2.894
-1.000
4.198
4.239
3.742
-1.000
4.344
3.502
-1.000
4.690
-1.000
-1.000
-1.000
4.130
-1.000
-1.000
-1.000
4.347
3.635
3.558
4.333
3.896
3.786
4.440
3.776
4.181
4.663
3.697
4.026
4.257
3.727
3.766
3.914
4.693
4.166
3.921
4.014
3.740
4.407
4.605
4.262
4.434
4.878
4.118
3.804
4.142
4.258
3.752
3.844
4.640
4.081
3.881
4.651
3.967
4.460
4.229
-1.000
-1.000
-1.000
-1.000
-1.000
-1.000
-1.000
-1.000
-1.000
-1.000
-1.000
-1.000
-1.000
-1.000
-1.000
-1.000
-1.000
-1.000
-1.000
-1.000
-1.000
-1.000
-1.000
-1.000
-1.000
-1.000
-1.000
-1.000
-1.000
-1.000
-1.000
-1.000
-1.000
4.160
-1.000
-1.000
-1.000
-1.000
3.263
4.136
3.304
3.600
-1.000
-1.000
-1.000
-1.000
-1.000
-1.000
-1.000
-1.000
-1.000
-1.000
-1.000
-1.000
-1.000
-1.000
-1.000
-1.000
-1.000
-1.000
-1.000
-1.000
-1.000
-1.000
-1.000
3.797
-1.000
-1.000
-1.000
4.053
-1.000
-1.000
-1.000
-1.000
-1.000
4.017
-1.000
-1.000
3.889
-1.000
-1.000
-1.000
-1.000
-1.000
-1.000
-1.000
-1.000
-1.000
-1.000
-1.000
-1.000
-1.000
-1.000
4.568
-1.000
3.573
-1.000
-1.000
-1.000
-1.000
-1.000
-1.000
-1.000
-1.000
-1.000
4.479
4.258
-1.000
-1.000
4.324
-1.000
-1.000
-1.000
-1.000
-1.000
-1.000
-1.000
-1.000
-1.000
-1.000
-1.000
-1.000
-1.000
-1.000
-1.000
-1.000
-1.000
-1.000
-1.000
-1.000
-1.000
-1.000
-1.000
-1.000
4.581
-1.000
-1.000
-1.000
-1.000
3.902
-1.000
-1.000
-1.000
3.995
-1.000
3.822
-1.000
4.285
-1.000
3.940
-1.000
3.877
-1.000
-1.000
-1.000
4.176
-1.000
2.453
4.761
-1.000
-1.000
4.636
-1.000
-1.000
3.794
-1.000
3.991
-1.000
-1.000
5.076
-1.000
-1.000
-1.000
-1.000
3.541
4.763
3.967
-1.000
-1.000
4.310
4.111
-1.000
-1.000
3.152
-1.000
-1.000
-1.000
-1.000
-1.000
-1.000
-1.000
3.818
-1.000
-1.000
-1.000
4.663
-1.000
-1.000
-1.000
-1.000
-1.000
4.256
-1.000
4.053
-1.000
-1.000
4.002
-1.000
3.650
-1.000
3.985
-1.000
4.523
4.196
-1.000
4.170
3.245
-1.000
4.233
4.186
4.419
-1.000
-1.000
-1.000
-1.000
3.118
4.879
3.855
-1.000
3.654
-1.000
-1.000
-1.000
-1.000
-1.000
-1.000
-1.000
4.302
-1.000
-1.000
4.536
4.643
-1.000
-1.000
-1.000
3.247
-1.000
-1.000
-1.000
-1.000
-1.000
4.644
-1.000
-1.000
3.169
4.010
3.153
-1.000
-1.000
4.774
-1.000
-1.000
4.346
-1.000
-1.000
-1.000
-1.000
-1.000
-1.000
-1.000
-1.000
-1.000
-1.000
5.222
4.451
-1.000
4.195
5.124
4.321
-1.000
3.745
-1.000
4.676
2.873
-1.000
-1.000
3.879
-1.000
-1.000
-1.000
4.452
-1.000
3.960
-1.000
-1.000
-1.000
-1.000
-1.000
-1.000
4.653
2.990
-1.000
-1.000
-1.000
3.963
-1.000
-1.000
-1.000
4.671
4.037
-1.000
-1.000
-1.000
3.112
-1.000
-1.000
3.918
4.877
4.601
4.155
-1.000
-1.000
-1.000
-1.000
4.099
-1.000
2.554
-1.000
-1.000
-1.000
-1.000
-1.000
-1.000
-1.000
-1.000
-1.000
-1.000
-1.000
-1.000
-1.000
-1.000
-1.000
-1.000
-1.000
-1.000
-1.000
-1.000
-1.000
-1.000
-1.000
-1.000
-1.000
-1.000
-1.000
-1.000
-1.000
-1.000
-1.000
-1.000
-1.000
-1.000
-1.000
-1.000
-1.000
-1.000
-1.000
-1.000
-1.000
-1.000
-1.000
-1.000
-1.000
-1.000
-1.000
-1.000
3.286
-1.000
-1.000
-1.000
3.343
4.599
-1.000
-1.000
-1.000
-1.000
-1.000
-1.000
-1.000
4.052
4.152
-1.000
-1.000
3.696
-1.000
-1.000
-1.000
-1.000
-1.000
-1.000
-1.000
-1.000
-1.000
-1.000
-1.000
-1.000
-1.000
3.251
-1.000
-1.000
-1.000
-1.000
-1.000
-1.000
-1.000
-1.000
-1.000
-1.000
-1.000
-1.000
-1.000
-1.000
-1.000
-1.000
-1.000
-1.000
-1.000
-1.000
-1.000
-1.000
-1.000
-1.000
-1.000
-1.000
-1.000
-1.000
4.783
-1.000
-1.000
-1.000
-1.000
-1.000
-1.000
-1.000
-1.000
-1.000
-1.000
-1.000
-1.000
-1.000
-1.000
-1.000
-1.000
-1.000
-1.000
-1.000
-1.000
-1.000
-1.000
-1.000
-1.000
-1.000
-1.000
-1.000
-1.000
-1.000
-1.000
-1.000
-1.000
-1.000
-1.000
-1.000
-1.000
-1.000
-1.000
-1.000
-1.000
-1.000
-1.000
3.633
-1.000
4.101
-1.000
-1.000
-1.000
-1.000
-1.000
-1.000
-1.000
-1.000
-1.000
4.684
3.925
-1.000
-1.000
-1.000
-1.000
-1.000
-1.000
-1.000
3.754
4.230
-1.000
-1.000
4.163
-1.000
-1.000
-1.000
4.480
4.118
-1.000
4.262
4.415
4.213
2.498
4.498
3.817
-1.000
2.871
-1.000
-1.000
4.651
4.018
-1.000
-1.000
4.413
4.568
-1.000
-1.000
4.435
3.309
4.057
4.490
-1.000
-1.000
3.768
4.123
4.253
-1.000
-1.000
3.475
4.084
3.543
-1.000
-1.000
-1.000
-1.000
-1.000
-1.000
4.532
-1.000
-1.000
4.444
4.222
-1.000
-1.000
-1.000
-1.000
3.313
-1.000
4.704
-1.000
3.253
4.255
-1.000
3.426
2.411
-1.000
-1.000
-1.000
4.603
-1.000
-1.000
-1.000
-1.000
-1.000
4.276
4.017
-1.000
-1.000
-1.000
-1.000
-1.000
-1.000
-1.000
-1.000
-1.000
-1.000
-1.000
-1.000
-1.000
-1.000
-1.000
-1.000
-1.000
-1.000
-1.000
-1.000
-1.000
-1.000
-1.000
-1.000
-1.000
-1.000
-1.000
-1.000
-1.000
-1.000
-1.000
-1.000
-1.000
-1.000
-1.000
-1.000
-1.000
-1.000
-1.000
-1.000
3.186
4.123
-1.000
-1.000
-1.000
-1.000
-1.000
-1.000
-1.000
-1.000
-1.000
-1.000
3.301
-1.000
-1.000
-1.000
4.429
-1.000
3.618
-1.000
-1.000
3.688
-1.000
4.109
-1.000
-1.000
-1.000
3.961
-1.000
-1.000
-1.000
4.038
-1.000
-1.000
4.260
-1.000
-1.000
-1.000
-1.000
-1.000
4.319
-1.000
2.790
3.501
-1.000
-1.000
-1.000
-1.000
-1.000
4.478
-1.000
4.026
-1.000
-1.000
4.390
-1.000
-1.000
-1.000
-1.000
-1.000
-1.000
-1.000
-1.000
4.503
-1.000
-1.000
-1.000
-1.000
-1.000
-1.000
-1.000
-1.000
3.744
-1.000
4.217
-1.000
-1.000
-1.000
-1.000
3.604
-1.000
-1.000
4.139
-1.000
3.751
-1.000
4.195
-1.000
-1.000
-1.000
-1.000
-1.000
-1.000
-1.000
-1.000
4.298
-1.000
-1.000
-1.000
4.935
-1.000
4.722
-1.000
3.874
2.864
4.483
3.370
3.332
4.474
4.066
3.727
-1.000
4.118
4.371
-1.000
-1.000
-1.000
-1.000
3.886
4.731
-1.000
-1.000
-1.000
-1.000
4.158
4.243
5.173
-1.000
-1.000
-1.000
-1.000
-1.000
-1.000
-1.000
-1.000
-1.000
-1.000
-1.000
-1.000
-1.000
-1.000
4.040
-1.000
4.592
-1.000
-1.000
-1.000
-1.000
-1.000
4.856
4.033
4.695
-1.000
-1.000
-1.000
-1.000
-1.000
-1.000
4.379
-1.000
3.756
-1.000
-1.000
-1.000
4.517
2.941
-1.000
-1.000
-1.000
-1.000
4.504
4.007
-1.000
-1.000
-1.000
-1.000
-1.000
-1.000
-1.000
-1.000
-1.000
-1.000
-1.000
4.848
-1.000
-1.000
-1.000
-1.000
-1.000
-1.000
-1.000
-1.000
-1.000
-1.000
4.758
-1.000
-1.000
-1.000
3.608
3.815
-1.000
-1.000
-1.000
3.629
-1.000
5.130
4.793
3.480
-1.000
-1.000
-1.000
-1.000
-1.000
-1.000
-1.000
-1.000
-1.000
-1.000
-1.000
2.764
-1.000
3.745
-1.000
-1.000
3.522
4.207
-1.000
-1.000
-1.000
-1.000
-1.000
-1.000
-1.000
-1.000
-1.000
-1.000
5.022
3.474
3.618
3.649
3.995
3.931
4.106
3.865
3.531
4.256
4.065
3.992
3.995
4.598
3.757
3.944
4.224
5.313
4.296
3.842
4.757
4.097
3.938
4.055
3.907
4.037
3.897
3.946
4.631
4.144
3.981
4.998
3.860
3.978
3.895
4.016
4.677
4.167
3.809
5.311
4.091
3.948
5.027
4.150
3.932
3.806
4.862
3.873
3.764
4.310
4.141
4.070
3.871
4.046
4.904
-1.000
-1.000
-1.000
-1.000
3.924
-1.000
-1.000
-1.000
-1.000
-1.000
-1.000
-1.000
-1.000
-1.000
-1.000
-1.000
-1.000
-1.000
-1.000
-1.000
-1.000
-1.000
-1.000
-1.000
-1.000
-1.000
-1.000
-1.000
-1.000
-1.000
-1.000
-1.000
-1.000
-1.000
-1.000
-1.000
-1.000
-1.000
-1.000
-1.000
-1.000
3.056
-1.000
-1.000
-1.000
-1.000
-1.000
-1.000
-1.000
3.510
-1.000
3.611
-1.000
-1.000
-1.000
-1.000
-1.000
-1.000
-1.000
-1.000
-1.000
-1.000
-1.000
-1.000
-1.000
3.497
3.376
-1.000
-1.000
-1.000
-1.000
-1.000
-1.000
-1.000
-1.000
-1.000
-1.000
-1.000
-1.000
3.331
-1.000
-1.000
-1.000
-1.000
-1.000
-1.000
-1.000
-1.000
-1.000
-1.000
-1.000
3.872
-1.000
-1.000
-1.000
-1.000
-1.000
3.181
-1.000
-1.000
-1.000
-1.000
-1.000
-1.000
3.552
-1.000
-1.000
2.775
3.575
3.952
-1.000
-1.000
-1.000
-1.000
-1.000
-1.000
-1.000
-1.000
-1.000
-1.000
-1.000
-1.000
-1.000
-1.000
2.096
-1.000
-1.000
-1.000
-1.000
2.943
-1.000
3.776
4.185
3.876
4.094
-1.000
4.294
-1.000
3.582
-1.000
-1.000
4.277
4.340
3.258
-1.000
4.075
3.455
-1.000
-1.000
-1.000
-1.000
-1.000
-1.000
-1.000
-1.000
-1.000
-1.000
-1.000
-1.000
-1.000
-1.000
-1.000
-1.000
-1.000
-1.000
4.310
-1.000
3.910
3.990
-1.000
-1.000
-1.000
-1.000
-1.000
3.498
3.830
4.258
-1.000
3.192
3.660
3.319
-1.000
-1.000
-1.000
-1.000
-1.000
-1.000
-1.000
-1.000
3.941
-1.000
-1.000
-1.000
-1.000
-1.000
4.762
-1.000
-1.000
-1.000
-1.000
-1.000
3.965
-1.000
3.738
-1.000
-1.000
-1.000
-1.000
-1.000
-1.000
-1.000
4.269
-1.000
-1.000
-1.000
-1.000
4.308
-1.000
-1.000
-1.000
-1.000
-1.000
-1.000
-1.000
-1.000
-1.000
-1.000
-1.000
-1.000
-1.000
-1.000
-1.000
4.106
-1.000
-1.000
-1.000
-1.000
-1.000
-1.000
-1.000
-1.000
-1.000
-1.000
-1.000
-1.000
-1.000
-1.000
3.964
-1.000
-1.000
-1.000
