-1.000
-1.000
-1.000
1.119
3.412
-1.000
-1.000
-1.000
3.007
3.370
-1.000
-1.000
-1.000
-1.000
-1.000
3.906
-1.000
-1.000
3.623
4.087
4.206
-1.000
-1.000
-1.000
-1.000
-1.000
-1.000
-1.000
-1.000
4.083
3.545
-1.000
-1.000
-1.000
-1.000
3.892
-1.000
-1.000
-1.000
-1.000
-1.000
3.915
3.918
-1.000
4.526
4.493
-1.000
-1.000
-1.000
-1.000
-1.000
-1.000
-1.000
-1.000
-1.000
-1.000
-1.000
-1.000
-1.000
3.494
-1.000
-1.000
-1.000
-1.000
-1.000
-1.000
-1.000
-1.000
-1.000
-1.000
-1.000
-1.000
-1.000
-1.000
-1.000
-1.000
-1.000
-1.000
-1.000
3.485
4.886
-1.000
-1.000
-1.000
-1.000
-1.000
-1.000
-1.000
-1.000
-1.000
-1.000
-1.000
-1.000
3.455
3.362
3.854
-1.000
-1.000
-1.000
-1.000
-1.000
-1.000
-1.000
-1.000
-1.000
-1.000
-1.000
-1.000
-1.000
-1.000
-1.000
-1.000
-1.000
-1.000
-1.000
-1.000
-1.000
-1.000
4.803
3.695
4.455
3.958
4.487
3.530
3.660
4.902
3.675
3.582
3.430
4.396
4.190
4.233
4.215
3.364
4.108
3.102
3.773
3.346
5.135
3.651
4.616
4.457
3.990
3.995
3.838
3.974
3.724
4.161
4.448
3.569
3.635
3.711
3.478
3.661
3.595
4.207
4.714
3.818
3.699
3.643
4.475
4.865
4.087
4.424
3.849
3.994
3.956
3.908
4.041
4.359
3.604
4.483
5.145
3.579
3.608
3.998
3.960
3.711
4.549
4.319
4.031
3.556
4.239
3.646
-1.000
-1.000
-1.000
-1.000
-1.000
-1.000
3.562
4.212
4.803
4.029
4.306
4.166
3.525
3.825
3.859
3.712
4.200
5.560
4.484
3.661
3.971
4.849
5.123
5.152
4.208
3.999
3.673
4.567
4.621
4.238
4.942
3.716
4.409
5.511
4.618
3.983
3.601
4.201
4.751
4.200
3.938
4.075
3.978
4.110
3.544
3.556
4.230
4.013
4.119
3.883
3.609
4.966
4.307
3.578
3.791
3.509
3.883
4.035
4.149
3.741
3.664
4.085
3.747
4.723
5.258
3.731
4.450
3.701
3.782
4.612
3.667
3.922
3.623
4.403
3.821
3.583
3.839
3.927
4.896
4.998
4.872
3.692
5.401
4.132
4.797
5.252
4.274
4.982
3.949
4.136
3.669
3.824
4.114
4.195
3.559
4.015
4.406
3.526
3.786
3.788
3.599
3.773
3.727
3.692
4.294
4.620
4.415
3.867
4.152
3.846
4.363
4.118
3.605
3.754
3.656
4.560
4.512
4.103
4.334
4.739
5.725
3.576
3.964
4.053
3.681
3.565
4.020
4.445
3.524
3.766
3.546
4.089
3.812
4.647
3.779
3.675
4.336
4.243
3.572
3.604
3.780
4.147
3.829
3.671
3.759
3.692
4.757
4.001
3.966
4.498
3.704
3.828
4.000
3.867
3.744
4.559
4.712
3.927
4.331
3.680
3.656
4.548
4.461
3.736
4.314
4.898
3.766
4.759
4.838
3.681
3.613
4.110
3.752
3.769
4.340
3.534
3.782
3.652
4.321
3.701
3.809
3.763
4.168
4.210
5.210
3.897
3.983
4.683
3.450
4.770
3.908
3.821
4.441
3.921
3.652
3.670
4.406
3.875
3.738
4.136
4.008
3.591
4.525
3.951
4.368
3.955
3.753
4.568
3.732
3.645
4.226
3.536
4.441
4.070
4.337
3.989
3.608
4.932
3.581
4.478
3.865
3.771
3.581
4.592
4.701
4.219
4.176
4.342
3.953
3.875
3.841
3.889
4.264
3.866
3.771
5.180
4.434
4.134
3.920
4.783
3.731
4.144
4.485
3.714
4.223
4.428
4.671
4.247
5.222
5.593
3.799
3.688
3.927
3.813
-1.000
-1.000
4.467
3.708
3.691
3.970
3.463
3.730
4.113
4.134
3.435
-1.000
4.066
3.593
3.456
-1.000
3.667
3.434
3.909
-1.000
3.781
4.237
-1.000
3.787
3.998
-1.000
3.564
3.340
4.163
5.044
4.593
3.899
3.559
3.998
5.000
4.307
-1.000
3.754
3.880
3.807
4.049
3.804
3.509
4.267
3.869
4.505
3.896
4.191
3.517
4.256
4.418
-1.000
4.701
3.738
3.707
3.654
3.848
4.621
4.449
3.499
4.123
3.631
3.759
5.199
3.832
3.831
3.895
4.233
4.568
-1.000
3.520
4.353
3.598
-1.000
4.770
4.040
3.448
4.041
3.652
4.886
4.754
4.419
3.962
-1.000
-1.000
-1.000
-1.000
-1.000
-1.000
-1.000
-1.000
-1.000
-1.000
-1.000
-1.000
-1.000
-1.000
-1.000
-1.000
-1.000
-1.000
-1.000
-1.000
-1.000
-1.000
-1.000
-1.000
-1.000
-1.000
-1.000
-1.000
-1.000
-1.000
-1.000
-1.000
-1.000
-1.000
-1.000
-1.000
-1.000
-1.000
-1.000
-1.000
-1.000
-1.000
-1.000
-1.000
-1.000
-1.000
-1.000
-1.000
-1.000
-1.000
-1.000
-1.000
-1.000
-1.000
-1.000
-1.000
-1.000
-1.000
-1.000
-1.000
-1.000
-1.000
-1.000
-1.000
-1.000
-1.000
-1.000
-1.000
-1.000
-1.000
-1.000
-1.000
-1.000
-1.000
-1.000
-1.000
-1.000
-1.000
-1.000
-1.000
-1.000
-1.000
-1.000
-1.000
-1.000
-1.000
-1.000
-1.000
3.550
4.174
4.316
3.501
4.089
3.622
3.693
3.697
4.503
3.646
3.964
4.119
5.006
4.369
3.927
4.576
3.680
3.905
4.231
3.965
3.647
4.148
3.916
3.664
3.595
4.414
-1.000
-1.000
-1.000
-1.000
-1.000
-1.000
-1.000
-1.000
-1.000
-1.000
-1.000
-1.000
-1.000
-1.000
-1.000
-1.000
-1.000
-1.000
-1.000
-1.000
-1.000
-1.000
-1.000
-1.000
5.323
-1.000
-1.000
-1.000
-1.000
-1.000
-1.000
-1.000
-1.000
-1.000
-1.000
-1.000
-1.000
-1.000
-1.000
-1.000
-1.000
-1.000
-1.000
-1.000
-1.000
-1.000
-1.000
-1.000
-1.000
-1.000
-1.000
5.742
3.411
4.724
4.428
3.673
-1.000
-1.000
-1.000
-1.000
-1.000
-1.000
-1.000
-1.000
-1.000
-1.000
-1.000
-1.000
-1.000
-1.000
-1.000
-1.000
-1.000
-1.000
-1.000
-1.000
-1.000
-1.000
-1.000
-1.000
-1.000
-1.000
-1.000
-1.000
-1.000
-1.000
-1.000
-1.000
-1.000
-1.000
-1.000
-1.000
-1.000
-1.000
-1.000
-1.000
-1.000
-1.000
-1.000
-1.000
-1.000
-1.000
-1.000
-1.000
-1.000
-1.000
-1.000
-1.000
-1.000
-1.000
-1.000
-1.000
-1.000
-1.000
-1.000
-1.000
-1.000
-1.000
-1.000
-1.000
-1.000
-1.000
-1.000
-1.000
-1.000
-1.000
-1.000
-1.000
-1.000
-1.000
-1.000
-1.000
-1.000
-1.000
-1.000
-1.000
-1.000
-1.000
-1.000
-1.000
-1.000
-1.000
-1.000
-1.000
-1.000
-1.000
-1.000
-1.000
-1.000
-1.000
-1.000
-1.000
-1.000
-1.000
-1.000
-1.000
-1.000
-1.000
-1.000
-1.000
-1.000
-1.000
-1.000
-1.000
-1.000
-1.000
-1.000
-1.000
-1.000
-1.000
-1.000
-1.000
-1.000
-1.000
-1.000
-1.000
-1.000
-1.000
-1.000
-1.000
-1.000
-1.000
-1.000
-1.000
-1.000
-1.000
-1.000
-1.000
-1.000
-1.000
-1.000
-1.000
-1.000
-1.000
-1.000
-1.000
-1.000
-1.000
-1.000
-1.000
-1.000
-1.000
-1.000
-1.000
-1.000
-1.000
-1.000
-1.000
-1.000
-1.000
-1.000
-1.000
-1.000
-1.000
-1.000
-1.000
-1.000
-1.000
-1.000
-1.000
-1.000
-1.000
-1.000
-1.000
-1.000
-1.000
-1.000
-1.000
-1.000
-1.000
-1.000
-1.000
-1.000
-1.000
-1.000
-1.000
-1.000
-1.000
-1.000
-1.000
-1.000
-1.000
-1.000
-1.000
-1.000
-1.000
-1.000
-1.000
-1.000
-1.000
-1.000
-1.000
-1.000
-1.000
-1.000
-1.000
-1.000
-1.000
-1.000
-1.000
-1.000
-1.000
-1.000
-1.000
-1.000
-1.000
-1.000
-1.000
-1.000
-1.000
-1.000
-1.000
-1.000
-1.000
-1.000
-1.000
-1.000
-1.000
-1.000
-1.000
-1.000
-1.000
-1.000
-1.000
-1.000
-1.000
-1.000
-1.000
-1.000
-1.000
-1.000
-1.000
-1.000
-1.000
-1.000
-1.000
-1.000
-1.000
-1.000
-1.000
-1.000
-1.000
-1.000
-1.000
-1.000
-1.000
-1.000
-1.000
-1.000
-1.000
-1.000
-1.000
-1.000
-1.000
-1.000
-1.000
-1.000
-1.000
-1.000
-1.000
-1.000
-1.000
-1.000
-1.000
-1.000
-1.000
-1.000
-1.000
-1.000
-1.000
-1.000
-1.000
-1.000
-1.000
-1.000
-1.000
-1.000
-1.000
-1.000
-1.000
-1.000
-1.000
-1.000
-1.000
-1.000
-1.000
-1.000
-1.000
-1.000
-1.000
-1.000
-1.000
-1.000
-1.000
-1.000
-1.000
-1.000
-1.000
-1.000
-1.000
-1.000
-1.000
-1.000
-1.000
-1.000
-1.000
-1.000
-1.000
-1.000
-1.000
-1.000
-1.000
-1.000
-1.000
-1.000
-1.000
-1.000
-1.000
-1.000
-1.000
-1.000
-1.000
-1.000
-1.000
-1.000
-1.000
-1.000
-1.000
-1.000
-1.000
-1.000
-1.000
-1.000
-1.000
-1.000
-1.000
-1.000
-1.000
-1.000
-1.000
-1.000
-1.000
-1.000
-1.000
-1.000
-1.000
-1.000
-1.000
4.562
-1.000
-1.000
-1.000
-1.000
-1.000
-1.000
-1.000
-1.000
-1.000
-1.000
-1.000
-1.000
-1.000
-1.000
-1.000
-1.000
-1.000
-1.000
-1.000
-1.000
-1.000
-1.000
-1.000
-1.000
-1.000
-1.000
-1.000
-1.000
-1.000
-1.000
-1.000
-1.000
-1.000
-1.000
-1.000
-1.000
-1.000
-1.000
-1.000
-1.000
-1.000
-1.000
-1.000
-1.000
-1.000
-1.000
-1.000
-1.000
-1.000
-1.000
-1.000
-1.000
-1.000
-1.000
-1.000
-1.000
-1.000
-1.000
-1.000
-1.000
-1.000
-1.000
-1.000
-1.000
-1.000
-1.000
-1.000
-1.000
-1.000
-1.000
-1.000
-1.000
-1.000
-1.000
-1.000
-1.000
-1.000
-1.000
-1.000
-1.000
-1.000
-1.000
-1.000
-1.000
-1.000
-1.000
-1.000
-1.000
-1.000
-1.000
-1.000
-1.000
-1.000
-1.000
-1.000
-1.000
-1.000
-1.000
-1.000
-1.000
-1.000
-1.000
-1.000
-1.000
-1.000
-1.000
-1.000
-1.000
-1.000
-1.000
-1.000
-1.000
-1.000
-1.000
-1.000
3.676
4.139
3.737
3.606
3.969
4.775
3.678
3.804
3.876
4.093
3.694
3.751
-1.000
4.025
3.902
3.943
4.085
4.043
4.159
4.714
3.770
-1.000
3.644
3.656
4.240
3.764
3.822
3.796
4.015
4.034
3.715
3.661
3.660
4.950
4.289
3.633
4.690
5.308
3.669
3.940
4.388
3.952
3.813
3.679
3.700
3.810
4.808
4.236
3.753
5.067
3.955
4.018
4.400
5.095
3.833
3.748
3.709
4.439
3.776
3.805
3.727
4.272
4.884
4.272
4.669
4.289
3.947
3.712
4.018
3.625
3.965
4.025
3.754
4.021
3.894
3.630
4.727
4.402
3.720
3.923
3.932
3.862
4.013
3.853
4.000
3.862
4.421
3.816
4.091
3.651
5.290
4.164
4.039
3.805
3.801
4.009
3.707
3.966
3.866
4.699
3.853
4.057
4.176
4.705
4.879
3.737
3.731
5.054
4.567
3.792
3.654
4.884
3.915
4.071
-1.000
4.053
4.443
3.786
3.727
3.606
4.027
4.013
3.705
3.835
3.635
-1.000
-1.000
-1.000
-1.000
-1.000
-1.000
-1.000
-1.000
-1.000
-1.000
-1.000
-1.000
-1.000
-1.000
-1.000
-1.000
-1.000
-1.000
-1.000
-1.000
-1.000
-1.000
-1.000
-1.000
-1.000
-1.000
-1.000
-1.000
-1.000
-1.000
-1.000
-1.000
-1.000
-1.000
-1.000
-1.000
-1.000
-1.000
-1.000
-1.000
-1.000
-1.000
-1.000
-1.000
-1.000
-1.000
-1.000
-1.000
-1.000
-1.000
-1.000
-1.000
-1.000
-1.000
-1.000
-1.000
-1.000
-1.000
-1.000
-1.000
-1.000
-1.000
-1.000
-1.000
-1.000
-1.000
-1.000
-1.000
-1.000
-1.000
-1.000
-1.000
-1.000
-1.000
-1.000
-1.000
-1.000
-1.000
-1.000
-1.000
-1.000
-1.000
-1.000
-1.000
-1.000
-1.000
-1.000
-1.000
-1.000
-1.000
-1.000
-1.000
-1.000
-1.000
-1.000
-1.000
-1.000
-1.000
-1.000
-1.000
-1.000
-1.000
-1.000
-1.000
-1.000
-1.000
-1.000
-1.000
-1.000
-1.000
-1.000
-1.000
-1.000
-1.000
-1.000
-1.000
-1.000
-1.000
-1.000
-1.000
-1.000
-1.000
-1.000
-1.000
-1.000
-1.000
-1.000
-1.000
-1.000
-1.000
-1.000
-1.000
-1.000
-1.000
-1.000
-1.000
-1.000
-1.000
-1.000
-1.000
-1.000
-1.000
-1.000
-1.000
-1.000
-1.000
-1.000
-1.000
-1.000
-1.000
-1.000
-1.000
-1.000
-1.000
-1.000
-1.000
-1.000
-1.000
-1.000
-1.000
-1.000
-1.000
-1.000
-1.000
-1.000
-1.000
-1.000
-1.000
-1.000
-1.000
-1.000
-1.000
-1.000
-1.000
-1.000
-1.000
-1.000
-1.000
-1.000
-1.000
-1.000
-1.000
-1.000
-1.000
-1.000
-1.000
-1.000
-1.000
-1.000
-1.000
-1.000
-1.000
-1.000
-1.000
-1.000
-1.000
-1.000
-1.000
-1.000
-1.000
-1.000
-1.000
-1.000
-1.000
-1.000
-1.000
-1.000
-1.000
-1.000
-1.000
-1.000
-1.000
-1.000
-1.000
-1.000
-1.000
-1.000
-1.000
5.556
4.231
4.340
4.601
3.936
3.842
3.794
3.825
4.033
3.728
3.967
4.073
3.891
4.194
3.947
3.723
4.215
3.702
4.010
3.685
3.859
4.726
3.789
3.689
3.689
4.341
3.919
4.300
4.083
4.218
3.747
3.944
3.864
3.975
3.777
4.325
4.134
4.040
4.234
3.813
3.888
4.076
3.901
3.710
4.735
4.505
4.539
4.179
3.767
3.672
3.688
4.035
4.021
3.834
3.854
3.772
3.866
4.209
3.949
5.318
3.954
3.799
4.213
4.806
4.239
4.361
3.730
3.944
4.160
3.930
3.923
5.533
5.667
3.932
3.731
3.835
4.299
5.117
3.725
4.170
4.155
4.029
4.805
4.710
3.805
4.097
4.569
4.409
3.850
3.850
5.594
4.765
4.957
4.248
3.999
3.877
4.503
4.166
4.696
3.948
4.503
3.958
5.535
3.728
3.673
3.762
4.302
3.698
3.729
4.071
3.878
3.792
3.827
3.673
4.122
4.477
3.878
4.240
3.688
3.697
3.805
3.721
5.635
3.932
4.162
3.877
4.926
5.449
4.796
3.815
4.498
3.862
3.955
4.609
4.732
3.718
4.596
3.646
3.859
3.914
3.755
4.190
3.944
4.064
3.938
3.754
3.982
4.018
4.090
3.740
4.681
4.363
3.839
3.699
3.661
4.422
4.285
3.978
4.152
3.989
3.854
3.687
3.994
3.876
3.758
3.764
4.125
3.746
3.800
4.834
4.117
3.853
4.671
3.884
3.643
3.756
3.839
4.117
3.790
4.825
3.921
4.482
5.774
3.783
4.252
4.644
4.505
3.801
3.822
3.813
3.920
4.269
4.706
4.413
3.810
3.720
4.103
4.416
4.165
4.282
4.780
4.329
3.672
3.866
3.641
4.534
3.789
3.789
3.809
3.718
4.533
4.148
3.798
4.713
3.784
3.679
4.224
3.720
4.427
5.081
4.915
3.975
4.138
5.502
4.508
3.803
3.954
4.040
3.988
3.770
4.997
3.973
3.713
3.770
4.432
4.026
3.776
3.995
4.172
4.230
4.031
4.570
4.030
3.698
4.101
3.707
3.823
3.654
3.917
3.670
4.679
4.749
3.899
4.015
3.989
3.757
3.709
4.080
4.855
3.908
3.720
4.247
3.692
4.349
3.835
4.585
3.844
4.779
4.547
4.538
3.802
3.675
3.844
3.940
4.170
3.909
3.779
3.756
4.155
3.954
3.754
4.276
4.267
3.909
3.917
3.747
3.720
4.901
3.692
3.798
4.010
3.940
3.772
4.205
3.916
4.074
4.130
5.046
3.744
4.186
4.096
5.102
3.836
3.902
5.014
3.860
4.156
3.770
3.890
5.285
4.203
3.758
4.922
4.467
3.676
3.956
4.413
5.924
4.049
3.720
4.062
3.814
3.867
3.880
4.060
4.002
4.113
3.944
3.781
5.198
5.481
3.804
4.050
4.316
3.730
4.854
3.696
4.473
3.703
4.209
3.788
4.259
3.822
4.094
3.930
4.420
3.848
3.770
3.878
3.936
4.373
4.416
4.988
3.889
4.802
3.697
4.015
4.297
3.680
4.575
4.202
5.635
3.642
3.723
3.698
3.855
4.164
3.685
4.936
4.033
4.032
3.863
3.691
3.788
3.939
4.097
4.259
3.849
4.334
3.941
3.648
4.161
3.956
4.630
4.577
3.768
3.875
4.422
4.494
3.931
4.039
3.847
3.861
4.400
3.675
3.894
5.184
4.092
3.692
3.802
3.734
5.186
3.849
3.754
3.860
3.946
4.052
4.008
3.839
5.012
4.309
5.503
4.205
5.319
4.488
3.995
4.170
4.060
3.954
3.938
3.856
3.733
5.071
3.953
4.713
4.271
4.054
3.780
4.738
3.775
4.936
3.917
4.243
4.311
3.800
3.815
3.675
3.900
3.956
4.225
4.444
3.886
4.463
3.711
3.742
3.872
3.900
4.012
4.223
3.922
5.160
4.782
3.890
3.741
4.194
3.896
4.627
3.741
4.117
5.480
4.624
4.138
3.778
4.066
5.147
3.715
3.735
4.460
4.320
3.753
3.972
3.658
4.618
3.785
5.440
4.169
4.291
4.035
4.232
4.007
3.831
4.077
3.729
3.690
3.795
3.786
3.692
3.979
4.396
3.775
3.916
4.603
3.979
4.139
4.353
4.806
4.511
6.012
4.145
3.856
3.843
4.028
3.795
4.269
4.180
3.916
4.193
3.730
3.836
3.859
3.724
4.870
4.021
4.463
3.924
3.978
3.857
4.096
4.041
3.772
3.882
3.900
3.768
4.237
3.685
3.973
3.722
3.719
4.080
3.885
3.855
4.725
4.186
4.144
3.900
3.851
3.961
4.123
4.535
3.679
5.053
3.775
4.388
4.909
4.500
3.738
4.556
4.026
4.420
3.694
4.482
3.953
3.741
4.044
3.918
3.701
4.992
4.893
3.709
3.765
4.495
3.770
4.453
3.990
4.382
3.771
3.748
3.699
3.732
3.703
3.808
4.143
3.782
4.611
3.831
3.785
3.854
3.768
4.387
3.716
3.794
3.771
4.020
3.944
3.729
3.696
4.029
3.885
3.728
3.802
4.280
3.994
4.309
4.295
3.807
4.219
4.478
3.962
3.943
3.956
5.778
4.787
4.355
3.714
4.669
4.631
4.777
3.756
4.068
4.229
4.244
4.925
4.769
4.205
4.361
4.171
4.062
4.305
3.945
3.832
3.892
3.903
3.847
3.977
4.283
4.425
3.964
3.762
4.087
4.131
4.296
3.997
3.765
4.408
4.028
3.919
3.787
4.370
3.840
3.755
4.177
3.877
4.237
3.813
4.110
3.813
5.073
4.154
3.753
4.092
3.724
3.953
4.117
3.789
4.229
3.658
4.214
4.148
4.371
4.706
4.674
4.114
3.893
3.788
4.000
3.790
3.849
3.940
4.447
3.804
4.093
4.942
4.316
4.425
4.011
4.192
4.194
3.715
4.641
3.732
3.728
4.792
4.695
4.861
3.789
3.926
3.937
3.908
3.703
3.771
3.809
4.107
3.836
3.779
3.996
3.720
4.426
4.455
4.465
3.736
3.734
4.933
4.005
3.704
3.723
4.260
3.781
4.127
4.546
3.933
3.684
3.900
5.046
3.929
4.479
4.937
3.958
4.320
4.892
4.008
3.773
3.718
4.871
4.438
3.723
3.901
4.513
4.087
5.334
4.319
4.014
5.532
3.902
3.730
4.466
4.109
3.784
4.119
4.063
4.211
3.688
4.177
4.069
3.845
4.475
3.963
3.925
3.963
3.804
3.728
4.524
3.830
3.965
4.047
3.723
4.117
4.112
4.122
3.830
3.892
3.755
3.926
3.943
4.636
3.807
3.880
4.913
4.145
3.763
3.910
3.991
3.728
3.688
4.287
3.943
4.268
3.830
3.983
4.624
4.051
3.821
5.986
4.043
3.718
4.457
4.945
3.815
3.732
3.969
4.517
4.543
3.990
3.897
3.719
5.085
3.832
4.976
3.924
5.602
3.879
3.904
3.916
3.746
4.097
4.074
3.743
3.929
3.704
4.471
3.876
3.891
4.724
4.050
3.829
4.638
3.847
4.232
4.523
3.774
3.840
3.898
3.940
3.998
4.682
4.284
5.000
3.792
4.051
3.935
3.981
3.931
4.137
3.783
4.653
3.795
3.666
4.233
3.812
4.125
4.317
4.563
3.881
4.412
4.406
4.335
4.078
3.703
4.370
3.714
4.284
4.435
5.134
4.615
4.046
4.466
4.250
3.873
4.593
4.217
3.837
4.478
3.868
3.910
3.932
3.909
3.975
4.462
4.309
4.228
3.908
3.931
3.852
3.927
4.883
3.871
4.846
4.259
3.825
3.754
3.761
3.716
3.906
3.858
3.871
5.274
5.673
4.009
4.006
4.560
3.899
5.586
4.393
4.299
4.908
4.242
3.894
3.811
4.993
3.948
4.390
3.883
3.844
4.234
3.910
4.524
4.503
4.454
4.552
4.718
3.845
3.901
3.879
4.090
3.786
4.157
4.012
4.218
4.016
4.047
3.792
3.852
3.830
3.776
4.646
3.843
4.609
4.359
3.870
5.004
5.012
4.392
4.066
4.721
4.323
3.988
3.753
4.314
3.989
3.970
3.871
4.083
3.980
3.959
4.192
4.085
3.793
3.879
4.392
3.890
4.137
4.600
3.953
4.065
4.944
4.531
4.105
4.198
3.904
3.947
4.102
4.110
4.107
3.897
3.860
3.757
4.101
4.027
3.749
3.966
4.366
3.843
4.012
4.265
4.198
4.473
4.505
3.856
3.768
4.212
4.010
5.452
6.060
3.784
4.494
3.998
3.824
3.991
4.594
4.144
4.085
4.065
4.564
3.746
3.860
4.844
4.571
3.946
4.181
3.971
4.350
4.235
3.741
3.887
4.419
4.003
3.783
3.899
3.809
4.161
3.837
3.817
3.887
4.343
4.232
3.911
4.072
3.756
3.842
3.785
4.275
3.762
4.813
3.930
4.679
3.997
4.119
4.152
4.193
3.783
3.762
4.839
4.775
3.974
4.693
4.925
4.370
5.688
3.857
4.614
4.339
4.215
5.081
4.067
3.811
4.815
4.107
4.119
4.964
3.778
3.846
3.997
3.889
3.821
5.813
3.894
3.749
3.767
3.939
4.743
3.742
4.934
3.863
4.377
3.769
3.778
3.958
3.778
3.829
4.017
4.678
3.999
4.861
4.003
4.510
4.363
3.875
3.759
3.841
3.772
4.596
3.955
3.863
3.760
4.525
4.056
4.042
4.087
5.085
3.759
3.954
3.826
4.264
4.134
4.238
4.025
4.133
4.477
3.801
4.190
4.144
4.106
4.071
4.822
4.773
3.745
3.806
4.404
4.035
4.610
4.884
4.392
3.950
4.507
3.903
4.750
3.755
4.885
4.096
4.157
3.978
3.745
4.415
4.182
3.764
3.943
5.784
3.791
4.464
3.864
5.187
4.176
4.168
4.052
3.869
3.914
4.084
3.838
5.030
4.358
4.554
4.011
3.894
4.414
3.913
3.799
3.789
3.807
4.694
4.002
5.144
4.001
3.861
4.360
3.804
4.823
3.785
3.812
3.927
4.733
3.887
3.832
3.977
3.792
3.805
3.768
4.514
5.431
3.762
4.356
4.351
3.985
3.926
4.206
4.092
3.839
3.873
3.828
4.377
4.744
4.001
3.889
3.757
3.812
3.825
4.322
3.992
4.700
3.745
3.842
4.294
4.142
4.194
3.984
3.863
3.824
4.284
4.575
3.827
4.012
3.990
3.827
3.882
4.375
3.751
4.718
3.761
4.122
4.092
3.899
5.107
4.614
4.141
3.995
4.650
4.061
3.786
4.046
4.110
4.436
3.811
3.785
4.765
4.166
3.902
4.111
4.746
4.063
4.575
4.289
4.641
3.782
3.809
4.505
4.500
4.163
4.142
4.352
3.876
3.866
3.775
3.861
3.745
3.836
4.591
3.788
4.730
4.788
3.830
4.542
3.775
4.950
3.855
3.845
4.169
3.966
3.835
4.353
3.878
4.123
3.845
4.112
3.742
3.817
4.423
4.082
4.627
3.916
4.148
4.766
3.891
4.241
5.082
4.982
3.847
3.860
3.792
4.105
4.049
3.927
3.956
3.892
4.718
4.626
4.288
3.805
4.065
4.226
4.152
4.252
3.933
4.104
4.087
3.829
4.455
3.989
3.844
4.575
3.811
4.141
3.813
4.134
4.640
4.020
3.885
3.993
3.995
3.846
4.786
3.997
4.090
4.203
4.118
4.317
3.847
4.028
4.479
4.366
4.133
3.990
3.978
4.418
4.582
3.768
4.380
4.188
3.874
4.057
4.381
4.736
3.786
4.111
4.057
4.753
3.811
3.943
4.029
4.140
4.212
3.833
5.153
5.439
3.850
4.112
3.761
4.150
3.949
3.944
3.842
3.745
4.067
4.304
3.906
4.022
3.805
3.827
4.009
3.897
4.726
3.965
4.466
4.212
4.220
3.774
4.369
4.193
3.851
4.033
4.421
4.907
4.571
4.025
3.815
4.380
3.769
3.911
3.955
4.342
4.910
4.312
4.184
5.248
4.376
4.294
5.046
6.104
3.965
4.317
3.800
3.854
4.108
3.842
4.023
4.820
3.812
4.041
3.972
3.887
3.840
4.944
4.229
3.842
3.848
3.812
3.851
4.264
3.798
4.142
3.814
4.050
3.853
3.971
3.835
4.495
4.785
4.176
4.143
3.875
4.535
3.997
3.926
4.150
4.092
3.999
4.462
4.122
3.822
4.868
3.899
4.025
4.053
4.136
3.832
3.768
3.817
3.877
3.882
4.389
4.011
4.625
4.011
4.259
3.990
3.930
4.152
4.406
4.412
3.816
4.208
4.968
5.502
4.198
3.893
3.902
3.909
5.015
3.868
3.969
4.477
3.953
3.877
3.871
4.076
3.901
4.070
3.896
3.763
4.311
3.784
4.401
3.930
3.981
4.051
5.107
4.211
3.750
4.076
4.215
4.417
3.752
3.915
3.929
3.940
3.758
3.790
3.843
4.462
3.876
4.942
4.688
3.990
4.981
3.888
3.815
3.940
4.131
3.832
3.812
4.155
4.360
3.776
3.810
4.365
3.810
4.432
3.814
4.361
3.794
4.306
4.039
3.772
4.021
3.852
3.815
5.059
4.318
3.775
4.089
4.010
3.752
3.748
4.363
4.021
3.890
3.909
4.074
4.131
3.760
3.776
3.747
3.771
3.786
3.852
4.229
4.206
3.904
4.160
4.141
4.039
3.855
3.750
3.810
4.200
4.075
3.801
3.780
3.767
3.947
3.941
3.987
4.582
3.835
3.922
4.435
4.037
4.963
4.097
4.084
4.865
3.761
4.321
4.640
4.665
4.680
4.755
4.187
4.255
4.085
4.515
3.867
4.098
3.900
3.892
4.014
3.805
4.565
3.921
3.907
3.860
3.793
3.889
4.564
4.236
5.144
4.035
4.986
5.046
4.399
3.763
4.224
3.902
3.826
4.366
3.760
4.240
3.755
3.839
3.840
3.987
3.753
5.276
3.753
4.098
4.515
4.446
3.817
4.874
4.092
4.133
4.199
4.104
4.030
3.769
3.824
3.852
4.330
3.877
3.948
4.534
4.111
4.525
4.392
4.007
4.085
5.254
4.470
3.972
4.586
3.801
4.534
4.026
3.967
3.773
4.132
3.788
3.900
3.932
3.803
3.746
4.389
3.759
4.405
3.882
3.985
3.743
3.893
3.828
3.913
4.109
3.821
3.835
4.206
4.762
3.950
3.880
3.869
3.789
4.453
3.802
3.912
3.990
3.954
3.892
3.973
5.652
4.050
3.885
4.310
3.791
3.796
3.742
3.907
3.785
4.596
3.765
3.861
3.757
4.134
5.239
3.759
3.839
3.743
3.752
4.070
4.116
5.141
3.982
4.221
3.777
3.839
6.022
3.837
4.137
4.130
3.881
4.019
3.956
4.146
4.581
3.847
4.156
4.279
4.353
4.005
3.970
3.813
4.422
5.465
4.318
4.232
4.273
3.810
4.849
4.334
4.237
6.064
4.580
3.910
4.230
3.906
5.417
4.370
4.227
3.988
3.897
4.357
4.328
3.981
3.842
3.790
4.305
3.871
3.754
4.000
3.938
4.874
4.087
3.998
4.483
3.841
4.102
4.016
4.634
4.237
4.693
4.868
3.843
3.972
4.238
3.963
3.997
4.292
4.059
3.825
3.957
4.385
4.055
4.169
4.515
4.717
3.936
4.159
3.803
4.233
3.985
3.826
4.243
4.425
3.806
4.056
4.187
4.085
3.930
3.816
4.620
4.459
3.889
3.962
3.806
3.814
4.169
3.766
3.978
3.823
4.596
4.004
3.800
4.025
3.847
3.761
4.367
3.831
4.373
4.021
4.141
3.751
3.872
4.980
6.036
3.876
4.408
4.469
3.982
4.681
4.932
4.466
3.875
4.003
4.270
3.879
3.881
4.825
4.081
4.947
5.175
4.001
4.125
4.186
3.765
4.314
4.243
3.814
4.760
3.986
4.597
3.944
4.047
4.595
3.969
4.989
4.591
4.475
4.076
4.828
4.124
4.440
3.791
3.828
4.166
4.459
4.906
3.795
4.099
5.632
3.811
4.281
4.311
4.370
3.793
3.971
3.920
3.783
4.000
3.832
4.315
5.753
3.761
4.571
3.876
3.771
3.910
4.358
5.281
4.632
4.286
3.831
3.991
4.653
3.845
3.805
3.796
3.984
3.984
3.985
3.768
3.797
4.286
4.158
4.418
4.103
4.182
4.698
3.822
4.061
4.172
5.088
3.779
3.784
3.819
4.834
4.200
3.835
4.062
4.071
3.752
4.687
4.077
4.020
4.328
3.844
4.390
3.838
5.890
3.883
3.784
3.771
3.830
4.013
3.835
3.972
4.338
4.117
3.790
3.849
3.866
4.553
4.160
4.336
3.939
3.750
4.308
3.992
3.745
3.755
4.253
3.849
3.762
4.139
3.962
3.915
3.888
4.883
3.873
3.945
4.200
4.534
3.819
4.081
3.841
3.828
4.015
4.180
4.470
3.864
3.747
3.821
3.784
4.291
4.270
4.098
3.920
3.807
3.828
3.812
3.903
3.754
4.195
4.158
4.140
4.097
4.747
4.072
3.753
4.217
4.130
4.154
4.096
4.152
3.804
4.131
4.637
5.755
4.918
3.861
3.857
4.031
4.045
3.911
4.220
3.832
3.769
3.763
3.810
3.812
5.298
4.706
4.147
3.779
4.588
4.116
3.752
3.779
3.753
3.794
4.071
4.274
4.550
3.766
3.838
4.177
4.555
3.908
3.788
5.024
4.438
3.840
4.766
4.551
4.741
4.303
3.768
5.029
3.842
3.930
3.895
4.034
4.225
4.135
4.169
4.153
4.100
3.898
3.958
4.194
4.113
3.894
4.074
4.281
4.801
4.013
4.301
3.885
4.054
3.803
4.333
4.021
3.907
4.215
4.472
3.752
4.340
3.742
3.891
3.756
4.050
4.831
5.438
4.008
4.168
4.926
3.894
4.276
3.796
4.896
4.707
3.783
3.749
4.061
3.971
4.300
4.031
3.874
3.905
4.846
3.752
3.886
4.134
4.772
3.894
4.583
3.775
3.845
3.862
4.454
4.477
4.248
4.042
4.713
5.087
4.126
3.774
4.068
3.776
4.140
6.140
4.143
4.214
3.749
4.338
3.937
4.327
3.892
4.842
4.177
3.839
4.440
4.216
4.061
3.776
3.935
3.915
3.947
4.754
4.079
4.183
4.400
4.298
4.060
4.025
4.074
4.114
4.125
3.978
4.315
5.262
4.018
3.913
4.549
3.905
4.178
3.794
4.055
3.902
4.319
3.767
3.952
4.017
3.813
4.224
4.162
4.170
4.814
5.402
3.865
4.034
3.890
4.689
4.180
4.938
3.938
3.861
3.994
3.811
3.886
4.287
3.893
4.011
3.842
3.795
3.797
4.170
4.612
3.885
4.504
4.314
3.791
4.167
5.298
4.198
4.108
3.798
3.884
4.890
4.190
4.020
3.922
3.904
3.831
3.839
3.786
4.158
3.929
3.889
3.903
4.402
3.955
3.854
4.005
3.785
4.324
3.945
4.159
3.800
3.772
3.913
4.012
3.819
3.955
3.803
3.851
3.918
3.803
4.030
4.080
3.874
5.384
4.015
4.920
4.619
3.753
3.758
3.828
4.069
3.869
4.433
3.932
3.785
4.231
4.211
4.506
3.872
4.015
4.252
4.405
4.262
4.603
3.869
3.966
3.992
4.076
3.756
4.468
3.789
4.354
4.734
4.262
4.185
3.884
5.014
4.363
3.917
3.930
4.025
4.085
4.978
4.711
4.805
3.952
4.331
4.834
5.093
4.437
3.985
4.173
4.044
4.487
4.948
4.148
4.683
3.916
3.888
4.427
4.199
4.283
3.932
3.812
4.082
3.846
3.886
4.391
3.879
4.998
4.520
3.844
3.752
3.997
4.005
3.767
4.228
4.153
4.162
4.402
3.883
4.197
3.744
4.152
3.814
4.167
3.868
3.814
3.889
3.874
4.007
4.039
6.097
4.087
4.031
4.249
4.029
3.765
4.144
4.083
4.266
3.748
3.963
5.281
3.793
4.298
4.685
3.917
4.606
4.022
3.955
3.921
4.181
4.394
4.098
3.857
3.897
3.823
3.846
4.341
3.855
3.832
3.755
3.928
5.182
3.981
4.920
4.156
4.721
4.110
3.797
4.769
4.064
3.816
4.252
4.377
4.421
4.187
3.962
3.742
4.836
3.764
4.729
3.991
3.766
3.885
3.957
4.105
3.844
3.929
4.167
3.915
4.085
4.100
3.982
4.009
3.842
4.706
4.135
3.908
3.953
3.961
3.792
4.432
4.976
4.575
3.843
3.961
3.987
4.091
3.784
5.150
4.136
4.013
3.922
4.167
3.756
4.635
4.404
3.757
4.592
3.790
4.643
3.943
4.421
3.905
4.172
4.182
4.041
3.919
3.893
4.056
4.321
3.771
4.005
3.904
4.007
4.761
4.490
4.014
4.158
4.439
4.326
3.762
5.169
4.482
4.130
4.749
4.171
3.911
5.569
3.987
3.819
5.228
3.956
3.746
5.449
4.050
3.743
4.027
4.633
4.149
3.788
3.802
4.075
4.281
4.757
4.324
4.476
3.850
4.145
3.758
4.104
3.769
4.567
4.042
3.766
4.201
3.789
5.113
3.856
3.795
4.196
4.404
4.044
3.837
4.400
3.912
4.071
3.965
3.814
3.914
4.716
3.812
4.002
4.819
4.517
4.039
3.826
4.690
4.887
3.858
3.848
3.803
4.159
3.863
3.913
3.922
4.662
4.391
4.674
4.106
5.186
3.969
4.070
3.918
4.255
4.692
3.989
3.873
3.858
4.133
4.935
4.167
3.944
3.862
3.740
3.969
5.543
4.397
3.813
3.846
3.909
4.033
3.795
3.926
3.794
3.851
3.887
4.737
3.789
4.009
4.730
3.823
4.065
3.891
3.778
3.788
4.108
4.406
5.586
4.578
3.925
4.250
4.053
3.777
4.019
4.073
3.819
3.759
4.135
4.327
3.877
3.960
4.335
4.636
4.640
3.769
4.805
4.783
4.003
4.188
3.744
3.773
3.948
3.820
4.019
3.998
3.819
3.864
4.210
3.742
4.745
4.046
4.018
6.254
4.732
3.984
3.937
4.399
4.273
3.991
3.954
4.218
4.201
3.752
4.262
3.977
4.404
4.611
4.162
3.859
3.983
4.097
4.430
3.944
3.954
4.263
4.459
4.588
4.302
4.305
3.911
3.885
4.240
4.517
3.805
3.757
3.800
3.870
3.863
3.892
4.428
4.325
4.110
3.992
4.104
3.935
4.166
3.988
3.760
4.007
4.135
3.855
3.835
4.662
4.160
3.743
4.281
3.803
4.022
5.244
3.805
4.464
3.866
5.013
3.908
3.985
4.091
3.751
4.376
4.222
3.746
4.678
3.778
3.837
3.902
3.852
3.931
3.901
3.921
4.072
3.862
5.169
4.876
4.004
4.380
4.536
3.888
3.882
4.001
4.066
4.039
3.950
3.766
4.129
3.908
3.835
4.095
4.406
5.087
4.060
4.036
3.922
3.767
5.642
3.749
3.950
3.913
4.250
3.805
3.943
5.185
4.265
4.343
4.106
4.019
4.033
3.992
4.040
3.887
3.793
4.074
3.849
3.984
4.392
3.857
5.024
4.337
3.997
3.864
3.996
4.185
4.395
3.924
3.764
3.859
4.682
3.832
3.940
4.670
3.783
4.082
4.318
4.904
4.053
4.059
3.904
4.424
3.990
3.745
3.865
4.458
3.917
3.954
3.984
4.200
4.392
4.058
3.770
3.822
3.980
6.020
4.744
4.658
3.965
4.055
4.076
3.781
4.007
3.827
6.121
4.491
3.748
4.632
3.768
3.806
3.964
4.394
4.815
4.068
4.344
4.117
4.110
3.892
4.225
3.897
5.127
3.900
3.853
4.066
4.129
3.928
4.758
4.154
5.178
3.841
3.757
4.266
4.159
4.364
4.577
4.625
4.088
4.012
4.119
3.791
3.984
3.812
4.528
4.026
4.553
3.742
3.944
3.744
3.893
3.927
4.781
4.777
3.848
6.039
4.110
3.841
3.896
4.321
4.045
4.069
4.535
4.152
4.249
3.783
3.789
3.917
3.775
3.947
3.763
3.932
3.770
3.942
4.140
3.871
4.126
3.820
4.068
4.047
4.870
3.795
4.814
4.299
3.875
3.923
3.755
4.637
4.186
4.652
4.183
3.944
4.422
3.757
4.411
3.796
3.829
4.089
5.777
3.981
3.841
4.442
3.778
4.241
3.747
4.571
4.036
3.813
3.809
5.101
4.066
4.297
4.051
4.286
3.839
3.852
4.407
4.425
4.925
4.646
4.142
3.934
3.797
3.853
3.862
3.755
3.828
4.169
4.736
4.680
3.831
4.002
3.778
4.977
3.784
3.874
4.174
4.573
4.993
3.862
3.947
5.491
3.911
4.246
4.128
4.309
4.185
4.623
4.175
3.877
4.062
3.766
4.252
3.931
4.077
3.765
4.010
4.091
4.113
4.388
3.849
4.008
4.722
3.976
4.252
4.191
4.241
3.859
4.038
4.248
4.173
3.754
3.787
3.902
4.496
4.650
3.849
3.863
4.040
4.527
4.671
4.047
3.766
3.902
4.804
3.771
3.796
4.130
3.826
4.378
4.674
4.685
4.311
4.464
3.884
4.276
3.817
4.752
4.615
4.037
3.792
3.952
4.291
5.543
5.150
4.862
3.952
3.898
3.955
3.921
3.988
4.584
3.870
4.335
4.165
3.903
5.810
4.293
3.879
3.861
4.863
3.912
3.889
3.846
4.398
3.816
4.154
4.119
5.235
3.998
4.002
3.973
4.100
3.769
3.744
4.058
3.744
4.354
3.831
4.189
4.136
4.693
4.496
4.036
4.110
3.837
3.841
4.015
3.994
4.495
4.800
4.354
4.789
5.040
3.843
3.820
4.632
4.141
3.821
4.277
3.795
3.752
4.547
3.971
3.949
4.019
4.057
5.239
5.075
4.009
4.459
3.969
4.191
4.162
3.814
4.093
4.055
4.174
4.180
4.204
3.849
4.270
3.794
4.198
3.972
3.886
4.548
5.326
3.949
4.053
5.519
4.124
4.023
4.452
4.043
4.265
4.027
4.021
4.104
4.422
4.060
3.911
5.233
3.748
3.818
3.785
4.071
3.839
3.974
3.774
3.906
3.799
4.347
4.660
4.134
4.635
3.837
4.529
4.069
3.754
3.952
4.193
3.947
4.167
4.025
3.792
4.580
4.174
4.170
4.176
4.036
4.430
3.874
4.735
4.099
3.853
3.743
4.505
3.855
3.802
4.045
4.592
4.079
4.225
4.278
4.184
4.206
3.931
3.784
3.967
4.342
3.814
3.875
4.005
5.982
5.192
4.205
4.109
3.933
4.013
4.970
3.748
3.931
4.232
4.054
4.279
3.868
3.815
3.837
4.430
4.192
3.834
4.811
4.282
4.601
3.869
4.054
4.804
3.770
3.908
4.364
3.873
3.987
4.076
4.913
4.064
4.099
3.845
4.076
4.923
3.796
4.258
4.491
3.971
4.027
4.376
3.809
4.107
3.759
3.766
4.443
3.746
4.206
3.741
4.399
3.820
4.021
4.464
4.981
4.342
4.109
5.407
4.264
5.353
3.989
4.036
3.755
3.906
4.389
4.131
4.883
4.123
4.067
4.142
3.921
3.850
3.913
5.392
3.791
6.166
5.764
3.747
4.095
3.954
4.071
3.753
4.768
3.751
3.745
3.924
3.763
4.812
4.986
3.812
3.967
4.182
3.896
4.041
3.814
4.224
3.874
3.846
3.906
3.788
3.781
4.107
3.910
3.936
4.021
3.813
3.946
3.766
4.994
4.164
4.291
5.094
4.582
3.817
3.850
4.357
3.754
3.928
3.854
3.788
4.481
3.866
4.016
4.009
3.838
3.986
4.049
4.367
3.985
4.366
4.772
3.913
4.279
4.009
4.597
3.860
4.418
4.032
5.071
5.119
4.917
3.817
3.802
3.795
4.019
4.275
3.743
4.678
3.786
3.839
4.093
4.124
4.020
4.149
4.185
4.158
3.908
3.854
4.013
4.573
4.453
4.209
4.870
4.273
3.826
3.975
3.973
4.594
4.245
3.972
4.071
4.085
4.022
4.121
4.471
4.315
3.921
3.836
5.240
3.882
4.031
4.339
5.707
4.839
3.854
4.214
4.691
4.018
4.422
4.364
3.870
4.311
3.772
4.020
4.433
3.749
4.320
3.801
4.176
4.150
6.278
4.315
3.894
3.798
3.943
3.878
5.092
4.267
3.828
4.165
3.830
4.655
4.316
4.256
4.009
4.067
4.242
3.918
3.764
3.919
4.448
3.917
4.230
3.990
4.032
3.963
3.922
4.019
4.254
4.656
3.781
4.439
3.993
4.555
3.815
5.042
3.916
3.789
3.959
4.114
3.869
4.455
4.643
4.095
4.173
3.871
4.287
3.788
3.845
3.812
3.769
3.874
4.261
4.044
4.946
3.955
4.244
4.023
4.214
4.750
3.877
5.257
4.951
4.906
3.773
4.152
5.857
4.629
3.783
3.767
3.905
4.483
4.006
3.945
4.413
4.908
4.257
4.033
4.118
3.838
4.246
3.760
4.437
5.349
3.892
4.308
3.895
3.834
4.348
4.533
4.226
3.757
4.265
3.875
3.987
4.454
3.962
4.672
4.477
3.863
3.849
3.820
4.021
4.301
4.356
4.264
4.584
4.783
4.193
3.782
3.747
4.396
4.885
3.817
4.546
3.946
3.760
4.125
3.741
3.794
3.742
3.896
5.187
4.055
4.068
3.929
3.745
3.747
4.296
3.804
3.773
3.842
4.025
3.883
4.041
4.286
3.965
3.760
4.679
4.113
4.510
3.882
4.064
4.174
3.803
3.895
3.863
5.158
3.854
3.912
4.256
3.807
5.526
4.527
4.081
3.975
4.403
4.053
4.487
3.860
3.897
3.788
3.805
4.509
3.769
3.833
3.873
3.803
3.965
3.801
4.614
4.839
4.669
3.859
4.062
4.433
3.825
4.360
4.804
4.202
4.042
4.130
3.742
3.974
4.414
3.782
3.742
4.047
3.999
4.647
4.026
4.095
3.775
4.129
4.798
3.760
4.089
3.862
3.883
3.744
3.902
3.947
4.166
4.144
3.797
3.863
4.386
5.287
4.668
3.841
4.657
4.688
3.971
4.068
3.965
3.864
3.899
4.756
4.242
3.994
3.836
4.022
4.286
5.740
3.772
4.758
4.224
4.282
3.846
3.741
3.896
4.087
4.165
3.832
4.552
3.747
4.046
4.098
3.833
4.019
4.441
4.211
3.823
4.073
4.326
4.102
4.955
3.920
4.067
3.776
3.844
4.582
4.285
3.814
4.169
4.598
3.816
4.558
3.830
4.415
5.047
3.991
3.998
3.786
4.286
3.940
3.983
4.067
4.273
3.752
3.984
3.744
3.746
3.889
3.829
4.101
4.954
3.755
3.828
4.021
5.748
5.689
4.710
4.378
4.069
3.962
4.617
4.042
4.601
3.751
3.848
4.125
3.924
4.442
3.960
3.928
3.740
4.036
4.068
3.848
4.081
3.942
4.048
3.750
3.771
4.155
4.402
4.488
4.529
3.758
4.822
3.788
3.771
4.542
4.169
3.917
3.907
4.241
4.380
3.778
3.745
3.938
3.927
3.895
4.045
4.062
3.754
4.168
4.663
4.159
4.053
5.269
5.097
4.517
3.926
3.995
4.198
3.806
3.904
4.254
4.147
4.147
4.677
3.851
3.953
3.768
4.011
3.951
4.847
4.092
3.799
3.956
4.209
4.672
3.889
3.810
4.284
4.336
4.965
4.813
4.056
3.928
3.916
3.964
4.035
4.633
4.456
4.844
4.299
4.143
4.053
3.906
4.308
4.968
6.159
4.953
4.292
4.161
3.875
3.928
4.122
3.847
3.977
3.926
4.181
4.543
3.972
4.513
3.854
4.508
4.464
4.532
3.801
5.240
4.334
3.747
4.279
3.797
3.819
3.819
3.993
3.800
3.979
3.773
4.087
5.311
4.193
4.005
3.755
4.427
4.379
3.748
4.371
4.074
3.871
4.383
4.152
4.024
4.651
3.766
4.202
3.849
3.785
3.885
3.859
4.045
5.211
5.521
4.254
4.026
3.741
4.120
4.025
3.753
3.993
4.074
3.912
4.183
4.761
4.714
4.406
4.430
4.056
3.743
3.937
3.819
3.795
4.300
4.526
4.285
4.914
3.785
4.912
3.872
3.786
3.826
3.821
3.778
3.824
3.860
3.793
4.862
3.870
3.985
4.170
3.848
3.907
4.273
3.962
4.537
3.870
3.818
3.980
5.066
3.999
4.153
4.538
4.208
4.317
3.857
4.558
3.854
3.827
3.799
3.932
4.052
3.770
4.553
3.807
3.913
3.948
4.392
5.640
4.641
3.788
3.840
3.933
4.214
3.957
3.816
3.974
5.232
4.288
4.016
3.760
3.904
4.084
3.813
4.849
3.927
4.467
3.891
3.870
3.864
4.266
3.793
4.157
3.748
4.914
4.099
3.896
4.498
4.354
4.204
3.861
3.969
4.346
4.052
4.666
3.859
4.387
4.413
4.050
3.844
4.282
4.089
3.875
4.400
4.166
3.758
4.305
5.526
4.129
4.577
3.832
5.029
4.293
3.890
3.912
3.858
3.919
3.835
3.800
4.037
4.058
5.206
4.200
3.806
3.983
4.256
4.184
3.742
4.068
5.392
3.882
3.814
4.541
3.762
4.227
4.854
4.557
5.854
3.801
4.056
4.040
4.125
3.798
4.261
4.169
4.107
4.939
3.877
3.841
3.794
5.604
5.828
3.919
3.810
5.329
4.941
4.224
3.791
4.117
4.085
4.570
3.786
4.356
3.764
3.846
4.243
3.924
3.805
4.074
3.816
3.759
3.910
3.973
3.963
4.051
4.427
3.951
3.965
4.587
4.040
4.457
3.832
4.963
3.925
4.365
4.623
3.840
4.773
3.866
4.480
3.907
4.567
3.905
5.953
4.980
3.929
4.093
4.009
3.913
4.290
4.979
3.906
3.989
3.805
4.074
3.912
3.831
3.874
3.976
4.225
3.800
4.124
5.425
3.864
4.615
4.185
3.942
4.157
3.790
3.829
4.016
4.012
3.758
4.067
3.790
3.765
4.323
3.893
4.700
3.751
4.690
4.375
4.391
4.554
4.080
3.856
3.756
4.020
4.018
4.905
3.958
3.829
5.694
3.919
3.972
5.635
3.880
3.745
3.753
4.283
4.332
3.925
3.941
3.829
3.817
4.497
4.370
3.937
4.735
3.840
4.454
4.032
3.838
4.320
4.201
5.333
3.758
4.758
4.749
4.147
3.756
3.922
4.368
3.858
4.459
3.939
4.198
5.609
4.140
4.087
3.828
3.928
4.253
3.862
4.131
3.896
3.754
5.204
4.045
4.560
3.905
4.339
3.942
4.452
4.118
4.338
3.752
3.942
3.895
4.501
5.237
4.571
3.989
3.836
4.615
4.229
3.795
3.960
4.142
4.343
4.325
3.761
4.387
6.242
3.950
3.875
3.762
3.802
3.962
4.589
5.072
4.227
5.234
4.654
4.177
3.893
4.502
3.838
3.891
4.149
3.884
3.794
4.314
3.918
3.853
3.950
4.201
3.865
3.885
4.842
4.730
4.432
4.294
4.200
4.287
4.821
4.135
3.992
4.270
3.794
4.339
4.084
4.493
3.767
4.337
4.730
4.057
4.083
4.487
3.920
3.833
3.953
3.965
3.917
4.232
4.161
4.083
3.859
3.776
4.362
5.176
3.842
4.489
5.047
3.927
4.021
3.859
3.886
4.074
3.943
3.797
4.061
3.896
3.932
3.857
3.960
5.171
4.414
3.824
4.520
3.937
4.199
4.245
3.941
5.030
4.140
4.287
4.384
3.847
3.766
4.287
3.954
4.033
3.813
4.469
3.993
3.764
4.121
4.139
3.742
3.859
4.618
3.764
3.800
3.857
4.259
4.250
3.808
4.274
3.748
3.741
5.364
3.919
4.510
3.901
5.606
3.996
4.148
5.318
4.105
5.324
3.772
4.545
3.813
4.456
4.571
4.336
3.911
3.908
3.921
4.608
4.034
4.287
3.752
3.882
4.579
4.135
3.974
4.119
4.169
4.013
4.110
3.970
4.074
3.850
3.833
4.071
4.238
3.815
4.289
3.860
4.091
3.799
4.309
4.027
3.745
3.976
3.848
3.857
3.775
5.000
4.194
3.803
4.342
3.790
3.815
4.546
3.963
3.742
4.011
4.386
3.868
4.047
3.871
4.331
4.196
4.156
3.842
4.685
4.022
3.803
4.159
4.463
4.599
4.364
3.768
4.443
3.973
4.624
3.925
4.050
4.372
4.324
4.408
3.903
3.919
5.093
3.852
3.825
3.749
3.927
3.972
4.316
3.872
3.805
4.088
3.915
4.949
4.041
4.607
3.851
4.110
3.774
4.875
4.344
3.891
4.433
5.246
4.789
4.295
3.771
3.815
3.777
3.781
4.323
3.959
3.745
3.838
4.768
3.879
4.022
3.981
4.194
4.217
4.000
3.740
3.890
5.194
4.009
3.964
4.713
3.973
4.004
4.015
3.903
4.225
3.920
3.887
4.068
3.756
4.555
3.947
3.930
3.765
5.092
4.631
4.463
4.098
3.913
3.994
3.935
3.952
4.816
4.593
3.932
3.942
4.185
3.775
3.834
4.501
3.897
4.704
4.629
4.162
3.776
4.185
4.750
3.897
3.789
4.805
4.097
3.945
4.900
4.242
3.905
3.892
3.741
3.891
3.850
3.996
3.975
4.356
4.191
5.011
3.810
5.186
4.113
4.724
4.029
3.896
3.758
3.968
3.798
3.759
4.022
4.024
3.914
5.556
3.978
4.200
4.059
4.508
3.758
4.281
3.879
4.680
4.575
3.956
4.128
3.893
4.133
4.926
3.866
3.790
4.523
3.784
4.234
4.866
4.744
4.320
4.437
4.394
4.235
3.783
3.970
4.350
3.947
4.050
4.443
4.072
4.330
4.670
4.007
3.860
3.833
4.255
3.789
3.777
3.854
3.799
3.920
4.396
4.287
3.779
3.928
3.863
4.591
3.830
3.792
3.957
5.703
4.103
3.897
3.810
4.015
5.261
3.882
4.716
4.182
3.977
3.783
4.496
3.818
4.154
4.867
4.120
3.760
3.829
4.141
3.929
4.275
4.236
4.415
3.790
3.811
3.825
4.311
3.827
3.810
3.950
4.425
4.046
3.927
4.318
4.629
4.146
4.117
3.814
3.830
4.158
3.860
4.102
4.819
4.159
5.005
4.332
4.721
3.781
3.939
5.284
3.761
3.948
4.149
4.246
4.108
3.809
4.339
4.973
4.689
3.808
3.898
4.718
4.936
3.955
4.524
4.052
4.875
3.980
4.542
4.015
3.742
3.856
4.982
3.932
4.546
4.040
4.068
4.422
4.370
4.170
4.324
4.418
4.174
5.214
4.424
5.297
3.824
5.138
4.370
4.426
4.825
3.887
4.285
4.304
4.050
4.150
3.953
3.972
3.865
3.744
3.887
3.871
4.283
4.086
3.750
4.052
4.752
4.000
4.547
4.317
5.358
3.914
4.494
4.195
3.869
4.060
4.191
4.936
4.210
3.828
4.467
4.243
4.144
3.772
3.843
3.897
4.192
5.147
4.547
4.448
4.142
4.465
3.864
4.158
4.295
4.389
4.818
4.081
4.339
3.910
6.073
3.828
5.025
4.045
4.030
4.335
4.033
4.193
3.855
3.991
4.354
3.822
3.925
3.931
4.109
5.752
3.819
3.901
3.963
4.005
4.487
4.736
3.919
4.241
3.938
4.087
4.353
4.191
4.468
3.894
4.221
4.030
3.811
3.747
4.318
5.317
3.929
4.144
4.015
4.347
4.025
3.957
3.934
3.962
3.768
4.402
4.134
4.143
4.050
3.748
4.232
3.826
4.979
3.864
4.085
4.934
3.945
3.808
3.863
4.417
4.078
4.024
5.385
4.309
4.317
4.556
3.964
4.159
3.805
4.547
4.508
4.020
5.093
3.802
4.603
3.789
3.802
4.494
3.859
4.459
4.133
4.084
4.172
3.893
3.795
3.770
4.163
4.369
3.761
4.230
4.528
3.872
4.103
5.560
5.919
4.377
3.907
4.074
4.175
3.951
4.873
4.580
4.205
4.298
4.463
3.946
3.768
3.986
4.061
3.771
3.927
4.113
3.876
3.822
4.826
5.188
3.741
3.746
3.753
3.771
4.299
3.796
4.275
4.664
4.729
4.021
3.869
3.837
4.509
5.178
3.816
4.372
4.273
5.279
6.179
4.087
3.916
5.459
3.813
4.830
4.794
4.071
3.828
4.137
3.911
4.102
4.175
4.521
4.764
3.818
3.785
3.802
3.874
3.888
3.955
4.008
3.894
3.814
3.992
3.816
4.233
3.915
4.775
3.957
4.110
5.379
3.818
3.829
4.103
4.244
3.951
3.834
5.763
4.677
3.985
3.808
4.339
4.070
3.818
3.799
4.530
4.587
4.083
3.965
4.080
4.871
4.799
4.999
3.912
4.078
4.072
3.949
4.216
4.058
4.600
4.466
4.652
4.282
3.795
3.914
4.001
4.313
3.845
3.776
3.757
4.152
3.772
4.063
4.531
4.586
4.082
4.162
3.934
4.462
4.772
4.669
4.097
3.777
5.158
3.784
4.103
3.773
4.387
3.746
3.832
4.196
4.931
3.850
3.782
3.901
4.795
4.309
4.061
4.414
4.194
4.959
3.830
4.022
3.775
4.043
4.472
3.978
4.788
3.786
4.383
4.033
4.497
3.945
3.956
3.773
4.286
4.066
4.009
4.119
4.101
4.147
3.747
4.003
4.202
4.658
4.574
4.162
3.853
4.059
3.852
3.746
3.766
4.366
3.755
4.556
3.864
3.932
3.905
4.347
4.166
4.832
4.087
4.535
3.853
4.196
4.222
4.187
3.880
4.487
4.004
4.557
4.130
3.776
3.758
3.953
4.011
4.058
3.776
3.921
4.639
3.809
4.504
3.923
4.370
4.802
4.001
4.120
4.649
4.658
4.057
4.183
4.012
4.185
3.821
5.429
4.234
4.763
3.926
4.255
3.754
3.803
3.777
4.020
4.460
3.763
4.188
5.063
4.585
4.666
3.971
3.866
4.051
4.035
3.876
4.143
4.200
3.827
5.133
4.382
4.111
3.799
4.473
4.138
4.852
3.958
4.661
3.855
3.815
4.230
3.990
3.752
3.858
3.957
4.150
4.163
4.600
3.961
4.781
4.295
4.185
3.859
4.256
3.884
4.228
3.745
3.867
4.132
3.758
4.006
3.846
3.849
4.643
4.687
4.902
3.927
3.817
4.317
4.264
4.755
4.650
3.825
4.592
4.044
4.553
3.948
3.747
3.749
5.603
4.726
4.105
3.919
4.264
4.201
4.049
4.377
4.915
3.974
5.214
3.822
6.046
3.800
4.527
3.771
4.489
4.231
4.397
4.055
3.899
3.981
3.752
3.891
3.807
4.986
4.317
3.785
5.077
3.935
3.800
3.825
4.681
4.370
4.400
4.267
4.127
3.792
4.540
3.949
4.343
3.905
4.055
3.792
3.788
4.297
4.486
3.860
5.236
3.886
3.932
3.902
3.790
4.409
4.139
3.862
4.147
5.412
3.791
3.837
4.710
4.407
3.836
3.912
4.154
3.935
4.330
4.026
3.862
3.834
4.152
4.117
4.364
3.972
3.913
4.005
3.842
4.362
3.913
4.082
4.801
4.069
3.791
3.807
4.186
5.452
5.285
4.169
4.065
3.936
4.660
3.952
3.796
3.882
4.099
4.462
3.767
4.016
3.761
3.820
3.863
3.983
4.228
4.263
5.233
3.743
4.271
4.452
5.160
4.692
4.590
4.142
4.147
3.769
3.939
4.854
4.105
4.006
5.163
4.353
3.771
4.266
4.424
4.173
4.488
4.159
4.356
3.924
4.558
3.879
3.914
3.917
4.358
4.249
5.248
4.471
3.793
3.781
3.957
4.322
4.227
3.958
4.052
3.895
4.309
3.755
4.487
3.915
4.103
3.922
3.789
4.007
4.321
4.452
3.766
3.756
4.390
4.203
4.908
4.091
3.820
4.553
3.747
3.764
3.841
3.791
3.800
4.021
4.008
3.868
3.925
4.059
4.053
3.974
4.023
5.511
3.773
3.953
3.976
4.111
3.780
3.742
4.373
4.086
3.782
3.841
3.786
3.766
5.671
4.774
3.796
4.258
4.277
3.778
3.992
4.221
3.848
4.301
3.906
3.916
4.018
4.648
3.957
3.845
4.710
4.091
4.357
4.154
4.143
4.005
3.743
4.325
4.817
3.750
4.079
4.060
3.850
3.935
3.800
4.861
4.670
4.177
5.249
4.011
4.777
3.869
4.887
4.233
4.031
3.805
3.867
4.050
4.137
4.244
5.485
3.910
3.780
4.125
5.124
4.461
4.032
4.310
5.944
4.809
3.779
3.768
4.046
4.006
4.387
3.748
4.395
3.919
4.865
3.857
3.894
5.088
4.030
4.250
3.810
5.561
5.411
4.116
3.748
4.823
4.260
3.900
4.845
3.755
4.570
3.983
4.527
3.774
3.804
3.788
3.863
4.016
3.767
5.236
3.807
3.764
4.174
4.336
5.421
3.928
4.260
3.800
4.451
4.162
4.671
4.057
3.840
4.688
4.125
4.322
3.862
3.961
4.349
5.057
3.908
3.782
4.052
4.157
3.988
5.039
4.311
3.803
4.248
3.870
4.286
3.843
3.928
4.143
4.136
4.374
4.168
3.972
4.112
3.805
3.893
3.962
3.869
3.751
5.145
4.262
3.809
4.019
3.755
4.177
4.353
4.914
3.776
4.341
4.260
3.753
3.997
3.767
3.879
4.045
4.345
4.036
3.993
3.775
4.265
3.924
4.094
5.617
3.749
3.824
4.022
3.935
3.878
3.933
3.797
4.285
3.742
3.953
3.877
4.399
3.848
4.239
4.375
3.926
4.005
4.344
3.912
4.699
3.946
4.239
3.883
4.263
3.850
3.979
4.150
4.371
4.431
4.708
3.748
3.948
4.908
4.075
3.796
5.665
5.812
5.006
4.488
3.938
4.141
4.345
4.384
4.126
4.200
4.230
3.808
3.789
4.674
3.761
3.874
4.061
3.956
3.869
4.762
4.704
3.749
4.060
4.616
4.548
3.754
3.997
3.913
3.946
4.622
3.976
4.273
3.945
3.843
3.806
3.970
3.939
4.971
3.774
3.969
3.966
4.241
4.231
3.773
4.543
5.747
4.353
3.884
4.476
3.852
4.418
4.717
4.007
4.002
4.137
3.900
3.862
4.587
4.144
4.210
3.753
3.979
3.984
3.859
3.796
3.994
3.837
4.598
3.778
3.755
3.833
4.306
4.676
3.940
4.378
4.812
3.944
4.667
3.874
3.929
4.347
4.318
3.801
4.195
3.823
4.300
4.308
4.441
3.776
4.723
3.765
4.160
3.967
3.754
3.823
4.826
3.758
4.608
4.095
3.752
3.803
3.942
3.962
4.126
4.547
4.034
4.596
4.344
3.923
3.750
4.115
3.877
3.793
4.157
3.813
4.348
4.551
4.588
4.285
4.326
5.020
4.609
3.825
3.902
4.670
3.766
4.303
4.540
4.101
3.830
4.484
4.367
4.575
3.836
3.856
3.979
4.130
3.920
3.863
3.817
4.255
4.083
3.944
3.799
3.808
3.770
4.241
4.518
3.856
3.808
4.229
4.776
4.672
4.392
3.889
4.731
4.343
3.783
3.843
3.962
3.856
4.126
3.966
3.873
3.831
3.759
3.927
4.402
4.382
3.847
4.516
5.402
4.308
3.811
3.867
3.845
3.771
3.841
4.117
4.323
3.806
4.036
4.224
4.245
3.794
3.967
4.731
3.851
3.762
4.269
4.229
4.934
4.775
3.936
5.984
4.386
3.858
3.994
4.287
4.070
3.871
3.791
4.178
5.004
4.009
3.835
3.760
3.797
4.022
5.644
3.880
3.985
3.796
3.751
4.666
4.421
3.843
3.826
3.742
3.980
4.233
4.034
3.912
3.977
4.086
4.116
3.862
4.457
4.018
4.477
5.333
3.823
3.823
4.543
3.803
4.211
4.602
4.021
4.588
4.171
4.478
4.666
4.047
3.812
4.074
3.748
4.337
4.055
4.369
4.228
3.826
4.083
3.756
4.765
4.296
4.123
3.776
3.867
3.999
4.450
3.945
5.136
4.804
4.009
3.916
3.775
4.160
4.274
3.932
3.987
4.657
4.263
3.759
4.390
3.985
3.917
4.140
4.694
4.664
3.890
3.955
4.300
4.041
3.963
4.504
3.968
4.437
4.836
3.817
4.264
3.933
4.379
4.587
4.218
3.892
3.790
4.601
3.896
4.089
4.187
4.394
4.119
3.752
3.983
4.102
3.753
3.955
3.884
3.741
3.782
4.611
4.353
4.049
5.218
3.744
3.856
4.086
3.787
4.011
4.078
4.114
5.421
4.099
4.149
3.808
4.120
5.026
3.963
4.013
3.982
5.289
3.844
4.025
3.795
5.497
4.414
3.915
4.150
3.986
5.215
3.886
4.718
4.281
4.127
3.989
3.772
5.030
3.995
3.977
3.837
4.316
3.857
3.867
4.907
3.748
3.870
3.820
3.868
4.031
4.177
4.233
3.886
4.109
3.748
4.933
4.003
3.835
4.095
3.933
4.003
4.354
4.578
4.154
4.020
3.839
4.111
3.972
5.064
3.781
4.634
4.519
4.712
4.577
3.824
3.752
3.901
3.976
4.924
3.939
3.978
4.374
3.812
4.571
3.954
3.886
3.815
4.135
3.771
4.127
4.041
4.174
3.885
3.969
4.143
3.811
4.291
4.079
4.318
3.763
3.846
4.148
3.799
3.950
4.870
4.021
4.448
5.163
3.802
4.382
4.115
3.782
3.939
4.284
3.873
3.832
3.929
3.761
4.560
4.140
5.669
4.430
3.951
4.127
4.055
3.808
4.428
5.011
4.688
3.883
4.247
3.983
4.234
4.849
5.025
3.902
3.857
3.984
6.301
3.749
4.138
3.990
3.851
3.749
3.753
4.052
3.897
4.589
3.998
4.630
3.773
5.088
3.825
3.950
4.137
3.772
3.839
3.937
4.319
4.228
4.477
4.458
3.868
3.934
4.423
4.354
3.749
3.775
4.793
3.842
3.974
3.993
3.753
3.910
4.083
4.019
3.910
4.182
4.106
3.876
4.528
4.731
4.168
3.812
3.796
3.831
4.513
3.798
4.727
4.010
4.286
5.557
4.406
3.827
4.778
3.871
4.373
3.995
4.426
3.796
3.915
3.925
4.142
3.919
4.338
3.899
4.367
4.397
4.069
4.102
3.772
3.994
4.098
3.836
3.801
5.514
4.260
4.483
4.346
4.033
4.090
3.854
4.280
3.885
3.947
3.865
4.047
3.918
3.938
4.102
3.938
4.388
4.210
4.021
4.781
5.097
4.565
4.261
4.642
4.042
3.769
4.623
3.761
4.340
4.182
4.194
3.805
3.794
3.855
3.982
3.958
3.978
3.964
4.772
4.347
4.053
3.758
4.148
5.116
4.304
3.747
4.340
4.083
4.517
3.785
4.229
4.262
3.933
3.804
4.094
3.882
3.825
4.234
3.953
3.967
3.751
3.853
3.903
3.873
4.137
4.125
4.321
4.091
4.368
4.045
3.783
3.755
3.922
3.765
4.311
3.828
4.204
4.402
4.308
4.299
3.859
4.504
5.167
4.616
5.081
3.877
3.962
3.803
4.418
4.496
3.798
4.994
3.809
3.807
3.836
4.002
3.931
3.830
3.771
3.898
3.881
4.443
5.609
3.957
3.747
3.956
4.124
4.469
3.805
3.833
4.586
4.286
4.416
4.438
3.778
4.818
3.765
3.762
4.131
3.768
3.924
4.956
4.013
4.207
3.980
3.801
3.741
3.990
4.910
3.942
4.145
4.329
3.878
4.111
5.399
3.818
4.186
3.897
3.822
4.298
3.951
4.106
3.832
3.857
3.833
3.748
4.491
3.801
4.085
3.879
3.747
4.468
4.342
3.844
3.922
4.027
3.880
5.281
3.787
3.753
5.097
4.201
5.971
4.009
4.204
3.891
4.205
4.036
4.129
3.743
3.795
4.087
4.012
4.177
3.951
4.397
3.801
4.156
3.801
3.926
4.286
3.800
3.966
3.849
3.862
4.465
4.131
3.959
3.951
4.808
5.768
3.940
4.066
4.527
3.908
3.790
4.214
3.769
3.800
4.840
4.041
3.880
4.393
3.805
3.820
3.916
4.224
3.840
4.298
3.905
3.857
3.939
4.603
3.994
3.749
4.576
4.420
5.173
4.602
4.617
4.076
4.170
4.890
4.037
4.378
3.857
4.271
3.807
4.748
4.123
3.925
3.851
3.827
4.012
4.100
4.000
4.306
3.887
3.938
3.934
4.152
3.857
4.083
3.808
3.936
3.959
3.977
3.957
4.210
5.517
4.633
3.836
3.980
3.966
4.318
3.972
3.802
4.296
4.758
3.808
3.967
3.845
3.763
3.797
3.756
3.871
4.414
4.452
4.056
4.224
4.455
4.335
4.051
3.922
3.930
3.987
3.842
4.075
3.817
3.966
4.982
4.141
3.854
3.959
4.094
3.912
3.832
3.787
3.952
4.258
4.149
4.986
3.877
4.236
3.934
3.871
3.965
4.738
3.884
3.812
3.890
3.935
3.880
4.329
3.779
4.073
4.839
3.982
3.833
4.753
3.861
4.132
4.871
3.986
4.612
4.297
3.930
4.872
5.904
3.951
3.995
3.914
3.951
3.834
3.778
4.417
3.751
4.403
4.079
3.793
4.907
4.705
3.929
3.923
4.240
3.939
3.843
3.897
3.948
3.809
5.309
3.758
3.988
5.101
4.115
4.143
4.111
5.048
3.760
4.398
3.746
4.288
3.843
3.788
3.750
4.453
4.991
3.842
4.456
5.167
3.765
3.917
3.870
4.052
4.388
3.743
3.844
3.980
3.771
4.008
5.231
3.889
4.881
4.402
3.794
4.083
3.895
3.887
3.807
3.770
3.933
3.878
4.791
4.512
4.541
4.684
4.278
5.091
4.103
3.825
3.883
4.154
3.796
3.880
3.818
4.125
4.574
4.139
4.542
4.633
3.774
3.935
4.917
3.786
4.113
3.766
3.879
3.895
4.772
4.039
4.055
5.109
4.373
3.896
3.877
6.120
4.048
5.136
3.816
4.341
3.832
3.809
5.238
3.805
3.967
4.235
3.781
4.364
4.507
3.809
4.048
4.801
4.469
4.531
4.001
4.091
3.887
3.941
3.758
5.179
4.649
5.701
4.640
3.775
3.863
4.085
4.126
4.156
3.901
3.994
3.752
3.921
4.157
3.994
4.007
4.656
3.893
3.799
3.979
4.040
3.767
4.905
3.992
3.801
3.897
3.814
4.187
3.835
4.319
4.158
5.126
3.951
3.970
3.990
3.907
3.784
3.783
4.315
4.962
3.761
3.825
4.046
4.019
3.796
3.884
4.050
3.883
3.892
3.786
4.162
4.357
4.296
3.793
3.884
5.506
3.926
4.017
4.312
5.084
3.993
4.049
4.515
3.843
3.871
3.963
3.814
3.950
3.771
4.264
3.778
4.662
3.801
3.846
4.548
3.904
3.956
3.945
4.310
4.211
4.423
4.649
3.941
4.389
4.181
4.190
4.857
3.814
4.682
4.262
4.735
4.495
3.936
3.804
4.189
3.820
4.895
4.339
4.028
4.098
4.744
3.793
4.270
4.179
4.041
4.016
3.807
3.922
3.765
4.921
3.804
3.978
4.301
4.552
4.747
3.917
4.022
5.570
4.180
4.337
3.811
4.448
3.772
3.758
3.837
4.403
3.784
3.887
4.484
4.202
3.758
3.930
4.186
4.195
3.913
5.786
3.849
3.759
4.002
4.106
4.501
4.471
4.098
4.921
4.285
3.769
4.038
3.806
3.897
4.316
3.981
3.897
4.409
4.565
4.290
3.998
4.234
3.867
3.766
4.141
4.194
3.868
3.954
4.215
5.017
3.945
4.480
5.240
3.818
4.164
4.030
3.983
4.384
3.898
4.317
3.822
3.956
3.804
4.207
3.854
4.629
4.952
3.795
4.457
3.948
3.860
3.759
3.884
3.906
3.773
4.629
3.909
3.852
3.764
4.293
4.887
4.815
3.852
3.926
3.795
3.783
4.076
3.827
4.066
3.848
4.656
5.116
3.967
4.088
3.797
3.966
4.570
3.898
3.895
4.007
3.754
4.398
3.939
4.352
4.496
4.804
3.803
4.155
3.764
3.771
3.830
4.084
3.881
5.883
4.503
4.721
3.966
3.770
4.348
3.989
5.025
4.197
3.947
3.829
3.966
4.639
4.088
4.610
3.970
3.774
5.705
3.787
3.929
4.140
3.808
5.648
4.233
4.076
4.548
3.981
3.753
3.741
5.040
4.160
4.561
4.255
4.283
4.023
3.761
4.208
4.078
3.825
4.346
4.207
4.255
3.791
3.754
4.309
3.831
3.934
3.924
4.138
3.787
6.364
4.146
3.755
4.137
3.820
4.071
4.331
4.129
4.239
4.215
4.701
3.858
3.754
4.014
4.072
3.806
3.910
3.951
4.226
3.893
6.114
3.915
4.191
4.793
4.214
4.883
3.819
4.083
4.099
4.116
3.941
3.799
4.053
4.699
3.847
4.181
3.842
3.785
4.136
4.000
3.901
3.977
4.079
3.892
4.250
4.445
4.609
3.990
4.016
4.091
4.230
4.472
3.838
3.776
4.025
3.754
3.831
3.831
4.916
3.780
3.963
4.362
4.023
4.633
4.128
4.523
4.376
4.058
4.364
3.767
5.807
4.186
4.810
3.993
4.069
4.836
3.751
4.521
3.765
3.853
3.778
4.136
4.124
4.078
4.407
4.352
3.802
4.000
3.995
3.882
4.151
4.260
4.218
3.782
3.858
4.171
3.814
3.966
4.323
4.136
4.512
3.922
4.901
4.661
3.792
4.222
4.087
3.871
3.945
5.009
3.755
3.976
3.969
4.372
3.882
3.913
3.878
4.089
3.966
3.781
4.274
3.802
4.812
4.114
4.390
3.882
4.475
4.269
3.768
3.972
3.863
4.290
3.818
4.149
3.758
3.798
4.851
4.009
4.202
4.338
3.838
3.803
3.742
3.835
4.152
3.960
4.522
4.177
4.256
4.006
4.715
3.998
4.151
3.771
4.798
3.970
3.950
4.801
4.439
4.244
3.771
4.731
5.159
3.841
4.231
3.775
3.803
4.022
3.919
4.550
5.476
3.781
3.967
3.791
4.324
3.895
4.076
4.381
4.092
3.750
4.408
3.773
4.052
4.385
4.359
3.810
4.081
4.037
3.891
3.966
5.133
4.502
3.833
4.267
3.910
4.104
3.817
3.779
4.578
3.784
3.759
4.532
3.820
5.699
4.643
4.509
3.772
4.240
4.386
3.820
6.127
3.781
3.816
4.596
4.178
5.735
4.166
3.837
5.059
3.827
4.421
4.328
3.811
3.748
3.963
3.988
4.515
3.893
3.936
3.982
5.945
3.992
3.866
3.850
4.237
3.880
4.421
4.228
4.230
5.258
4.272
3.942
3.845
3.956
4.157
4.089
3.946
4.394
3.918
4.326
4.455
3.924
4.328
3.852
4.556
3.811
4.379
4.200
4.628
3.762
4.120
4.045
3.932
4.455
3.934
4.254
3.885
3.965
3.978
3.823
3.869
3.850
4.560
3.951
4.256
4.176
4.838
3.791
4.659
4.053
3.804
3.954
3.837
4.323
3.804
3.780
3.870
4.095
4.051
3.742
4.617
3.857
4.385
3.805
4.143
4.381
4.662
4.049
5.932
5.686
4.312
4.146
3.810
4.153
3.930
3.915
3.777
4.478
3.762
3.815
3.948
4.621
3.816
4.064
4.642
4.187
4.180
4.202
3.763
4.125
3.866
3.775
3.837
4.631
4.373
3.855
4.050
4.118
4.691
5.787
4.285
4.290
3.820
4.105
3.884
4.013
4.116
4.228
4.907
4.624
3.903
4.276
4.019
3.966
3.785
3.763
3.759
4.172
3.968
4.003
4.131
3.956
4.077
4.392
4.569
3.806
4.861
4.234
4.901
4.044
4.061
3.920
3.998
3.839
3.759
5.124
5.083
4.845
3.806
4.056
4.132
3.900
3.877
4.193
4.394
4.808
4.822
3.973
3.896
3.794
4.078
3.954
4.258
5.566
3.965
4.021
3.804
4.910
4.758
4.547
3.756
3.771
4.070
4.626
5.277
4.006
4.325
4.154
3.796
4.691
3.757
4.622
4.121
4.546
4.201
3.771
4.400
4.088
3.953
4.040
3.775
4.749
4.384
3.997
4.064
4.143
3.955
3.992
3.879
3.760
3.820
3.876
3.813
3.891
3.898
4.034
4.407
4.213
4.675
3.949
4.554
4.501
3.900
3.761
3.920
4.254
4.453
4.109
4.083
3.778
4.504
3.770
4.780
4.614
4.072
4.139
4.754
4.590
3.831
4.700
4.108
3.764
3.752
3.762
3.751
3.858
3.989
4.125
4.163
4.501
4.205
3.888
3.940
3.802
4.939
3.887
4.521
3.877
4.680
4.117
3.798
3.847
4.642
3.823
3.779
3.851
3.799
4.053
5.246
4.729
3.835
3.956
4.028
3.802
3.751
4.136
3.906
4.251
4.092
4.785
3.797
4.064
4.020
4.713
4.220
4.019
4.501
3.773
3.801
4.049
4.390
3.815
3.782
4.878
3.742
5.036
3.742
4.238
3.806
3.898
3.972
3.885
4.132
3.785
4.910
3.863
3.916
3.996
3.939
4.045
3.743
3.775
3.811
3.851
4.163
4.184
4.106
4.643
3.931
3.813
4.116
4.030
3.991
3.799
4.253
4.139
4.161
3.750
5.195
5.389
3.866
4.214
4.510
3.861
3.810
4.402
3.750
4.122
4.365
3.940
4.613
3.829
4.033
4.802
5.090
3.966
3.884
4.316
4.133
3.867
3.841
4.836
3.786
3.795
3.888
3.988
3.748
3.795
4.568
5.135
3.789
3.770
4.078
4.927
4.065
4.498
3.750
4.079
3.794
4.540
3.756
4.369
4.902
4.761
3.886
3.885
3.932
3.873
3.775
4.666
4.090
3.836
4.241
3.759
4.178
3.911
3.877
3.950
3.958
3.767
5.133
3.868
4.418
3.749
3.786
4.319
3.904
3.886
4.050
4.372
5.316
3.751
4.933
3.795
4.465
4.748
3.918
5.260
4.395
3.821
3.745
4.452
3.912
4.450
6.311
4.896
4.022
5.448
4.053
4.154
3.851
4.088
3.904
3.811
4.831
4.261
4.090
3.783
4.159
3.792
4.032
3.747
4.278
3.894
3.815
3.740
3.922
4.584
3.901
3.969
3.843
3.823
4.093
3.886
4.103
4.311
4.311
4.037
4.250
3.939
3.852
3.955
3.944
3.958
4.424
4.068
3.990
4.783
3.770
4.703
3.773
4.014
4.084
3.791
5.000
3.767
4.076
3.744
3.827
4.101
3.859
3.975
4.018
3.886
4.032
4.120
3.799
3.885
3.993
4.688
5.747
3.799
5.006
3.823
4.153
4.584
3.883
3.807
4.532
4.073
4.078
3.958
4.386
4.425
4.235
4.019
4.475
4.293
3.801
3.770
3.747
4.307
4.034
5.495
4.278
5.006
4.122
3.920
4.402
4.181
4.223
4.030
4.434
3.903
3.867
3.991
4.206
3.913
3.884
4.861
4.593
3.810
4.162
3.823
4.156
4.266
4.767
4.606
3.949
4.348
3.954
4.630
3.780
4.030
4.157
4.580
4.571
4.407
3.822
3.930
5.056
3.958
3.882
4.038
4.252
4.331
4.554
4.299
3.825
4.584
4.546
4.153
4.612
4.059
3.963
3.915
3.775
3.943
3.979
3.834
4.595
4.015
4.498
4.202
4.257
4.002
3.957
3.973
4.205
4.900
3.910
4.988
4.167
3.867
3.767
5.010
3.743
3.911
5.466
4.038
4.090
3.789
3.898
3.920
6.025
4.044
4.144
3.776
4.210
4.428
4.889
4.240
4.364
4.229
3.807
3.875
3.786
4.556
4.483
4.727
4.323
4.102
4.413
4.176
4.118
4.066
4.338
4.292
4.165
4.071
4.305
3.779
4.525
4.470
4.426
4.275
3.873
3.903
4.525
3.947
3.828
3.997
4.644
4.823
4.133
5.393
4.112
4.396
4.360
3.824
5.261
4.097
4.657
3.907
3.854
4.103
3.810
3.938
4.704
3.740
3.795
4.407
3.904
4.447
3.894
4.664
4.035
4.221
5.081
3.931
3.840
3.791
3.839
3.781
4.297
3.950
3.920
4.571
3.976
3.952
3.982
5.589
4.046
3.768
4.148
3.784
4.272
5.698
3.917
3.799
3.978
4.006
4.006
5.488
4.177
3.966
3.881
4.063
3.907
3.789
6.079
6.004
4.993
3.742
3.873
3.891
3.938
3.984
4.009
3.750
3.896
4.223
4.135
4.052
3.761
3.772
3.769
4.091
4.172
4.376
3.983
4.518
3.753
4.815
4.051
4.841
4.620
3.959
4.066
4.124
4.076
4.510
4.124
4.198
4.358
4.500
5.200
5.045
3.758
5.128
3.962
4.807
3.912
4.091
4.350
3.921
4.133
3.989
3.767
4.442
4.623
4.291
4.030
5.753
4.000
3.774
4.025
3.936
3.842
4.098
3.966
4.169
4.063
4.301
4.387
3.890
4.266
3.915
3.868
3.861
3.961
3.840
5.157
4.154
3.917
3.858
4.083
3.819
3.882
4.184
4.107
4.443
3.950
3.868
4.145
3.980
4.093
4.175
3.931
4.181
3.999
4.419
4.146
4.152
3.781
4.037
3.906
4.345
3.844
4.359
4.082
4.074
4.434
3.741
4.256
3.811
3.741
3.766
4.055
3.769
3.749
3.825
3.774
3.979
3.856
3.862
4.064
4.261
3.958
4.050
3.950
5.000
4.122
4.356
4.092
4.150
3.942
3.847
4.905
4.739
4.311
4.137
3.965
4.649
3.824
3.754
3.793
3.932
4.241
4.126
4.472
3.973
4.387
4.054
4.594
4.226
3.927
3.834
3.968
4.764
3.975
4.544
4.879
4.067
5.385
3.849
4.005
4.603
5.456
4.275
4.000
4.012
3.998
4.425
3.797
4.896
3.853
4.241
4.259
4.255
3.822
4.251
3.840
3.928
4.031
4.480
3.796
4.267
3.830
3.752
3.832
4.559
3.920
3.756
3.961
3.839
5.500
3.832
3.810
3.780
3.823
4.085
3.926
4.623
4.323
4.061
4.157
3.790
4.544
5.806
4.244
3.857
3.831
3.870
4.014
4.338
4.711
3.769
3.886
3.986
4.383
4.000
4.453
4.039
3.942
3.880
4.860
4.245
3.804
4.053
4.900
4.054
3.752
3.793
4.925
3.780
4.019
3.996
3.915
4.144
3.851
3.740
3.938
3.749
3.914
4.060
4.226
3.926
4.033
4.363
3.991
4.254
3.809
3.988
3.891
3.767
3.996
4.809
3.842
4.090
4.818
3.981
3.996
4.335
5.628
4.809
3.923
3.774
3.900
3.782
3.767
4.151
3.754
3.766
3.826
3.806
4.945
3.920
4.339
4.157
3.846
3.751
4.038
4.285
4.810
4.539
4.059
3.805
4.092
6.154
4.147
4.163
4.156
4.242
4.492
3.742
4.563
4.128
3.829
4.087
4.022
3.833
3.984
3.848
4.188
5.438
3.755
3.989
4.272
3.757
4.167
4.087
3.770
3.745
4.816
4.250
3.910
3.769
3.957
4.282
3.993
3.916
4.473
4.648
4.407
3.865
4.556
4.022
4.220
3.945
4.598
4.132
4.606
3.927
4.503
4.093
3.974
4.618
4.028
4.002
4.199
5.200
3.841
3.810
4.006
4.016
4.025
4.922
4.154
4.883
3.832
4.029
3.968
3.948
4.917
4.188
4.061
3.876
3.959
3.924
4.115
4.030
4.029
4.095
3.824
4.813
3.920
4.251
4.230
4.400
4.593
3.795
3.924
4.830
3.742
4.011
4.418
3.779
3.975
3.914
4.059
4.162
4.336
3.961
3.846
3.800
4.800
3.862
3.774
4.022
4.103
4.167
3.743
4.211
3.855
3.924
4.307
4.078
3.757
3.902
4.254
4.517
4.178
4.290
3.917
3.843
4.844
3.849
4.006
4.462
5.193
4.075
4.263
4.782
3.820
4.305
4.015
3.896
3.900
3.895
3.992
3.913
3.819
3.807
3.819
3.801
4.029
4.216
4.694
4.165
3.880
5.367
4.297
3.841
3.875
3.820
4.104
3.759
3.787
3.881
4.107
4.626
4.474
4.395
4.260
4.433
3.930
4.149
3.853
4.953
3.859
3.787
4.012
4.380
4.526
5.186
4.852
4.362
4.031
3.999
3.778
4.495
3.982
3.923
3.827
4.078
3.810
5.200
4.707
4.947
4.418
4.100
4.651
3.880
4.599
4.219
4.205
4.099
4.013
4.506
4.536
4.163
5.117
4.221
3.818
3.863
3.967
4.408
3.972
4.562
3.941
4.461
3.774
3.874
4.661
3.896
3.776
3.776
4.316
4.092
4.655
4.037
4.345
3.992
3.982
3.756
4.023
3.752
3.934
4.070
3.766
4.105
3.769
4.251
3.921
3.849
4.669
3.917
3.871
4.228
4.377
4.121
3.756
3.816
3.834
4.736
4.194
4.095
4.574
4.074
4.875
5.197
4.246
4.056
5.421
3.979
4.350
4.226
4.138
4.650
3.999
4.240
3.998
3.829
3.958
4.074
3.847
3.799
4.552
4.174
3.924
3.760
4.052
3.789
3.781
3.922
3.874
4.158
4.867
3.822
3.798
3.811
3.782
3.876
4.181
3.891
3.851
3.964
4.099
4.321
4.136
4.178
3.826
3.923
3.750
4.119
3.754
3.791
3.741
4.892
3.860
3.744
4.256
4.099
4.638
4.183
4.246
3.919
3.826
4.298
4.225
4.733
4.871
4.100
3.863
3.911
4.004
4.103
3.748
3.807
4.496
3.749
3.744
3.769
3.857
3.770
3.772
4.095
3.922
4.064
4.133
4.016
3.919
3.963
3.877
4.495
4.093
3.775
3.983
4.327
3.767
3.832
3.872
4.467
3.833
4.055
3.949
4.470
4.147
3.761
4.484
3.829
3.790
3.757
4.140
3.801
3.808
4.001
4.853
4.065
4.023
3.855
3.835
3.776
3.839
4.325
4.003
4.251
3.850
4.288
3.745
4.252
4.237
4.836
4.031
3.999
4.022
4.185
4.059
3.779
3.862
4.493
4.307
4.073
3.909
3.837
4.640
3.797
4.367
4.945
3.900
3.807
3.775
3.980
4.821
4.191
4.397
3.767
4.044
4.582
3.818
3.817
3.820
4.301
4.653
4.612
3.825
4.310
4.687
4.410
4.152
3.985
4.239
4.460
4.156
4.314
4.138
4.009
4.132
3.769
4.384
3.834
3.775
4.069
4.131
4.195
3.849
4.180
4.045
4.466
3.898
4.459
4.054
3.791
6.072
4.147
4.083
4.257
4.424
4.373
3.766
4.263
4.155
4.199
4.396
3.936
5.226
3.757
3.815
3.826
3.757
3.819
3.868
3.773
3.878
4.502
3.748
4.617
4.247
4.298
4.268
4.580
3.971
3.878
4.207
4.650
4.010
4.489
3.903
3.850
4.312
4.758
3.928
3.958
4.006
4.221
4.321
4.129
3.785
6.131
3.914
3.890
4.578
4.439
4.173
3.796
4.143
3.761
4.338
4.704
4.079
4.441
4.094
4.129
3.874
4.778
3.917
4.495
3.823
4.157
4.015
4.558
3.764
4.295
3.782
4.044
4.011
4.060
4.417
4.015
3.995
3.751
3.815
4.080
4.067
4.439
4.015
4.199
4.114
4.037
4.458
4.282
5.070
4.182
3.980
3.762
3.746
3.942
4.800
4.133
3.981
5.370
4.390
4.604
4.009
4.049
3.887
4.229
4.114
3.225
-1.000
-1.000
-1.000
-1.000
-1.000
-1.000
-1.000
-1.000
-1.000
-1.000
-1.000
-1.000
-1.000
3.702
-1.000
-1.000
-1.000
-1.000
3.359
4.329
3.028
4.288
3.961
3.662
2.619
-1.000
3.916
-1.000
4.244
3.770
4.145
-1.000
4.368
3.782
3.366
-1.000
-1.000
-1.000
4.137
-1.000
-1.000
4.297
3.353
3.618
3.906
4.198
3.600
4.164
3.577
4.727
4.074
3.741
3.840
3.903
4.497
4.500
4.062
3.823
3.696
4.865
4.022
3.647
3.909
4.611
4.664
3.913
3.914
4.415
4.204
3.417
4.444
3.593
3.648
4.594
4.571
4.203
4.423
3.439
3.605
3.393
4.379
3.950
3.708
3.616
4.666
4.288
3.648
4.027
3.907
4.714
3.911
4.461
3.549
3.761
3.779
4.513
4.064
3.614
3.916
4.353
3.783
4.282
4.883
3.704
3.592
3.741
-1.000
3.967
3.682
-1.000
4.105
4.133
3.864
-1.000
-1.000
-1.000
-1.000
-1.000
-1.000
-1.000
-1.000
-1.000
-1.000
-1.000
-1.000
-1.000
-1.000
-1.000
-1.000
-1.000
3.521
3.890
3.449
3.302
4.164
3.978
3.541
-1.000
3.491
-1.000
3.606
3.980
-1.000
-1.000
-1.000
-1.000
-1.000
-1.000
-1.000
-1.000
-1.000
-1.000
-1.000
-1.000
-1.000
-1.000
-1.000
-1.000
-1.000
-1.000
-1.000
-1.000
-1.000
-1.000
-1.000
-1.000
3.591
-1.000
-1.000
-1.000
-1.000
-1.000
-1.000
-1.000
-1.000
-1.000
-1.000
-1.000
-1.000
-1.000
-1.000
-1.000
-1.000
-1.000
-1.000
-1.000
-1.000
-1.000
-1.000
-1.000
-1.000
-1.000
-1.000
-1.000
-1.000
-1.000
-1.000
3.894
2.902
3.535
3.671
-1.000
-1.000
3.856
2.901
3.833
-1.000
3.232
-1.000
-1.000
-1.000
-1.000
-1.000
3.654
-1.000
-1.000
-1.000
-1.000
3.366
3.777
3.884
3.900
-1.000
3.954
3.808
-1.000
-1.000
-1.000
-1.000
-1.000
-1.000
-1.000
-1.000
2.581
-1.000
-1.000
-1.000
3.253
3.876
2.490
-1.000
-1.000
-1.000
-1.000
3.497
3.647
4.051
3.679
3.373
3.522
4.164
3.772
3.996
4.257
3.965
4.476
3.037
4.384
3.954
4.077
-1.000
4.529
3.437
3.995
4.106
4.773
4.558
3.726
3.687
-1.000
-1.000
-1.000
4.435
3.763
3.451
3.717
-1.000
3.001
3.388
2.828
3.800
-1.000
-1.000
-1.000
-1.000
3.760
-1.000
3.907
-1.000
-1.000
-1.000
-1.000
-1.000
-1.000
-1.000
-1.000
-1.000
3.525
-1.000
-1.000
-1.000
-1.000
-1.000
-1.000
3.334
-1.000
-1.000
-1.000
-1.000
-1.000
-1.000
3.273
4.055
-1.000
4.005
-1.000
-1.000
3.663
-1.000
4.229
-1.000
2.764
3.935
3.830
4.038
4.353
-1.000
-1.000
-1.000
-1.000
3.988
2.614
-1.000
-1.000
-1.000
-1.000
-1.000
-1.000
4.877
-1.000
-1.000
-1.000
3.634
-1.000
-1.000
-1.000
-1.000
4.695
-1.000
-1.000
-1.000
-1.000
-1.000
-1.000
-1.000
-1.000
-1.000
-1.000
-1.000
-1.000
-1.000
-1.000
-1.000
-1.000
-1.000
-1.000
-1.000
-1.000
4.700
4.154
-1.000
4.337
-1.000
4.292
3.492
3.549
4.524
3.437
3.689
3.736
3.292
4.577
3.886
4.127
-1.000
-1.000
3.673
-1.000
4.672
4.291
3.750
3.627
3.778
-1.000
3.946
4.941
3.645
3.486
3.553
3.605
3.004
3.925
4.698
4.187
4.219
4.054
3.657
4.153
3.745
-1.000
-1.000
-1.000
-1.000
-1.000
4.556
3.834
-1.000
2.559
4.210
2.347
3.395
3.869
-1.000
-1.000
4.698
-1.000
-1.000
4.529
-1.000
-1.000
-1.000
3.485
-1.000
-1.000
-1.000
-1.000
-1.000
-1.000
-1.000
-1.000
4.713
-1.000
3.878
2.954
-1.000
4.925
4.066
-1.000
-1.000
-1.000
4.456
-1.000
-1.000
3.696
3.768
-1.000
-1.000
-1.000
-1.000
-1.000
-1.000
-1.000
-1.000
-1.000
-1.000
-1.000
-1.000
-1.000
-1.000
-1.000
-1.000
-1.000
-1.000
-1.000
-1.000
-1.000
-1.000
-1.000
-1.000
-1.000
-1.000
-1.000
-1.000
-1.000
-1.000
-1.000
-1.000
-1.000
-1.000
-1.000
-1.000
-1.000
-1.000
-1.000
-1.000
-1.000
-1.000
-1.000
-1.000
-1.000
-1.000
-1.000
-1.000
-1.000
-1.000
-1.000
-1.000
-1.000
-1.000
-1.000
-1.000
-1.000
-1.000
-1.000
-1.000
-1.000
-1.000
-1.000
-1.000
-1.000
-1.000
-1.000
-1.000
4.914
3.268
3.326
3.156
4.045
3.585
3.945
3.483
3.704
4.361
3.642
4.362
3.384
3.848
4.766
5.218
3.744
4.198
3.627
3.650
4.503
3.488
4.829
3.967
3.603
4.223
4.169
3.620
3.491
3.864
3.599
3.773
4.328
3.389
3.623
3.674
3.437
3.511
4.036
3.404
3.236
4.260
4.082
5.192
5.503
3.476
3.995
3.284
3.805
3.735
3.903
3.939
3.891
3.669
3.812
4.022
4.055
3.675
4.196
3.705
3.611
4.688
4.668
3.621
4.406
4.605
3.454
3.969
4.437
4.744
4.023
3.479
3.600
3.543
3.460
4.196
3.193
3.601
3.533
3.798
3.649
3.492
3.548
3.799
3.536
4.000
3.715
3.796
4.737
-1.000
3.806
5.258
-1.000
-1.000
4.399
3.261
4.298
5.059
3.876
-1.000
4.988
3.467
3.315
3.047
4.046
3.750
3.844
4.957
4.652
5.028
3.326
4.312
3.401
3.487
3.599
4.021
3.454
3.671
3.891
3.331
3.510
3.560
4.078
3.982
4.110
3.983
4.093
3.805
3.522
3.490
3.651
2.886
3.969
4.032
5.159
5.130
3.927
3.804
4.481
4.447
4.975
4.029
3.887
3.876
3.437
3.684
3.878
5.420
3.746
4.310
3.648
3.550
3.983
5.211
4.097
4.064
3.506
4.069
4.519
4.153
3.980
3.216
5.108
3.506
3.948
3.819
3.383
3.984
3.212
3.405
3.560
3.770
3.881
4.205
3.679
3.929
4.576
4.851
3.740
3.459
4.852
4.100
3.678
3.427
3.564
4.002
3.691
4.203
3.670
3.582
4.091
3.666
3.660
3.916
5.323
3.419
4.230
4.028
3.807
5.023
3.893
3.610
3.742
3.886
3.506
3.748
3.559
4.201
3.823
3.944
3.721
4.348
4.150
4.236
3.934
4.124
3.828
3.455
3.518
4.064
4.131
3.646
3.895
4.187
4.126
4.934
4.657
4.139
4.977
4.911
4.346
3.554
3.734
4.371
4.335
4.007
3.328
4.578
4.948
3.715
3.696
3.892
3.224
4.177
3.722
3.653
4.502
4.223
4.539
3.641
4.041
3.517
3.782
5.225
4.513
3.949
3.672
4.378
3.904
4.102
3.706
3.988
4.338
3.707
3.748
4.120
3.756
3.716
3.871
4.845
3.900
3.949
3.936
4.919
3.718
3.852
3.640
3.788
3.719
3.798
3.900
4.465
3.818
3.818
5.465
3.803
4.300
4.445
4.861
4.070
4.027
3.972
3.747
4.114
3.569
3.942
3.759
3.913
3.646
4.317
4.346
3.675
4.292
3.832
4.183
4.221
3.948
3.849
3.517
4.112
4.784
4.160
-1.000
-1.000
3.712
3.638
4.382
3.826
3.710
4.639
3.637
3.779
3.907
4.089
3.564
3.570
3.823
3.767
3.810
3.967
3.617
3.687
3.562
3.847
4.036
-1.000
4.011
3.610
4.794
-1.000
3.930
3.583
3.690
4.320
4.159
3.860
4.789
3.661
4.454
-1.000
3.902
3.474
4.100
3.722
3.774
3.975
4.042
4.060
3.667
4.985
3.772
3.824
3.847
3.957
-1.000
-1.000
-1.000
-1.000
-1.000
-1.000
-1.000
-1.000
-1.000
-1.000
5.444
4.699
3.989
3.921
4.514
3.786
3.979
3.923
5.129
4.049
4.021
3.865
4.365
4.144
4.563
3.900
4.470
3.806
3.816
3.666
4.478
3.622
3.720
3.896
3.858
4.734
3.646
5.041
4.871
4.045
4.567
3.816
3.979
5.171
3.775
3.665
4.251
3.868
5.436
3.704
3.841
4.776
3.724
3.683
3.870
3.955
3.907
4.153
4.119
4.197
4.222
5.047
3.838
4.807
4.771
3.789
3.734
5.167
3.632
4.424
3.850
3.752
4.100
4.065
3.634
3.999
4.218
4.664
3.908
3.874
4.138
3.730
3.799
5.237
3.767
5.545
4.270
3.813
4.675
4.140
3.849
3.786
4.067
3.946
3.844
4.139
4.160
3.854
4.813
3.985
3.772
3.712
4.099
4.922
4.334
3.743
4.013
3.719
5.285
3.884
4.354
3.952
3.767
4.144
3.870
3.824
3.680
5.192
3.763
4.220
4.021
4.383
3.741
3.770
4.198
3.855
3.966
3.982
3.900
3.728
3.769
3.864
3.876
4.789
4.015
3.877
3.786
3.830
3.837
3.745
3.819
3.773
3.952
4.279
3.908
4.253
4.024
3.864
3.932
4.164
4.082
3.760
3.774
4.568
4.663
3.817
3.727
3.826
4.177
3.676
4.732
3.877
3.910
4.079
3.800
-1.000
-1.000
-1.000
-1.000
-1.000
-1.000
-1.000
-1.000
-1.000
4.374
-1.000
4.220
3.168
4.392
-1.000
-1.000
3.746
-1.000
3.168
-1.000
3.826
3.735
3.763
3.988
3.790
3.951
3.708
-1.000
3.551
-1.000
3.516
-1.000
-1.000
-1.000
-1.000
3.678
4.084
-1.000
3.661
3.355
3.332
3.037
4.022
-1.000
-1.000
-1.000
3.452
-1.000
-1.000
-1.000
-1.000
-1.000
-1.000
-1.000
-1.000
-1.000
3.400
-1.000
-1.000
2.688
3.308
3.929
4.049
4.020
3.299
-1.000
3.989
4.040
4.122
-1.000
4.037
4.335
3.666
4.087
3.442
4.308
3.744
3.780
4.021
-1.000
-1.000
-1.000
-1.000
-1.000
3.873
-1.000
-1.000
4.079
-1.000
4.041
3.838
3.952
-1.000
-1.000
-1.000
-1.000
-1.000
-1.000
3.787
3.857
4.202
3.912
3.212
3.934
3.836
3.162
-1.000
-1.000
3.072
3.837
4.160
-1.000
4.188
3.744
-1.000
4.137
4.163
-1.000
-1.000
3.312
4.164
-1.000
-1.000
-1.000
-1.000
-1.000
-1.000
-1.000
4.326
4.158
3.271
-1.000
4.002
3.921
3.883
-1.000
-1.000
4.306
4.059
3.926
3.726
3.797
3.648
4.121
3.634
3.776
3.571
3.802
4.225
3.670
4.060
4.287
4.001
3.761
4.410
3.395
3.816
4.140
-1.000
3.714
-1.000
3.743
-1.000
-1.000
3.724
4.063
3.679
3.903
-1.000
-1.000
4.151
3.338
3.427
4.062
3.824
-1.000
3.380
-1.000
3.384
2.953
3.542
3.676
-1.000
-1.000
3.050
-1.000
-1.000
4.036
4.060
-1.000
4.079
-1.000
-1.000
3.639
-1.000
3.290
-1.000
3.856
3.944
-1.000
-1.000
-1.000
3.952
3.455
3.260
-1.000
-1.000
-1.000
-1.000
-1.000
-1.000
-1.000
3.312
-1.000
3.572
4.636
-1.000
-1.000
-1.000
-1.000
-1.000
-1.000
-1.000
4.411
4.310
2.411
4.362
-1.000
2.535
3.450
-1.000
3.939
3.622
-1.000
-1.000
-1.000
-1.000
-1.000
-1.000
-1.000
-1.000
-1.000
-1.000
4.294
4.321
3.810
2.611
3.770
-1.000
-1.000
4.555
3.971
3.576
4.029
-1.000
-1.000
-1.000
3.754
4.322
3.643
3.387
3.737
4.894
3.969
3.585
-1.000
-1.000
3.094
4.217
3.751
3.873
-1.000
3.938
4.079
3.802
-1.000
3.895
4.583
3.723
4.200
3.655
3.621
4.415
3.616
3.796
3.673
4.112
3.433
4.696
3.903
3.592
3.806
3.606
-1.000
3.389
3.707
3.889
3.852
4.408
3.433
3.516
3.557
4.590
3.733
3.825
3.564
3.769
3.693
4.111
4.490
3.599
3.983
3.941
3.922
5.021
4.623
4.122
3.540
4.307
4.673
3.443
3.678
3.855
3.626
4.689
3.569
3.436
3.501
4.910
3.632
3.485
3.451
3.539
3.836
4.054
4.115
4.369
4.785
5.027
4.059
3.774
-1.000
-1.000
-1.000
4.063
3.366
4.590
3.824
3.637
3.455
3.741
4.150
3.581
4.191
4.281
3.843
4.780
3.576
3.885
3.769
4.365
3.609
3.938
3.533
3.554
4.301
5.304
3.659
4.627
3.964
4.155
4.457
3.713
4.023
3.958
3.934
3.932
4.323
3.705
3.678
4.283
3.601
4.266
3.795
4.476
5.124
4.683
3.928
3.831
3.790
3.773
3.666
3.522
4.790
4.491
3.789
4.437
5.107
4.357
3.734
4.516
4.943
3.690
3.918
4.522
3.703
4.338
3.963
3.627
3.693
4.036
3.980
4.523
3.850
3.551
-1.000
-1.000
-1.000
-1.000
3.981
-1.000
-1.000
3.336
-1.000
-1.000
-1.000
-1.000
3.600
4.044
-1.000
3.965
3.392
3.591
-1.000
-1.000
3.985
-1.000
3.591
-1.000
-1.000
-1.000
-1.000
-1.000
-1.000
-1.000
-1.000
3.524
2.736
3.450
-1.000
-1.000
-1.000
-1.000
-1.000
3.626
-1.000
-1.000
-1.000
3.206
3.652
3.164
4.035
-1.000
-1.000
-1.000
3.802
4.057
4.032
3.495
4.163
-1.000
3.359
-1.000
-1.000
-1.000
-1.000
3.875
3.564
-1.000
-1.000
-1.000
-1.000
-1.000
4.371
-1.000
-1.000
-1.000
-1.000
3.438
3.016
3.796
-1.000
3.971
-1.000
-1.000
2.972
-1.000
-1.000
3.409
3.765
4.308
3.524
-1.000
3.676
3.353
3.823
3.793
3.732
4.539
3.794
3.805
3.598
-1.000
-1.000
-1.000
4.147
4.146
4.075
3.845
4.251
3.885
4.048
3.903
-1.000
-1.000
-1.000
-1.000
-1.000
-1.000
3.523
-1.000
3.236
3.713
4.061
3.975
3.909
4.152
3.570
4.309
3.619
4.781
4.239
3.713
4.264
4.087
3.363
4.340
-1.000
-1.000
-1.000
-1.000
-1.000
3.460
3.646
-1.000
3.378
3.826
3.426
3.554
4.132
3.175
3.245
3.575
3.827
3.590
4.545
3.979
3.789
4.023
-1.000
-1.000
-1.000
-1.000
-1.000
-1.000
-1.000
-1.000
-1.000
3.335
3.312
3.458
3.495
-1.000
-1.000
3.835
3.908
3.897
4.228
3.404
3.333
-1.000
3.370
-1.000
3.079
-1.000
3.919
3.125
3.301
3.729
-1.000
-1.000
3.914
4.462
3.252
3.885
3.753
-1.000
3.491
-1.000
3.844
-1.000
4.110
-1.000
3.483
3.494
4.453
3.545
3.089
4.029
-1.000
3.691
3.652
3.957
3.664
4.262
3.265
4.234
3.701
3.627
4.163
4.233
4.137
4.200
4.120
3.769
4.405
3.955
3.316
3.545
3.590
4.236
3.772
4.103
4.463
3.711
3.525
3.501
3.377
3.374
4.329
3.809
4.298
4.082
3.726
4.536
4.400
3.861
3.876
3.950
-1.000
-1.000
3.358
3.177
-1.000
-1.000
3.296
-1.000
-1.000
-1.000
3.432
-1.000
3.192
-1.000
4.008
4.418
3.557
3.357
3.450
4.448
4.349
3.952
-1.000
-1.000
3.732
3.193
-1.000
3.009
-1.000
-1.000
-1.000
-1.000
-1.000
3.950
-1.000
-1.000
-1.000
4.082
3.986
4.466
4.049
3.234
3.714
4.234
3.557
4.665
3.711
-1.000
3.476
3.827
4.254
4.298
4.040
4.510
4.461
4.539
3.808
3.990
3.624
3.952
4.801
3.400
3.909
4.144
4.080
4.170
3.868
4.005
3.453
4.329
4.106
3.511
4.565
4.151
3.587
3.632
3.792
4.753
3.537
3.519
3.667
4.535
3.736
3.756
3.367
3.709
3.436
4.649
3.836
4.409
3.401
4.267
-1.000
-1.000
-1.000
-1.000
3.616
-1.000
-1.000
-1.000
-1.000
-1.000
-1.000
-1.000
-1.000
-1.000
-1.000
-1.000
-1.000
-1.000
-1.000
-1.000
-1.000
-1.000
-1.000
-1.000
-1.000
-1.000
-1.000
-1.000
-1.000
3.863
4.068
4.065
3.383
3.641
-1.000
4.182
3.736
3.496
3.759
4.154
3.580
4.154
-1.000
3.844
3.972
4.496
-1.000
-1.000
3.682
-1.000
-1.000
-1.000
4.181
3.637
4.056
4.287
4.202
4.368
3.987
3.514
4.278
-1.000
4.551
-1.000
2.459
3.997
3.053
-1.000
3.236
4.336
3.491
-1.000
-1.000
-1.000
3.184
-1.000
-1.000
3.347
-1.000
-1.000
-1.000
-1.000
-1.000
-1.000
-1.000
3.475
-1.000
3.875
-1.000
-1.000
-1.000
-1.000
-1.000
-1.000
-1.000
-1.000
2.642
3.580
3.135
-1.000
-1.000
3.889
3.207
-1.000
-1.000
-1.000
4.033
3.640
-1.000
3.536
4.126
3.958
-1.000
-1.000
2.540
3.659
-1.000
4.051
3.404
3.566
-1.000
-1.000
-1.000
4.078
3.083
3.618
-1.000
-1.000
-1.000
-1.000
-1.000
3.186
4.033
-1.000
-1.000
-1.000
-1.000
3.362
-1.000
-1.000
-1.000
3.543
3.221
-1.000
-1.000
-1.000
-1.000
-1.000
-1.000
-1.000
-1.000
-1.000
-1.000
-1.000
-1.000
3.323
3.779
3.748
-1.000
3.885
-1.000
-1.000
-1.000
-1.000
-1.000
3.704
-1.000
-1.000
-1.000
-1.000
-1.000
-1.000
4.112
-1.000
4.316
-1.000
-1.000
-1.000
4.220
4.188
-1.000
4.260
3.595
-1.000
4.001
3.377
4.267
4.127
3.291
3.990
4.916
3.870
3.454
4.296
3.219
3.445
4.008
4.035
3.670
3.526
-1.000
4.134
-1.000
-1.000
3.539
3.672
4.533
3.263
3.925
-1.000
4.301
4.078
3.287
4.353
3.503
4.077
4.661
4.038
-1.000
2.744
-1.000
-1.000
3.171
4.183
4.576
4.331
3.684
3.988
3.904
3.880
4.623
-1.000
4.495
4.034
4.451
4.283
3.389
4.659
3.525
4.040
3.146
4.160
3.668
3.961
3.003
3.476
4.424
3.250
3.488
3.552
2.463
3.619
4.868
3.242
3.837
4.357
3.819
3.449
3.791
4.007
4.355
4.152
3.597
3.706
3.931
5.108
3.501
3.539
3.987
3.640
4.335
3.598
4.968
4.304
4.220
3.757
3.671
3.864
3.583
3.504
4.622
3.731
3.957
4.000
3.558
3.794
4.707
3.994
3.733
3.836
3.892
3.974
3.853
3.901
3.843
4.660
4.436
3.697
3.790
3.903
4.139
4.391
3.646
3.635
4.724
4.145
3.487
4.080
3.585
4.475
4.621
4.758
3.470
4.126
3.955
4.122
3.813
4.462
4.396
4.364
4.969
4.824
3.991
3.916
3.819
3.806
3.596
3.713
3.702
3.880
3.783
3.839
4.571
4.569
3.468
3.099
3.878
3.996
3.931
4.263
3.964
4.746
3.910
4.153
3.582
3.776
3.838
3.556
3.840
3.703
3.749
4.550
4.281
3.745
4.844
3.916
3.952
3.640
3.899
4.041
4.546
3.592
3.570
4.290
5.182
4.310
3.606
-1.000
-1.000
-1.000
-1.000
3.589
5.150
4.305
4.484
4.815
4.064
3.577
3.451
4.915
4.200
3.887
-1.000
-1.000
-1.000
-1.000
-1.000
-1.000
-1.000
4.873
3.613
3.555
4.342
3.882
3.707
4.046
4.355
-1.000
-1.000
-1.000
-1.000
-1.000
4.940
4.470
4.048
3.971
4.003
3.900
3.579
3.699
3.974
4.329
3.986
4.158
3.890
3.907
3.798
4.996
3.751
4.464
3.951
3.933
4.452
3.963
3.829
3.783
3.942
3.743
4.893
4.791
4.039
4.237
3.877
3.811
3.912
4.068
3.977
4.096
3.771
4.877
4.731
4.024
4.132
4.094
4.675
4.998
3.856
3.928
3.935
4.016
4.031
4.724
3.729
3.975
3.918
4.186
4.535
4.086
4.232
3.759
3.729
5.271
3.876
4.062
4.222
4.189
3.799
3.901
4.230
3.843
4.099
3.783
3.815
3.783
4.484
4.914
3.762
4.352
4.275
3.901
3.839
3.909
4.479
3.841
4.919
4.412
4.441
4.508
4.077
-1.000
-1.000
-1.000
-1.000
-1.000
-1.000
-1.000
-1.000
-1.000
-1.000
-1.000
-1.000
-1.000
-1.000
-1.000
-1.000
-1.000
-1.000
5.114
-1.000
-1.000
-1.000
-1.000
-1.000
-1.000
-1.000
-1.000
-1.000
-1.000
-1.000
-1.000
-1.000
-1.000
-1.000
-1.000
-1.000
-1.000
-1.000
4.652
3.890
4.181
4.455
5.245
3.934
4.071
3.952
4.310
3.945
3.996
4.140
3.841
3.751
3.809
3.930
3.897
3.740
3.790
4.595
4.209
3.822
4.224
4.602
4.136
3.869
4.041
3.823
3.837
3.889
3.920
4.037
4.411
3.790
4.023
4.294
3.799
4.478
3.927
5.040
5.415
4.537
4.017
3.932
4.319
4.807
4.278
4.462
3.816
3.993
4.343
3.802
3.782
4.181
3.810
3.784
4.565
4.089
4.354
4.358
4.069
3.896
4.781
4.244
4.275
3.874
4.204
3.856
3.955
3.981
4.038
4.563
4.131
4.425
4.251
3.838
4.171
4.336
3.886
3.927
3.915
3.957
4.100
3.939
3.961
4.709
3.831
4.250
3.860
4.091
3.945
3.863
3.982
4.545
4.677
4.899
4.696
4.393
3.776
4.227
3.834
4.176
4.518
5.306
3.767
3.894
3.799
4.365
3.779
3.812
4.781
4.356
4.158
3.842
4.036
3.951
3.784
3.862
4.288
4.060
4.406
4.393
3.951
4.002
4.428
3.958
3.768
3.825
4.479
3.979
4.097
4.190
3.955
4.193
4.204
3.748
-1.000
-1.000
-1.000
-1.000
-1.000
-1.000
4.912
3.920
4.355
4.597
3.833
3.918
3.764
3.794
4.001
4.131
4.196
4.269
5.100
4.646
3.911
4.399
4.127
4.075
3.840
3.998
3.917
4.883
3.743
-1.000
-1.000
-1.000
-1.000
-1.000
-1.000
-1.000
-1.000
-1.000
-1.000
-1.000
-1.000
-1.000
-1.000
-1.000
-1.000
-1.000
-1.000
-1.000
-1.000
-1.000
-1.000
-1.000
-1.000
-1.000
-1.000
-1.000
-1.000
-1.000
-1.000
-1.000
-1.000
-1.000
-1.000
-1.000
-1.000
-1.000
-1.000
-1.000
-1.000
-1.000
-1.000
-1.000
-1.000
-1.000
-1.000
-1.000
-1.000
-1.000
-1.000
-1.000
-1.000
-1.000
-1.000
-1.000
3.809
3.751
3.941
4.175
4.055
3.817
3.859
4.161
3.767
4.510
3.949
4.368
4.379
-1.000
-1.000
-1.000
-1.000
-1.000
-1.000
-1.000
-1.000
-1.000
-1.000
-1.000
-1.000
-1.000
-1.000
-1.000
-1.000
-1.000
-1.000
-1.000
-1.000
-1.000
-1.000
-1.000
-1.000
-1.000
-1.000
-1.000
-1.000
-1.000
-1.000
-1.000
-1.000
-1.000
5.537
3.846
4.225
4.325
4.220
4.465
3.902
4.519
3.990
4.647
4.329
4.112
4.142
4.139
3.975
4.396
4.213
4.130
4.612
3.908
3.900
4.268
4.052
5.522
4.459
4.032
3.928
4.815
3.866
4.384
4.363
3.956
4.042
4.704
3.820
3.761
4.776
4.223
3.830
4.014
3.765
3.971
4.157
4.291
3.743
4.709
4.304
4.138
3.882
4.079
3.797
4.467
3.787
4.115
4.011
4.333
5.095
5.620
4.177
4.085
3.741
5.014
3.959
3.931
4.136
5.151
3.971
3.786
3.923
4.813
3.762
3.929
4.168
4.045
3.834
3.741
3.943
4.429
4.261
4.399
4.153
3.850
4.110
3.884
3.902
3.953
4.562
4.026
3.933
4.154
4.116
4.135
3.804
4.584
3.849
5.181
4.977
3.858
4.844
4.407
4.457
3.878
4.025
3.836
3.877
5.051
4.157
4.204
4.038
3.761
4.078
4.537
3.938
5.272
4.053
3.916
4.024
4.082
4.338
4.464
3.880
4.508
3.831
4.361
3.795
4.191
4.021
5.107
3.836
4.469
2.581
3.642
-1.000
-1.000
3.515
-1.000
2.903
-1.000
3.445
3.714
3.733
3.824
3.443
3.185
3.783
-1.000
3.965
-1.000
3.625
3.688
3.495
3.011
4.179
4.124
3.039
4.436
3.062
-1.000
3.202
3.393
3.459
4.246
2.976
3.295
3.068
3.712
3.531
3.388
3.680
3.635
4.379
3.649
2.898
3.922
-1.000
-1.000
1.922
4.191
3.572
4.183
-1.000
3.599
4.278
3.895
3.968
4.764
4.119
4.201
3.779
3.648
4.058
3.680
3.351
3.601
3.484
4.250
4.203
4.748
4.084
4.334
4.719
4.612
4.254
3.909
3.517
3.702
3.420
4.374
3.798
3.604
4.663
3.774
3.834
3.747
4.306
3.924
-1.000
-1.000
-1.000
-1.000
-1.000
4.565
4.042
4.126
3.751
3.559
4.658
3.658
4.170
3.799
3.570
4.377
4.560
3.970
3.634
4.227
4.885
4.395
3.462
3.789
4.719
3.421
4.443
4.773
3.858
3.473
4.037
3.579
4.740
4.555
3.788
4.234
3.630
4.306
3.700
4.621
4.405
3.991
4.140
4.660
3.631
4.294
3.750
3.772
4.030
3.943
4.746
3.619
4.390
3.603
3.918
4.281
3.570
4.932
4.005
4.097
3.640
3.737
4.647
3.570
4.406
4.446
3.491
4.628
4.301
3.569
3.626
3.817
3.776
5.038
4.771
4.245
4.980
3.710
4.010
4.486
4.172
3.307
-1.000
3.188
-1.000
-1.000
-1.000
2.603
-1.000
-1.000
-1.000
-1.000
-1.000
-1.000
-1.000
-1.000
3.546
3.314
2.183
-1.000
-1.000
-1.000
-1.000
-1.000
-1.000
-1.000
-1.000
-1.000
3.904
-1.000
4.044
-1.000
-1.000
-1.000
-1.000
-1.000
-1.000
-1.000
-1.000
-1.000
-1.000
-1.000
4.208
-1.000
3.710
4.084
-1.000
-1.000
-1.000
-1.000
-1.000
4.112
-1.000
-1.000
-1.000
-1.000
-1.000
-1.000
-1.000
-1.000
-1.000
-1.000
-1.000
-1.000
-1.000
-1.000
-1.000
-1.000
-1.000
-1.000
-1.000
-1.000
3.692
-1.000
-1.000
-1.000
-1.000
-1.000
-1.000
-1.000
-1.000
-1.000
-1.000
3.798
-1.000
4.113
-1.000
4.135
-1.000
-1.000
3.579
-1.000
4.009
-1.000
-1.000
2.570
3.661
4.273
-1.000
-1.000
-1.000
-1.000
-1.000
-1.000
4.144
-1.000
-1.000
-1.000
-1.000
-1.000
-1.000
-1.000
-1.000
-1.000
-1.000
-1.000
3.855
-1.000
-1.000
2.944
-1.000
-1.000
-1.000
-1.000
-1.000
3.953
3.838
3.996
4.173
-1.000
-1.000
-1.000
-1.000
-1.000
-1.000
-1.000
-1.000
-1.000
-1.000
-1.000
-1.000
-1.000
3.968
3.622
4.138
4.005
3.620
3.868
-1.000
-1.000
-1.000
-1.000
3.997
-1.000
-1.000
-1.000
-1.000
-1.000
-1.000
3.261
1.770
3.128
3.818
-1.000
-1.000
-1.000
3.143
3.945
3.356
3.345
3.613
3.667
-1.000
-1.000
-1.000
3.670
-1.000
-1.000
-1.000
-1.000
-1.000
4.333
3.451
4.109
-1.000
-1.000
-1.000
-1.000
-1.000
3.832
4.069
2.900
3.842
-1.000
3.976
3.894
4.127
3.575
3.820
-1.000
-1.000
-1.000
-1.000
-1.000
-1.000
-1.000
-1.000
-1.000
-1.000
-1.000
-1.000
3.795
-1.000
3.675
4.246
4.483
3.849
3.938
4.017
-1.000
-1.000
-1.000
4.307
4.017
4.325
3.806
4.026
4.875
3.747
3.935
4.247
4.061
4.102
3.796
4.034
4.334
4.363
3.780
3.972
4.568
3.747
3.759
3.760
4.158
3.970
-1.000
-1.000
-1.000
-1.000
-1.000
3.162
3.612
3.636
-1.000
3.503
3.333
-1.000
2.940
4.315
-1.000
3.436
-1.000
3.518
-1.000
3.830
3.938
3.594
3.858
-1.000
-1.000
3.832
-1.000
3.723
-1.000
-1.000
3.393
2.873
-1.000
-1.000
4.006
3.642
-1.000
3.736
3.690
-1.000
4.234
4.234
-1.000
3.304
4.135
-1.000
-1.000
3.790
-1.000
-1.000
-1.000
-1.000
4.038
-1.000
3.923
4.196
4.212
3.665
-1.000
3.523
3.552
3.591
-1.000
-1.000
-1.000
-1.000
-1.000
-1.000
-1.000
-1.000
-1.000
-1.000
-1.000
-1.000
3.689
-1.000
3.546
4.065
3.699
3.594
-1.000
-1.000
-1.000
-1.000
-1.000
2.771
-1.000
-1.000
4.281
3.045
-1.000
-1.000
-1.000
-1.000
-1.000
-1.000
-1.000
-1.000
-1.000
-1.000
-1.000
-1.000
4.115
-1.000
4.017
3.886
3.482
3.511
-1.000
-1.000
-1.000
-1.000
4.393
3.958
-1.000
4.142
-1.000
-1.000
-1.000
-1.000
-1.000
-1.000
-1.000
-1.000
4.271
4.538
3.930
3.941
4.012
4.425
4.008
3.769
4.281
4.274
4.045
4.394
4.007
4.706
4.088
3.901
3.821
4.523
3.833
4.469
3.805
3.743
4.388
4.395
4.010
3.760
4.512
3.958
3.844
4.789
3.860
3.915
3.744
4.320
3.798
3.811
3.870
4.396
3.913
3.824
4.368
3.962
3.844
4.460
3.827
4.208
4.679
3.740
4.051
4.274
3.753
3.825
3.948
4.704
4.178
3.934
4.036
3.774
4.418
4.611
4.272
4.446
4.879
4.125
3.813
4.146
4.264
3.765
3.857
4.641
4.085
3.888
4.651
3.967
4.460
4.229
-1.000
-1.000
-1.000
3.593
-1.000
-1.000
-1.000
-1.000
3.817
-1.000
-1.000
3.723
-1.000
-1.000
-1.000
3.712
-1.000
-1.000
3.956
-1.000
-1.000
-1.000
-1.000
-1.000
3.673
3.657
3.921
3.713
3.901
3.784
-1.000
-1.000
-1.000
4.311
-1.000
-1.000
3.792
4.105
3.961
4.307
3.864
4.077
3.842
3.317
-1.000
-1.000
-1.000
-1.000
-1.000
-1.000
-1.000
-1.000
-1.000
-1.000
-1.000
-1.000
-1.000
-1.000
-1.000
-1.000
3.866
3.834
3.658
-1.000
-1.000
4.425
3.779
-1.000
3.928
4.264
-1.000
-1.000
-1.000
4.080
-1.000
4.477
-1.000
-1.000
4.314
4.242
4.107
3.967
3.885
-1.000
4.348
-1.000
-1.000
3.309
-1.000
-1.000
4.226
3.498
-1.000
4.703
3.807
4.216
3.686
3.143
-1.000
-1.000
-1.000
-1.000
-1.000
-1.000
-1.000
4.592
4.490
3.963
3.058
4.649
3.880
-1.000
4.296
-1.000
3.906
-1.000
-1.000
-1.000
-1.000
-1.000
-1.000
-1.000
-1.000
-1.000
2.998
-1.000
-1.000
-1.000
-1.000
-1.000
-1.000
-1.000
-1.000
-1.000
4.737
3.737
3.184
3.886
3.783
4.377
3.406
3.920
3.104
4.449
-1.000
4.292
3.323
4.631
3.537
4.382
3.571
4.400
3.764
3.248
3.852
4.479
3.480
4.200
4.852
3.432
4.177
4.748
3.043
2.769
4.283
3.738
4.302
3.262
3.103
5.134
3.769
3.385
4.112
3.977
4.215
4.890
4.388
3.878
3.865
4.514
4.425
3.679
3.401
4.067
3.132
2.944
4.083
3.773
3.934
3.481
3.506
4.276
-1.000
3.408
3.512
4.800
3.273
3.892
3.858
4.154
3.378
4.603
3.662
4.450
3.348
4.209
4.431
3.331
4.133
3.490
4.416
3.769
4.777
4.480
3.441
4.367
4.062
3.480
4.490
4.470
4.614
4.073
3.706
3.449
4.113
4.138
4.986
4.303
3.405
4.217
2.831
3.890
3.460
3.380
3.293
3.574
3.856
4.550
4.203
3.525
4.720
4.802
3.961
4.139
3.568
4.178
4.167
3.966
3.774
3.880
4.008
4.763
3.597
3.717
4.073
4.471
4.338
3.632
3.628
4.892
3.810
3.896
4.567
3.763
4.139
3.584
4.010
3.592
3.634
3.550
3.836
3.963
3.658
5.261
4.573
3.706
4.391
5.173
4.460
3.902
4.367
3.883
4.782
3.922
3.692
3.745
4.164
3.945
3.698
3.823
4.644
3.850
4.369
4.072
3.711
3.824
3.766
3.693
3.942
4.740
4.108
3.858
3.778
3.635
4.270
3.663
3.649
3.770
4.752
4.263
3.769
3.804
3.935
4.033
4.023
3.906
4.213
4.965
4.802
4.501
4.124
3.727
3.768
3.608
4.412
3.932
4.016
3.754
3.815
-1.000
-1.000
-1.000
-1.000
-1.000
-1.000
-1.000
3.721
3.968
-1.000
-1.000
-1.000
-1.000
-1.000
3.573
3.737
3.527
-1.000
-1.000
-1.000
-1.000
-1.000
-1.000
-1.000
-1.000
-1.000
-1.000
3.568
-1.000
-1.000
-1.000
-1.000
-1.000
-1.000
-1.000
-1.000
3.803
3.640
-1.000
-1.000
2.813
4.062
-1.000
-1.000
-1.000
3.854
4.322
4.298
4.014
-1.000
3.964
4.679
3.167
3.829
3.570
3.688
4.183
4.141
-1.000
4.476
4.439
-1.000
-1.000
4.409
-1.000
-1.000
-1.000
-1.000
-1.000
-1.000
-1.000
-1.000
-1.000
-1.000
-1.000
3.437
-1.000
3.705
2.933
3.759
3.920
-1.000
-1.000
-1.000
-1.000
-1.000
4.109
3.449
3.355
3.660
-1.000
-1.000
-1.000
-1.000
-1.000
3.457
-1.000
3.842
-1.000
-1.000
-1.000
-1.000
-1.000
4.107
-1.000
-1.000
4.889
3.915
-1.000
3.516
3.446
-1.000
-1.000
-1.000
-1.000
4.097
-1.000
-1.000
-1.000
-1.000
-1.000
-1.000
-1.000
-1.000
-1.000
3.607
-1.000
-1.000
-1.000
-1.000
-1.000
3.375
4.111
-1.000
-1.000
-1.000
-1.000
-1.000
-1.000
-1.000
-1.000
-1.000
-1.000
-1.000
-1.000
3.659
3.776
3.733
4.193
4.301
3.863
4.283
3.783
4.211
-1.000
-1.000
-1.000
-1.000
-1.000
4.206
4.155
4.771
4.311
3.818
3.767
4.066
3.512
3.206
3.573
3.579
4.284
4.461
3.599
3.993
4.453
3.808
3.766
3.766
4.665
4.486
3.782
4.546
4.580
4.468
3.930
4.651
4.140
3.936
3.740
4.209
3.727
4.738
4.227
3.986
3.989
4.708
4.749
3.762
3.765
4.591
4.142
4.345
4.614
4.022
3.753
4.349
4.533
4.478
3.796
3.774
3.967
4.588
4.328
3.992
4.013
-1.000
-1.000
-1.000
-1.000
4.740
3.977
3.914
4.671
4.563
3.934
3.761
3.841
3.749
4.353
3.880
4.778
3.975
4.109
4.425
3.848
4.238
4.161
-1.000
-1.000
-1.000
4.706
3.745
3.778
4.003
3.799
3.979
4.386
4.223
-1.000
3.757
-1.000
3.624
-1.000
-1.000
-1.000
2.470
-1.000
-1.000
-1.000
-1.000
-1.000
-1.000
4.125
-1.000
-1.000
-1.000
3.761
3.654
3.632
-1.000
3.847
-1.000
-1.000
3.381
-1.000
-1.000
-1.000
3.272
-1.000
-1.000
-1.000
3.161
-1.000
-1.000
-1.000
3.694
-1.000
3.814
3.783
4.397
3.284
3.387
3.483
-1.000
3.098
-1.000
-1.000
4.260
3.059
3.934
4.200
-1.000
3.657
3.114
4.622
3.962
4.025
4.111
4.049
4.290
3.685
4.403
3.841
3.545
-1.000
4.280
3.531
-1.000
3.916
4.480
3.163
3.691
4.550
-1.000
4.198
-1.000
3.096
4.278
4.507
3.646
4.064
3.912
-1.000
-1.000
-1.000
-1.000
-1.000
4.621
3.829
4.383
3.723
2.340
4.599
2.977
3.667
3.203
3.862
3.649
3.588
3.981
2.735
4.654
3.345
3.756
3.789
3.626
3.561
3.760
3.732
3.581
4.349
4.118
4.469
3.042
3.339
-1.000
-1.000
4.262
3.642
3.414
4.517
4.057
4.287
-1.000
4.546
3.830
-1.000
3.365
3.194
3.583
3.851
4.034
3.899
4.539
4.186
3.742
3.939
5.009
3.937
4.797
-1.000
4.181
3.859
4.637
3.981
4.023
4.608
4.446
4.116
3.064
4.358
4.654
4.010
4.234
3.320
3.535
4.288
4.815
2.742
3.849
3.589
3.381
4.452
4.513
5.239
3.816
3.810
3.659
3.788
3.682
3.717
3.232
2.807
3.302
3.307
3.994
4.054
3.729
3.316
4.508
3.826
4.705
3.682
3.374
3.487
3.872
3.708
4.954
4.341
4.803
3.635
3.203
3.950
3.300
3.544
3.490
4.605
3.634
4.220
4.158
3.754
3.527
4.631
4.193
3.564
3.866
-1.000
3.887
4.628
4.320
3.976
3.685
3.879
-1.000
-1.000
-1.000
-1.000
-1.000
-1.000
3.596
3.476
4.905
3.917
-1.000
-1.000
-1.000
-1.000
-1.000
-1.000
-1.000
-1.000
3.794
4.871
3.507
3.680
3.845
4.217
4.262
4.244
3.855
3.293
4.267
4.039
5.201
4.874
4.230
3.690
3.628
3.937
3.999
3.681
3.744
3.791
3.579
3.560
3.932
3.429
4.044
3.776
4.278
3.829
3.767
4.099
4.503
3.964
3.757
3.724
3.756
3.867
3.819
3.867
3.696
3.871
3.843
5.048
3.900
3.778
3.777
4.123
4.124
4.171
3.975
3.748
4.336
4.147
4.062
4.124
4.643
3.903
4.007
4.300
5.313
4.296
3.842
4.757
4.097
3.938
4.055
3.907
4.037
3.897
3.946
4.631
4.144
3.981
4.998
3.860
3.978
3.895
4.016
4.677
4.167
3.809
5.311
4.091
3.948
5.027
4.150
3.932
3.806
4.862
3.873
3.764
4.310
4.141
4.070
3.871
4.046
4.904
-1.000
-1.000
-1.000
-1.000
4.114
3.511
3.593
-1.000
3.772
-1.000
-1.000
-1.000
-1.000
-1.000
-1.000
-1.000
-1.000
-1.000
3.073
3.856
-1.000
3.642
-1.000
-1.000
-1.000
4.160
3.616
3.887
3.505
-1.000
-1.000
-1.000
-1.000
-1.000
3.405
3.548
-1.000
3.935
-1.000
-1.000
-1.000
4.140
3.111
3.057
3.928
4.048
2.667
4.245
-1.000
4.233
-1.000
3.912
3.450
3.273
-1.000
-1.000
-1.000
-1.000
-1.000
-1.000
-1.000
-1.000
3.948
3.441
3.763
4.163
4.185
4.082
-1.000
3.876
-1.000
-1.000
-1.000
3.685
3.967
-1.000
3.300
-1.000
3.734
3.820
-1.000
-1.000
-1.000
-1.000
-1.000
-1.000
3.138
-1.000
-1.000
-1.000
-1.000
4.217
-1.000
3.697
-1.000
-1.000
3.685
3.934
-1.000
3.440
-1.000
-1.000
-1.000
3.596
3.661
3.078
4.009
3.725
4.098
4.334
3.846
-1.000
3.768
3.995
3.210
-1.000
-1.000
-1.000
-1.000
3.570
-1.000
-1.000
-1.000
-1.000
4.019
-1.000
-1.000
-1.000
3.764
3.858
-1.000
4.108
4.361
4.158
4.334
3.923
4.433
3.780
4.013
-1.000
3.814
4.401
4.459
4.001
3.931
4.255
3.918
3.637
-1.000
-1.000
-1.000
-1.000
-1.000
-1.000
-1.000
-1.000
-1.000
-1.000
-1.000
3.961
-1.000
-1.000
-1.000
-1.000
3.312
4.465
-1.000
4.229
4.264
3.701
3.729
-1.000
4.086
-1.000
4.012
4.014
4.424
3.463
3.803
3.721
4.422
4.045
3.750
3.446
3.937
-1.000
4.294
3.613
3.295
4.473
-1.000
-1.000
-1.000
-1.000
-1.000
4.829
-1.000
-1.000
-1.000
-1.000
-1.000
4.439
-1.000
4.201
2.888
4.439
2.213
-1.000
3.528
4.195
-1.000
4.412
3.445
-1.000
3.795
3.949
4.555
3.316
3.462
3.544
3.089
3.753
3.259
3.214
-1.000
-1.000
4.153
-1.000
-1.000
-1.000
-1.000
-1.000
4.580
-1.000
3.359
-1.000
-1.000
3.196
-1.000
-1.000
-1.000
-1.000
3.022
3.957
-1.000
-1.000
-1.000
4.490
-1.000
3.991
3.582
