-1.000
-1.000
-1.000
-1.000
-1.000
-1.000
-1.000
-1.000
-1.000
-1.000
-1.000
-1.000
-1.000
-1.000
-1.000
-1.000
-1.000
-1.000
-1.000
-1.000
-1.000
-1.000
-1.000
-1.000
-1.000
-1.000
-1.000
-1.000
-1.000
-1.000
-1.000
-1.000
-1.000
-1.000
-1.000
-1.000
-1.000
-1.000
-1.000
-1.000
-1.000
-1.000
-1.000
-1.000
-1.000
-1.000
-1.000
-1.000
-1.000
-1.000
-1.000
-1.000
-1.000
-1.000
-1.000
-1.000
-1.000
-1.000
-1.000
-1.000
-1.000
-1.000
-1.000
-1.000
-1.000
-1.000
-1.000
-1.000
-1.000
-1.000
-1.000
-1.000
-1.000
-1.000
-1.000
-1.000
-1.000
-1.000
-1.000
-1.000
4.186
-1.000
-1.000
-1.000
-1.000
-1.000
-1.000
-1.000
-1.000
-1.000
-1.000
-1.000
-1.000
-1.000
-1.000
-1.000
-1.000
-1.000
-1.000
-1.000
-1.000
-1.000
-1.000
-1.000
-1.000
-1.000
-1.000
-1.000
-1.000
-1.000
-1.000
-1.000
-1.000
-1.000
-1.000
-1.000
-1.000
-1.000
-1.000
-1.000
-1.000
-1.000
-1.000
-1.000
-1.000
4.480
-1.000
-1.000
-1.000
-1.000
-1.000
-1.000
-1.000
-1.000
-1.000
-1.000
-1.000
-1.000
-1.000
-1.000
-1.000
-1.000
-1.000
-1.000
-1.000
-1.000
-1.000
-1.000
-1.000
-1.000
-1.000
-1.000
-1.000
-1.000
-1.000
-1.000
-1.000
-1.000
-1.000
-1.000
-1.000
4.336
-1.000
-1.000
-1.000
-1.000
-1.000
-1.000
-1.000
-1.000
-1.000
-1.000
4.958
-1.000
-1.000
-1.000
-1.000
-1.000
-1.000
-1.000
-1.000
-1.000
-1.000
-1.000
-1.000
-1.000
-1.000
-1.000
-1.000
-1.000
-1.000
-1.000
-1.000
-1.000
-1.000
-1.000
-1.000
-1.000
-1.000
-1.000
-1.000
5.457
-1.000
-1.000
-1.000
4.460
4.819
4.936
-1.000
-1.000
-1.000
-1.000
-1.000
-1.000
-1.000
-1.000
-1.000
5.404
-1.000
-1.000
-1.000
-1.000
-1.000
-1.000
-1.000
-1.000
-1.000
-1.000
-1.000
-1.000
-1.000
-1.000
-1.000
-1.000
-1.000
-1.000
-1.000
-1.000
-1.000
-1.000
-1.000
-1.000
-1.000
-1.000
-1.000
-1.000
-1.000
-1.000
5.100
-1.000
-1.000
-1.000
-1.000
-1.000
-1.000
-1.000
-1.000
-1.000
-1.000
-1.000
-1.000
-1.000
-1.000
4.090
-1.000
-1.000
5.061
-1.000
-1.000
4.979
-1.000
-1.000
-1.000
-1.000
-1.000
-1.000
-1.000
-1.000
-1.000
-1.000
-1.000
-1.000
-1.000
-1.000
-1.000
-1.000
-1.000
-1.000
-1.000
-1.000
-1.000
-1.000
-1.000
-1.000
-1.000
-1.000
-1.000
-1.000
-1.000
-1.000
-1.000
-1.000
-1.000
-1.000
5.569
-1.000
-1.000
-1.000
-1.000
-1.000
-1.000
-1.000
-1.000
-1.000
-1.000
-1.000
-1.000
-1.000
-1.000
-1.000
-1.000
-1.000
-1.000
-1.000
-1.000
-1.000
-1.000
-1.000
-1.000
-1.000
-1.000
-1.000
-1.000
-1.000
-1.000
-1.000
-1.000
-1.000
-1.000
-1.000
-1.000
-1.000
-1.000
-1.000
-1.000
-1.000
-1.000
-1.000
-1.000
4.363
-1.000
-1.000
4.287
-1.000
-1.000
-1.000
-1.000
-1.000
-1.000
-1.000
-1.000
-1.000
-1.000
-1.000
-1.000
-1.000
-1.000
-1.000
4.853
-1.000
-1.000
-1.000
-1.000
-1.000
-1.000
-1.000
-1.000
-1.000
-1.000
-1.000
-1.000
-1.000
-1.000
-1.000
-1.000
-1.000
-1.000
-1.000
-1.000
-1.000
-1.000
-1.000
-1.000
-1.000
-1.000
-1.000
-1.000
-1.000
-1.000
-1.000
-1.000
4.348
-1.000
-1.000
-1.000
-1.000
-1.000
-1.000
-1.000
-1.000
-1.000
-1.000
-1.000
-1.000
-1.000
-1.000
-1.000
-1.000
-1.000
4.977
-1.000
-1.000
-1.000
-1.000
-1.000
-1.000
-1.000
-1.000
-1.000
-1.000
-1.000
-1.000
4.874
5.398
-1.000
-1.000
-1.000
-1.000
-1.000
-1.000
-1.000
-1.000
-1.000
-1.000
-1.000
-1.000
-1.000
-1.000
-1.000
-1.000
-1.000
-1.000
-1.000
-1.000
-1.000
-1.000
-1.000
-1.000
-1.000
-1.000
-1.000
-1.000
-1.000
-1.000
-1.000
-1.000
-1.000
-1.000
-1.000
-1.000
-1.000
-1.000
-1.000
-1.000
-1.000
-1.000
-1.000
-1.000
-1.000
-1.000
-1.000
-1.000
-1.000
-1.000
-1.000
-1.000
-1.000
-1.000
-1.000
-1.000
-1.000
-1.000
-1.000
-1.000
-1.000
-1.000
-1.000
-1.000
-1.000
-1.000
-1.000
4.753
-1.000
-1.000
-1.000
-1.000
-1.000
-1.000
-1.000
-1.000
-1.000
-1.000
-1.000
-1.000
-1.000
-1.000
-1.000
-1.000
4.216
-1.000
-1.000
-1.000
-1.000
-1.000
-1.000
-1.000
-1.000
-1.000
-1.000
-1.000
-1.000
-1.000
-1.000
-1.000
-1.000
-1.000
-1.000
-1.000
-1.000
-1.000
-1.000
-1.000
-1.000
-1.000
-1.000
-1.000
-1.000
-1.000
-1.000
-1.000
-1.000
-1.000
-1.000
-1.000
-1.000
-1.000
-1.000
-1.000
-1.000
-1.000
-1.000
-1.000
-1.000
-1.000
-1.000
-1.000
-1.000
-1.000
-1.000
-1.000
-1.000
-1.000
-1.000
-1.000
-1.000
-1.000
-1.000
-1.000
-1.000
-1.000
-1.000
-1.000
-1.000
-1.000
-1.000
-1.000
-1.000
-1.000
-1.000
-1.000
-1.000
-1.000
-1.000
-1.000
-1.000
-1.000
-1.000
-1.000
-1.000
-1.000
-1.000
-1.000
-1.000
-1.000
-1.000
-1.000
-1.000
-1.000
-1.000
-1.000
-1.000
-1.000
-1.000
-1.000
-1.000
-1.000
-1.000
-1.000
-1.000
-1.000
-1.000
3.885
-1.000
-1.000
-1.000
-1.000
-1.000
-1.000
-1.000
-1.000
-1.000
-1.000
-1.000
-1.000
-1.000
-1.000
-1.000
-1.000
-1.000
-1.000
-1.000
-1.000
-1.000
-1.000
-1.000
-1.000
-1.000
-1.000
-1.000
-1.000
-1.000
-1.000
-1.000
-1.000
-1.000
-1.000
-1.000
-1.000
-1.000
5.197
-1.000
-1.000
-1.000
-1.000
-1.000
-1.000
-1.000
-1.000
-1.000
-1.000
-1.000
-1.000
-1.000
-1.000
-1.000
-1.000
-1.000
-1.000
-1.000
-1.000
-1.000
-1.000
-1.000
-1.000
-1.000
-1.000
5.655
-1.000
4.002
-1.000
-1.000
-1.000
-1.000
-1.000
-1.000
-1.000
-1.000
-1.000
-1.000
-1.000
-1.000
-1.000
-1.000
-1.000
-1.000
-1.000
-1.000
-1.000
-1.000
-1.000
-1.000
-1.000
-1.000
-1.000
-1.000
-1.000
-1.000
-1.000
-1.000
-1.000
-1.000
-1.000
-1.000
-1.000
-1.000
-1.000
-1.000
-1.000
-1.000
-1.000
-1.000
-1.000
-1.000
-1.000
-1.000
-1.000
-1.000
-1.000
-1.000
-1.000
-1.000
-1.000
-1.000
-1.000
-1.000
-1.000
-1.000
-1.000
-1.000
-1.000
-1.000
-1.000
-1.000
-1.000
-1.000
-1.000
-1.000
-1.000
-1.000
-1.000
-1.000
-1.000
-1.000
-1.000
-1.000
-1.000
-1.000
-1.000
-1.000
-1.000
-1.000
-1.000
-1.000
-1.000
-1.000
-1.000
-1.000
-1.000
-1.000
-1.000
-1.000
-1.000
-1.000
-1.000
-1.000
-1.000
-1.000
-1.000
-1.000
-1.000
-1.000
-1.000
-1.000
-1.000
-1.000
-1.000
-1.000
-1.000
-1.000
-1.000
-1.000
-1.000
-1.000
-1.000
-1.000
-1.000
-1.000
-1.000
-1.000
-1.000
-1.000
-1.000
-1.000
-1.000
-1.000
-1.000
-1.000
-1.000
-1.000
-1.000
-1.000
-1.000
-1.000
-1.000
-1.000
-1.000
-1.000
-1.000
-1.000
-1.000
-1.000
-1.000
-1.000
-1.000
-1.000
-1.000
-1.000
-1.000
-1.000
-1.000
-1.000
-1.000
-1.000
-1.000
-1.000
-1.000
-1.000
-1.000
-1.000
-1.000
-1.000
-1.000
-1.000
-1.000
-1.000
-1.000
-1.000
-1.000
-1.000
-1.000
-1.000
-1.000
-1.000
-1.000
-1.000
-1.000
-1.000
-1.000
-1.000
-1.000
-1.000
-1.000
-1.000
-1.000
-1.000
-1.000
-1.000
-1.000
-1.000
-1.000
-1.000
-1.000
-1.000
-1.000
-1.000
-1.000
-1.000
-1.000
-1.000
-1.000
-1.000
-1.000
-1.000
-1.000
-1.000
-1.000
-1.000
-1.000
-1.000
-1.000
-1.000
-1.000
-1.000
-1.000
-1.000
-1.000
-1.000
-1.000
-1.000
-1.000
-1.000
-1.000
-1.000
-1.000
-1.000
-1.000
-1.000
-1.000
-1.000
-1.000
-1.000
-1.000
-1.000
-1.000
-1.000
-1.000
-1.000
-1.000
-1.000
-1.000
-1.000
-1.000
-1.000
-1.000
-1.000
-1.000
-1.000
-1.000
-1.000
-1.000
-1.000
-1.000
-1.000
-1.000
-1.000
-1.000
-1.000
-1.000
-1.000
-1.000
-1.000
-1.000
-1.000
-1.000
-1.000
-1.000
-1.000
-1.000
-1.000
-1.000
-1.000
-1.000
-1.000
-1.000
-1.000
-1.000
-1.000
-1.000
-1.000
-1.000
-1.000
-1.000
-1.000
-1.000
-1.000
-1.000
-1.000
-1.000
-1.000
-1.000
-1.000
-1.000
-1.000
-1.000
-1.000
-1.000
-1.000
-1.000
-1.000
-1.000
-1.000
-1.000
-1.000
-1.000
-1.000
-1.000
-1.000
-1.000
-1.000
-1.000
-1.000
-1.000
-1.000
-1.000
-1.000
-1.000
-1.000
-1.000
-1.000
-1.000
-1.000
-1.000
-1.000
-1.000
-1.000
-1.000
-1.000
-1.000
-1.000
-1.000
-1.000
-1.000
-1.000
-1.000
-1.000
-1.000
-1.000
-1.000
-1.000
-1.000
-1.000
-1.000
-1.000
-1.000
-1.000
-1.000
-1.000
-1.000
-1.000
-1.000
-1.000
-1.000
-1.000
-1.000
-1.000
-1.000
-1.000
-1.000
-1.000
-1.000
-1.000
-1.000
-1.000
-1.000
-1.000
-1.000
-1.000
-1.000
-1.000
-1.000
-1.000
-1.000
-1.000
-1.000
-1.000
-1.000
-1.000
-1.000
-1.000
-1.000
-1.000
-1.000
-1.000
-1.000
-1.000
-1.000
-1.000
-1.000
-1.000
-1.000
-1.000
-1.000
-1.000
-1.000
-1.000
-1.000
-1.000
-1.000
-1.000
-1.000
-1.000
-1.000
-1.000
-1.000
-1.000
-1.000
-1.000
-1.000
-1.000
-1.000
-1.000
-1.000
-1.000
-1.000
-1.000
-1.000
-1.000
-1.000
-1.000
-1.000
-1.000
-1.000
-1.000
-1.000
-1.000
-1.000
-1.000
-1.000
-1.000
-1.000
-1.000
-1.000
-1.000
-1.000
-1.000
-1.000
-1.000
-1.000
-1.000
-1.000
-1.000
-1.000
-1.000
-1.000
-1.000
-1.000
-1.000
-1.000
-1.000
-1.000
-1.000
-1.000
-1.000
-1.000
-1.000
-1.000
-1.000
-1.000
-1.000
-1.000
-1.000
-1.000
-1.000
-1.000
-1.000
-1.000
-1.000
-1.000
-1.000
-1.000
-1.000
-1.000
-1.000
-1.000
3.844
-1.000
-1.000
-1.000
-1.000
-1.000
-1.000
-1.000
-1.000
-1.000
-1.000
-1.000
-1.000
-1.000
-1.000
-1.000
-1.000
-1.000
-1.000
-1.000
-1.000
-1.000
-1.000
-1.000
-1.000
-1.000
-1.000
-1.000
4.664
-1.000
-1.000
-1.000
4.652
-1.000
-1.000
-1.000
-1.000
-1.000
-1.000
-1.000
-1.000
4.381
-1.000
-1.000
4.552
-1.000
-1.000
-1.000
4.662
-1.000
-1.000
-1.000
-1.000
-1.000
-1.000
-1.000
-1.000
-1.000
-1.000
-1.000
-1.000
-1.000
-1.000
-1.000
-1.000
-1.000
-1.000
-1.000
-1.000
-1.000
-1.000
-1.000
-1.000
-1.000
-1.000
-1.000
-1.000
-1.000
-1.000
-1.000
-1.000
-1.000
-1.000
-1.000
-1.000
4.000
-1.000
-1.000
-1.000
-1.000
-1.000
-1.000
-1.000
-1.000
-1.000
-1.000
-1.000
-1.000
-1.000
4.008
-1.000
-1.000
4.682
-1.000
-1.000
-1.000
3.871
-1.000
-1.000
-1.000
-1.000
-1.000
-1.000
-1.000
-1.000
-1.000
-1.000
-1.000
-1.000
-1.000
-1.000
-1.000
-1.000
-1.000
-1.000
-1.000
-1.000
-1.000
-1.000
-1.000
-1.000
-1.000
-1.000
-1.000
-1.000
-1.000
-1.000
-1.000
-1.000
-1.000
-1.000
-1.000
-1.000
-1.000
-1.000
-1.000
-1.000
-1.000
-1.000
-1.000
-1.000
-1.000
-1.000
-1.000
-1.000
-1.000
-1.000
-1.000
-1.000
-1.000
-1.000
-1.000
-1.000
-1.000
-1.000
-1.000
-1.000
-1.000
-1.000
-1.000
-1.000
-1.000
-1.000
-1.000
-1.000
-1.000
-1.000
-1.000
-1.000
-1.000
-1.000
-1.000
-1.000
-1.000
-1.000
-1.000
-1.000
-1.000
-1.000
-1.000
-1.000
-1.000
-1.000
-1.000
-1.000
-1.000
-1.000
-1.000
-1.000
-1.000
-1.000
-1.000
-1.000
-1.000
-1.000
-1.000
-1.000
-1.000
-1.000
-1.000
-1.000
-1.000
-1.000
-1.000
-1.000
-1.000
-1.000
-1.000
-1.000
-1.000
-1.000
-1.000
-1.000
-1.000
-1.000
-1.000
-1.000
-1.000
-1.000
-1.000
-1.000
-1.000
-1.000
-1.000
-1.000
-1.000
-1.000
-1.000
-1.000
-1.000
-1.000
-1.000
-1.000
-1.000
-1.000
-1.000
-1.000
-1.000
-1.000
-1.000
-1.000
-1.000
-1.000
-1.000
-1.000
-1.000
-1.000
-1.000
-1.000
-1.000
-1.000
-1.000
-1.000
-1.000
-1.000
-1.000
-1.000
-1.000
-1.000
-1.000
-1.000
-1.000
-1.000
-1.000
-1.000
-1.000
-1.000
-1.000
-1.000
-1.000
-1.000
-1.000
-1.000
-1.000
-1.000
-1.000
-1.000
-1.000
-1.000
-1.000
-1.000
-1.000
-1.000
-1.000
-1.000
-1.000
-1.000
-1.000
-1.000
-1.000
-1.000
-1.000
-1.000
-1.000
-1.000
-1.000
-1.000
-1.000
-1.000
-1.000
-1.000
-1.000
-1.000
-1.000
-1.000
-1.000
-1.000
-1.000
-1.000
-1.000
-1.000
-1.000
-1.000
-1.000
-1.000
-1.000
-1.000
-1.000
-1.000
-1.000
-1.000
-1.000
-1.000
-1.000
-1.000
-1.000
-1.000
-1.000
5.369
-1.000
-1.000
-1.000
-1.000
-1.000
-1.000
-1.000
-1.000
-1.000
-1.000
-1.000
-1.000
-1.000
-1.000
-1.000
-1.000
-1.000
-1.000
-1.000
-1.000
4.434
-1.000
-1.000
-1.000
-1.000
-1.000
-1.000
-1.000
-1.000
-1.000
-1.000
-1.000
-1.000
-1.000
-1.000
-1.000
-1.000
-1.000
-1.000
-1.000
-1.000
-1.000
-1.000
4.469
-1.000
-1.000
-1.000
-1.000
-1.000
-1.000
-1.000
-1.000
-1.000
-1.000
-1.000
-1.000
-1.000
-1.000
5.171
-1.000
-1.000
-1.000
4.437
-1.000
-1.000
-1.000
-1.000
-1.000
-1.000
-1.000
5.311
5.615
-1.000
-1.000
-1.000
-1.000
-1.000
-1.000
-1.000
-1.000
-1.000
-1.000
-1.000
-1.000
-1.000
-1.000
-1.000
-1.000
-1.000
5.480
4.227
4.359
-1.000
-1.000
-1.000
-1.000
-1.000
4.089
-1.000
-1.000
-1.000
5.462
-1.000
-1.000
-1.000
-1.000
-1.000
-1.000
-1.000
-1.000
-1.000
-1.000
-1.000
-1.000
-1.000
-1.000
-1.000
-1.000
-1.000
-1.000
-1.000
5.464
-1.000
-1.000
-1.000
4.630
4.851
-1.000
-1.000
-1.000
-1.000
-1.000
-1.000
-1.000
-1.000
-1.000
-1.000
-1.000
-1.000
-1.000
-1.000
-1.000
-1.000
-1.000
-1.000
-1.000
-1.000
-1.000
-1.000
-1.000
-1.000
-1.000
-1.000
-1.000
-1.000
-1.000
-1.000
-1.000
-1.000
-1.000
-1.000
-1.000
-1.000
-1.000
-1.000
-1.000
-1.000
-1.000
3.994
-1.000
-1.000
-1.000
-1.000
-1.000
-1.000
-1.000
-1.000
-1.000
-1.000
-1.000
-1.000
5.692
-1.000
-1.000
-1.000
-1.000
-1.000
-1.000
-1.000
-1.000
-1.000
4.369
-1.000
-1.000
-1.000
-1.000
-1.000
-1.000
-1.000
4.043
-1.000
-1.000
-1.000
-1.000
-1.000
-1.000
-1.000
-1.000
-1.000
-1.000
-1.000
-1.000
-1.000
-1.000
-1.000
-1.000
-1.000
-1.000
4.866
4.296
-1.000
-1.000
5.364
-1.000
-1.000
-1.000
-1.000
-1.000
-1.000
-1.000
-1.000
-1.000
-1.000
-1.000
-1.000
-1.000
-1.000
-1.000
-1.000
-1.000
-1.000
-1.000
-1.000
-1.000
-1.000
-1.000
-1.000
-1.000
-1.000
-1.000
-1.000
-1.000
-1.000
-1.000
-1.000
-1.000
-1.000
2.846
-1.000
-1.000
-1.000
-1.000
-1.000
-1.000
-1.000
-1.000
3.674
-1.000
-1.000
-1.000
-1.000
-1.000
-1.000
-1.000
-1.000
-1.000
-1.000
-1.000
-1.000
-1.000
-1.000
-1.000
-1.000
-1.000
-1.000
-1.000
4.356
-1.000
-1.000
-1.000
-1.000
-1.000
-1.000
-1.000
-1.000
-1.000
4.794
-1.000
-1.000
-1.000
4.859
-1.000
-1.000
4.763
-1.000
-1.000
-1.000
-1.000
5.178
-1.000
-1.000
4.217
-1.000
-1.000
-1.000
-1.000
5.841
-1.000
-1.000
-1.000
-1.000
-1.000
-1.000
-1.000
-1.000
-1.000
-1.000
-1.000
4.451
5.362
-1.000
-1.000
-1.000
-1.000
-1.000
-1.000
-1.000
-1.000
-1.000
-1.000
-1.000
-1.000
-1.000
-1.000
-1.000
-1.000
-1.000
-1.000
-1.000
-1.000
-1.000
4.606
-1.000
4.417
-1.000
-1.000
-1.000
-1.000
-1.000
-1.000
5.551
-1.000
-1.000
-1.000
-1.000
-1.000
-1.000
4.553
-1.000
-1.000
-1.000
-1.000
-1.000
-1.000
-1.000
-1.000
-1.000
-1.000
-1.000
-1.000
-1.000
-1.000
-1.000
-1.000
-1.000
-1.000
-1.000
-1.000
-1.000
-1.000
-1.000
-1.000
-1.000
-1.000
-1.000
4.894
-1.000
-1.000
-1.000
-1.000
4.985
-1.000
-1.000
-1.000
-1.000
-1.000
-1.000
-1.000
4.693
-1.000
5.398
-1.000
4.983
-1.000
-1.000
-1.000
-1.000
-1.000
-1.000
-1.000
-1.000
4.586
-1.000
1.662
-1.000
-1.000
-1.000
4.301
-1.000
4.604
-1.000
-1.000
-1.000
-1.000
-1.000
-1.000
-1.000
-1.000
-1.000
-1.000
-1.000
-1.000
-1.000
-1.000
-1.000
-1.000
-1.000
-1.000
-1.000
4.830
-1.000
-1.000
-1.000
-1.000
-1.000
-1.000
-1.000
-1.000
5.159
-1.000
-1.000
-1.000
-1.000
4.795
-1.000
-1.000
-1.000
-1.000
-1.000
-1.000
-1.000
-1.000
-1.000
5.319
-1.000
-1.000
-1.000
-1.000
-1.000
-1.000
-1.000
-1.000
-1.000
-1.000
-1.000
-1.000
-1.000
-1.000
-1.000
-1.000
3.527
-1.000
-1.000
-1.000
-1.000
-1.000
5.926
-1.000
-1.000
-1.000
-1.000
-1.000
-1.000
-1.000
-1.000
-1.000
-1.000
-1.000
-1.000
-1.000
4.539
-1.000
-1.000
-1.000
-1.000
-1.000
-1.000
-1.000
-1.000
-1.000
-1.000
-1.000
-1.000
-1.000
-1.000
-1.000
-1.000
-1.000
-1.000
-1.000
-1.000
-1.000
-1.000
-1.000
-1.000
-1.000
-1.000
-1.000
-1.000
4.592
-1.000
-1.000
4.378
-1.000
-1.000
-1.000
-1.000
-1.000
-1.000
-1.000
-1.000
-1.000
-1.000
-1.000
-1.000
-1.000
3.951
-1.000
-1.000
-1.000
-1.000
-1.000
-1.000
-1.000
-1.000
-1.000
-1.000
-1.000
-1.000
-1.000
-1.000
-1.000
-1.000
-1.000
-1.000
-1.000
-1.000
-1.000
-1.000
-1.000
-1.000
-1.000
-1.000
-1.000
-1.000
-1.000
-1.000
-1.000
-1.000
-1.000
-1.000
-1.000
-1.000
-1.000
-1.000
-1.000
-1.000
-1.000
-1.000
5.701
4.007
-1.000
-1.000
-1.000
-1.000
-1.000
-1.000
-1.000
-1.000
-1.000
-1.000
-1.000
-1.000
-1.000
-1.000
-1.000
-1.000
-1.000
-1.000
-1.000
-1.000
-1.000
-1.000
-1.000
-1.000
-1.000
-1.000
-1.000
-1.000
-1.000
-1.000
-1.000
-1.000
-1.000
-1.000
-1.000
-1.000
-1.000
-1.000
-1.000
-1.000
-1.000
-1.000
-1.000
-1.000
3.911
-1.000
-1.000
-1.000
-1.000
-1.000
-1.000
-1.000
-1.000
-1.000
-1.000
-1.000
-1.000
-1.000
-1.000
-1.000
-1.000
-1.000
-1.000
-1.000
-1.000
-1.000
-1.000
-1.000
-1.000
-1.000
-1.000
-1.000
-1.000
-1.000
-1.000
-1.000
-1.000
-1.000
-1.000
-1.000
4.029
-1.000
-1.000
-1.000
-1.000
-1.000
-1.000
-1.000
-1.000
-1.000
-1.000
-1.000
-1.000
-1.000
-1.000
-1.000
-1.000
-1.000
-1.000
4.259
-1.000
-1.000
-1.000
-1.000
-1.000
-1.000
-1.000
-1.000
-1.000
-1.000
4.821
-1.000
-1.000
4.752
-1.000
-1.000
4.491
-1.000
-1.000
-1.000
-1.000
-1.000
-1.000
-1.000
-1.000
-1.000
5.146
-1.000
-1.000
5.352
-1.000
-1.000
-1.000
-1.000
-1.000
-1.000
-1.000
-1.000
-1.000
-1.000
-1.000
-1.000
-1.000
-1.000
-1.000
-1.000
-1.000
-1.000
-1.000
-1.000
-1.000
-1.000
-1.000
-1.000
-1.000
-1.000
-1.000
-1.000
-1.000
-1.000
-1.000
-1.000
-1.000
-1.000
4.163
-1.000
-1.000
-1.000
-1.000
-1.000
-1.000
-1.000
-1.000
-1.000
-1.000
-1.000
-1.000
-1.000
-1.000
5.928
-1.000
-1.000
-1.000
-1.000
-1.000
-1.000
-1.000
-1.000
-1.000
-1.000
-1.000
-1.000
3.779
-1.000
-1.000
-1.000
5.508
-1.000
-1.000
-1.000
-1.000
-1.000
-1.000
-1.000
-1.000
-1.000
-1.000
-1.000
-1.000
-1.000
-1.000
-1.000
-1.000
-1.000
-1.000
-1.000
-1.000
-1.000
-1.000
-1.000
-1.000
-1.000
-1.000
4.651
-1.000
-1.000
-1.000
-1.000
-1.000
-1.000
-1.000
-1.000
-1.000
-1.000
-1.000
-1.000
-1.000
-1.000
-1.000
-1.000
-1.000
-1.000
-1.000
-1.000
-1.000
-1.000
-1.000
-1.000
-1.000
4.867
-1.000
-1.000
-1.000
-1.000
-1.000
-1.000
-1.000
-1.000
-1.000
-1.000
-1.000
-1.000
-1.000
-1.000
-1.000
-1.000
-1.000
-1.000
-1.000
-1.000
-1.000
-1.000
-1.000
-1.000
-1.000
-1.000
-1.000
-1.000
-1.000
-1.000
-1.000
-1.000
4.713
5.581
-1.000
-1.000
-1.000
-1.000
5.480
-1.000
-1.000
4.245
-1.000
-1.000
-1.000
-1.000
-1.000
-1.000
-1.000
-1.000
-1.000
-1.000
-1.000
-1.000
-1.000
-1.000
-1.000
-1.000
-1.000
-1.000
-1.000
-1.000
-1.000
-1.000
-1.000
-1.000
-1.000
-1.000
-1.000
-1.000
-1.000
-1.000
-1.000
-1.000
-1.000
-1.000
4.805
4.689
-1.000
-1.000
4.308
-1.000
-1.000
-1.000
-1.000
-1.000
-1.000
-1.000
-1.000
-1.000
-1.000
-1.000
-1.000
-1.000
-1.000
-1.000
-1.000
-1.000
-1.000
-1.000
-1.000
-1.000
-1.000
-1.000
-1.000
-1.000
-1.000
-1.000
-1.000
-1.000
-1.000
-1.000
-1.000
-1.000
-1.000
-1.000
-1.000
-1.000
-1.000
-1.000
-1.000
-1.000
-1.000
-1.000
-1.000
-1.000
-1.000
-1.000
5.332
5.965
-1.000
-1.000
-1.000
-1.000
-1.000
-1.000
-1.000
-1.000
-1.000
-1.000
-1.000
-1.000
4.401
-1.000
-1.000
-1.000
-1.000
-1.000
-1.000
-1.000
-1.000
-1.000
-1.000
-1.000
-1.000
-1.000
-1.000
-1.000
-1.000
-1.000
-1.000
-1.000
-1.000
-1.000
-1.000
-1.000
-1.000
-1.000
-1.000
-1.000
-1.000
-1.000
-1.000
-1.000
-1.000
-1.000
-1.000
-1.000
-1.000
-1.000
-1.000
-1.000
-1.000
-1.000
5.582
-1.000
-1.000
-1.000
-1.000
4.547
-1.000
-1.000
-1.000
-1.000
-1.000
-1.000
-1.000
-1.000
-1.000
-1.000
-1.000
5.731
-1.000
-1.000
-1.000
-1.000
-1.000
-1.000
-1.000
-1.000
-1.000
-1.000
-1.000
-1.000
-1.000
-1.000
-1.000
-1.000
-1.000
-1.000
-1.000
-1.000
-1.000
-1.000
-1.000
-1.000
-1.000
-1.000
-1.000
-1.000
-1.000
-1.000
-1.000
-1.000
-1.000
4.061
-1.000
-1.000
-1.000
-1.000
-1.000
-1.000
-1.000
-1.000
-1.000
-1.000
-1.000
-1.000
-1.000
-1.000
-1.000
3.691
-1.000
-1.000
-1.000
-1.000
-1.000
4.650
-1.000
-1.000
-1.000
-1.000
-1.000
-1.000
3.965
-1.000
-1.000
-1.000
-1.000
-1.000
-1.000
-1.000
-1.000
5.646
-1.000
-1.000
-1.000
4.846
-1.000
-1.000
-1.000
-1.000
-1.000
-1.000
-1.000
-1.000
-1.000
-1.000
-1.000
-1.000
-1.000
-1.000
-1.000
-1.000
-1.000
-1.000
-1.000
4.570
-1.000
-1.000
-1.000
-1.000
-1.000
-1.000
-1.000
-1.000
-1.000
-1.000
-1.000
-1.000
-1.000
-1.000
-1.000
-1.000
5.216
-1.000
-1.000
-1.000
-1.000
-1.000
-1.000
-1.000
-1.000
-1.000
-1.000
-1.000
-1.000
-1.000
-1.000
-1.000
-1.000
-1.000
-1.000
-1.000
-1.000
-1.000
-1.000
-1.000
-1.000
-1.000
-1.000
-1.000
-1.000
-1.000
-1.000
-1.000
-1.000
-1.000
-1.000
-1.000
-1.000
-1.000
-1.000
-1.000
-1.000
-1.000
-1.000
4.718
-1.000
-1.000
-1.000
-1.000
-1.000
-1.000
-1.000
-1.000
-1.000
-1.000
-1.000
-1.000
-1.000
-1.000
-1.000
-1.000
-1.000
-1.000
-1.000
-1.000
-1.000
-1.000
-1.000
-1.000
-1.000
-1.000
-1.000
-1.000
-1.000
-1.000
-1.000
-1.000
-1.000
-1.000
-1.000
-1.000
-1.000
-1.000
-1.000
-1.000
4.346
-1.000
-1.000
-1.000
-1.000
-1.000
-1.000
-1.000
-1.000
-1.000
-1.000
-1.000
-1.000
-1.000
-1.000
-1.000
-1.000
-1.000
3.965
-1.000
-1.000
-1.000
4.709
-1.000
-1.000
-1.000
-1.000
-1.000
-1.000
-1.000
-1.000
-1.000
-1.000
-1.000
-1.000
-1.000
-1.000
-1.000
-1.000
-1.000
-1.000
-1.000
-1.000
-1.000
-1.000
-1.000
-1.000
-1.000
-1.000
-1.000
-1.000
-1.000
-1.000
-1.000
-1.000
-1.000
-1.000
-1.000
-1.000
-1.000
-1.000
-1.000
-1.000
-1.000
-1.000
-1.000
-1.000
-1.000
-1.000
-1.000
-1.000
-1.000
-1.000
-1.000
-1.000
-1.000
-1.000
-1.000
-1.000
-1.000
-1.000
-1.000
-1.000
-1.000
-1.000
-1.000
-1.000
-1.000
-1.000
4.205
-1.000
-1.000
-1.000
-1.000
-1.000
-1.000
-1.000
-1.000
-1.000
-1.000
-1.000
-1.000
-1.000
-1.000
-1.000
-1.000
-1.000
-1.000
-1.000
-1.000
-1.000
-1.000
-1.000
-1.000
-1.000
-1.000
-1.000
-1.000
-1.000
-1.000
-1.000
-1.000
-1.000
-1.000
-1.000
-1.000
-1.000
4.463
-1.000
-1.000
4.733
-1.000
-1.000
4.705
6.046
-1.000
-1.000
-1.000
-1.000
-1.000
-1.000
-1.000
-1.000
-1.000
-1.000
-1.000
-1.000
-1.000
3.941
-1.000
-1.000
-1.000
-1.000
-1.000
-1.000
-1.000
-1.000
-1.000
-1.000
-1.000
-1.000
-1.000
-1.000
-1.000
-1.000
-1.000
-1.000
-1.000
-1.000
-1.000
-1.000
-1.000
-1.000
-1.000
-1.000
-1.000
-1.000
-1.000
-1.000
-1.000
-1.000
-1.000
-1.000
-1.000
-1.000
-1.000
-1.000
-1.000
-1.000
-1.000
-1.000
-1.000
-1.000
-1.000
-1.000
-1.000
-1.000
-1.000
4.311
5.392
-1.000
-1.000
-1.000
-1.000
-1.000
-1.000
-1.000
-1.000
-1.000
-1.000
-1.000
-1.000
-1.000
-1.000
-1.000
-1.000
-1.000
-1.000
-1.000
-1.000
-1.000
-1.000
4.836
-1.000
-1.000
-1.000
-1.000
-1.000
-1.000
-1.000
-1.000
-1.000
-1.000
-1.000
-1.000
-1.000
-1.000
4.608
-1.000
-1.000
-1.000
-1.000
-1.000
-1.000
-1.000
-1.000
-1.000
-1.000
-1.000
-1.000
-1.000
-1.000
-1.000
-1.000
-1.000
-1.000
-1.000
-1.000
-1.000
-1.000
-1.000
-1.000
-1.000
4.782
-1.000
-1.000
-1.000
-1.000
-1.000
-1.000
-1.000
-1.000
-1.000
-1.000
-1.000
-1.000
-1.000
-1.000
-1.000
-1.000
-1.000
-1.000
-1.000
-1.000
-1.000
-1.000
-1.000
-1.000
-1.000
-1.000
-1.000
-1.000
-1.000
-1.000
-1.000
-1.000
-1.000
-1.000
-1.000
-1.000
-1.000
-1.000
-1.000
-1.000
-1.000
-1.000
-1.000
-1.000
-1.000
-1.000
-1.000
3.663
-1.000
-1.000
-1.000
-1.000
-1.000
-1.000
-1.000
-1.000
-1.000
-1.000
-1.000
-1.000
-1.000
-1.000
-1.000
-1.000
-1.000
-1.000
-1.000
-1.000
4.793
-1.000
4.473
4.615
-1.000
-1.000
-1.000
-1.000
-1.000
-1.000
-1.000
-1.000
-1.000
-1.000
-1.000
-1.000
-1.000
5.125
-1.000
-1.000
-1.000
-1.000
-1.000
-1.000
-1.000
-1.000
-1.000
-1.000
-1.000
-1.000
-1.000
-1.000
-1.000
-1.000
-1.000
-1.000
-1.000
-1.000
-1.000
-1.000
-1.000
-1.000
-1.000
-1.000
-1.000
-1.000
-1.000
-1.000
-1.000
-1.000
-1.000
-1.000
-1.000
-1.000
-1.000
-1.000
-1.000
-1.000
-1.000
-1.000
-1.000
-1.000
-1.000
-1.000
-1.000
-1.000
-1.000
-1.000
-1.000
-1.000
-1.000
-1.000
-1.000
-1.000
-1.000
-1.000
-1.000
-1.000
-1.000
-1.000
-1.000
5.496
-1.000
-1.000
-1.000
-1.000
-1.000
-1.000
-1.000
-1.000
-1.000
-1.000
-1.000
-1.000
-1.000
-1.000
-1.000
-1.000
-1.000
-1.000
-1.000
-1.000
4.691
-1.000
-1.000
-1.000
-1.000
5.972
-1.000
-1.000
-1.000
-1.000
-1.000
-1.000
-1.000
-1.000
-1.000
-1.000
-1.000
-1.000
-1.000
-1.000
-1.000
-1.000
5.184
-1.000
-1.000
-1.000
-1.000
-1.000
-1.000
-1.000
5.998
-1.000
-1.000
-1.000
-1.000
5.159
-1.000
-1.000
-1.000
-1.000
-1.000
-1.000
-1.000
-1.000
-1.000
-1.000
-1.000
-1.000
-1.000
-1.000
3.616
-1.000
-1.000
-1.000
-1.000
-1.000
-1.000
-1.000
-1.000
-1.000
-1.000
-1.000
-1.000
-1.000
-1.000
-1.000
-1.000
-1.000
-1.000
-1.000
-1.000
-1.000
-1.000
-1.000
-1.000
-1.000
-1.000
-1.000
-1.000
-1.000
-1.000
-1.000
-1.000
-1.000
-1.000
-1.000
-1.000
-1.000
-1.000
-1.000
-1.000
-1.000
-1.000
-1.000
-1.000
-1.000
-1.000
-1.000
-1.000
-1.000
-1.000
-1.000
-1.000
-1.000
-1.000
-1.000
-1.000
-1.000
-1.000
-1.000
-1.000
-1.000
-1.000
5.837
-1.000
-1.000
-1.000
-1.000
-1.000
-1.000
-1.000
-1.000
-1.000
-1.000
-1.000
-1.000
-1.000
-1.000
-1.000
4.821
-1.000
-1.000
-1.000
-1.000
-1.000
-1.000
-1.000
4.221
-1.000
-1.000
-1.000
-1.000
-1.000
-1.000
4.552
-1.000
-1.000
-1.000
-1.000
-1.000
-1.000
-1.000
-1.000
-1.000
-1.000
-1.000
-1.000
-1.000
5.538
-1.000
-1.000
-1.000
-1.000
-1.000
-1.000
-1.000
-1.000
-1.000
-1.000
-1.000
5.617
-1.000
-1.000
-1.000
-1.000
-1.000
-1.000
5.073
-1.000
-1.000
-1.000
-1.000
-1.000
-1.000
-1.000
-1.000
-1.000
-1.000
-1.000
-1.000
-1.000
-1.000
-1.000
-1.000
-1.000
-1.000
-1.000
-1.000
-1.000
-1.000
4.387
-1.000
-1.000
-1.000
-1.000
-1.000
-1.000
-1.000
-1.000
-1.000
-1.000
-1.000
-1.000
-1.000
-1.000
-1.000
-1.000
5.770
-1.000
-1.000
-1.000
-1.000
-1.000
-1.000
-1.000
-1.000
-1.000
-1.000
-1.000
-1.000
-1.000
-1.000
-1.000
-1.000
-1.000
-1.000
-1.000
-1.000
-1.000
-1.000
-1.000
-1.000
-1.000
-1.000
-1.000
-1.000
-1.000
-1.000
-1.000
-1.000
-1.000
-1.000
-1.000
-1.000
-1.000
-1.000
-1.000
-1.000
-1.000
-1.000
-1.000
-1.000
-1.000
-1.000
-1.000
-1.000
-1.000
-1.000
-1.000
-1.000
-1.000
-1.000
-1.000
-1.000
-1.000
-1.000
-1.000
-1.000
-1.000
-1.000
-1.000
-1.000
-1.000
-1.000
-1.000
-1.000
5.570
-1.000
-1.000
-1.000
-1.000
-1.000
-1.000
-1.000
-1.000
-1.000
-1.000
-1.000
-1.000
4.961
-1.000
-1.000
-1.000
-1.000
-1.000
-1.000
-1.000
-1.000
-1.000
-1.000
-1.000
-1.000
-1.000
-1.000
-1.000
-1.000
-1.000
-1.000
4.581
-1.000
-1.000
3.749
-1.000
-1.000
-1.000
-1.000
4.732
-1.000
-1.000
-1.000
-1.000
-1.000
-1.000
-1.000
-1.000
-1.000
-1.000
-1.000
-1.000
-1.000
-1.000
-1.000
-1.000
-1.000
-1.000
-1.000
-1.000
-1.000
-1.000
-1.000
-1.000
-1.000
-1.000
-1.000
-1.000
-1.000
-1.000
-1.000
-1.000
-1.000
-1.000
5.075
-1.000
-1.000
-1.000
-1.000
-1.000
-1.000
-1.000
-1.000
-1.000
-1.000
-1.000
-1.000
-1.000
-1.000
-1.000
-1.000
-1.000
-1.000
-1.000
-1.000
-1.000
-1.000
-1.000
-1.000
-1.000
-1.000
-1.000
-1.000
-1.000
-1.000
-1.000
-1.000
-1.000
-1.000
-1.000
-1.000
-1.000
6.043
-1.000
-1.000
-1.000
-1.000
-1.000
-1.000
-1.000
-1.000
-1.000
-1.000
-1.000
-1.000
-1.000
-1.000
-1.000
-1.000
-1.000
-1.000
-1.000
-1.000
-1.000
-1.000
-1.000
-1.000
-1.000
-1.000
-1.000
-1.000
-1.000
4.638
-1.000
-1.000
-1.000
-1.000
-1.000
-1.000
-1.000
-1.000
-1.000
-1.000
-1.000
-1.000
-1.000
-1.000
-1.000
-1.000
-1.000
4.601
-1.000
-1.000
-1.000
-1.000
-1.000
4.423
-1.000
-1.000
-1.000
-1.000
-1.000
-1.000
-1.000
-1.000
-1.000
-1.000
-1.000
-1.000
-1.000
-1.000
-1.000
-1.000
-1.000
-1.000
5.169
-1.000
-1.000
-1.000
-1.000
-1.000
-1.000
-1.000
-1.000
-1.000
-1.000
-1.000
-1.000
-1.000
-1.000
-1.000
-1.000
-1.000
-1.000
-1.000
-1.000
-1.000
-1.000
-1.000
-1.000
-1.000
-1.000
-1.000
-1.000
-1.000
-1.000
-1.000
-1.000
-1.000
-1.000
-1.000
-1.000
-1.000
4.556
-1.000
-1.000
-1.000
-1.000
-1.000
-1.000
-1.000
-1.000
-1.000
-1.000
-1.000
-1.000
-1.000
-1.000
-1.000
-1.000
-1.000
-1.000
-1.000
-1.000
-1.000
-1.000
-1.000
-1.000
-1.000
-1.000
-1.000
-1.000
-1.000
-1.000
-1.000
-1.000
4.569
-1.000
-1.000
-1.000
-1.000
-1.000
-1.000
-1.000
-1.000
-1.000
-1.000
4.451
3.927
-1.000
-1.000
-1.000
-1.000
-1.000
4.239
-1.000
-1.000
-1.000
-1.000
-1.000
-1.000
-1.000
-1.000
-1.000
-1.000
-1.000
-1.000
-1.000
-1.000
4.686
-1.000
-1.000
-1.000
-1.000
-1.000
-1.000
-1.000
-1.000
-1.000
-1.000
-1.000
-1.000
-1.000
-1.000
-1.000
-1.000
-1.000
-1.000
-1.000
-1.000
-1.000
-1.000
6.022
-1.000
-1.000
-1.000
-1.000
-1.000
-1.000
-1.000
-1.000
-1.000
-1.000
4.805
-1.000
-1.000
-1.000
-1.000
-1.000
-1.000
-1.000
-1.000
-1.000
-1.000
-1.000
-1.000
-1.000
-1.000
-1.000
-1.000
-1.000
-1.000
-1.000
-1.000
4.917
-1.000
-1.000
-1.000
-1.000
-1.000
-1.000
-1.000
-1.000
-1.000
-1.000
-1.000
-1.000
-1.000
-1.000
-1.000
-1.000
-1.000
-1.000
-1.000
-1.000
-1.000
-1.000
-1.000
-1.000
-1.000
-1.000
-1.000
-1.000
-1.000
-1.000
-1.000
-1.000
-1.000
-1.000
-1.000
-1.000
-1.000
-1.000
-1.000
4.654
-1.000
-1.000
-1.000
-1.000
-1.000
-1.000
4.621
-1.000
-1.000
-1.000
-1.000
-1.000
-1.000
-1.000
-1.000
-1.000
-1.000
-1.000
-1.000
-1.000
-1.000
-1.000
-1.000
-1.000
-1.000
-1.000
-1.000
-1.000
-1.000
-1.000
-1.000
-1.000
-1.000
-1.000
-1.000
-1.000
-1.000
-1.000
-1.000
3.146
-1.000
-1.000
-1.000
-1.000
-1.000
5.135
-1.000
-1.000
4.991
-1.000
-1.000
5.212
-1.000
-1.000
-1.000
-1.000
-1.000
-1.000
-1.000
-1.000
-1.000
-1.000
-1.000
-1.000
-1.000
-1.000
-1.000
-1.000
-1.000
-1.000
-1.000
-1.000
-1.000
-1.000
3.908
-1.000
-1.000
-1.000
-1.000
-1.000
-1.000
-1.000
-1.000
-1.000
-1.000
-1.000
-1.000
-1.000
-1.000
-1.000
-1.000
-1.000
-1.000
-1.000
-1.000
-1.000
-1.000
-1.000
-1.000
-1.000
-1.000
-1.000
-1.000
-1.000
-1.000
-1.000
-1.000
4.788
-1.000
-1.000
-1.000
-1.000
-1.000
-1.000
-1.000
-1.000
-1.000
4.049
-1.000
-1.000
-1.000
-1.000
-1.000
5.416
-1.000
-1.000
-1.000
-1.000
-1.000
-1.000
-1.000
-1.000
-1.000
-1.000
-1.000
-1.000
-1.000
-1.000
-1.000
-1.000
-1.000
-1.000
-1.000
-1.000
-1.000
5.437
-1.000
-1.000
-1.000
-1.000
-1.000
-1.000
-1.000
-1.000
-1.000
-1.000
-1.000
-1.000
-1.000
-1.000
-1.000
-1.000
-1.000
-1.000
-1.000
-1.000
-1.000
-1.000
-1.000
-1.000
-1.000
-1.000
-1.000
-1.000
-1.000
-1.000
-1.000
-1.000
-1.000
-1.000
6.182
-1.000
-1.000
-1.000
-1.000
-1.000
-1.000
-1.000
-1.000
-1.000
-1.000
-1.000
-1.000
-1.000
-1.000
-1.000
-1.000
-1.000
-1.000
-1.000
-1.000
-1.000
-1.000
-1.000
-1.000
-1.000
-1.000
-1.000
-1.000
-1.000
-1.000
-1.000
-1.000
-1.000
-1.000
-1.000
-1.000
-1.000
-1.000
-1.000
-1.000
-1.000
-1.000
-1.000
-1.000
-1.000
-1.000
-1.000
-1.000
-1.000
-1.000
-1.000
-1.000
-1.000
-1.000
-1.000
5.059
-1.000
-1.000
-1.000
4.336
-1.000
-1.000
-1.000
-1.000
-1.000
-1.000
-1.000
-1.000
-1.000
-1.000
-1.000
-1.000
-1.000
-1.000
-1.000
-1.000
-1.000
4.315
-1.000
-1.000
-1.000
-1.000
-1.000
-1.000
-1.000
-1.000
-1.000
-1.000
-1.000
-1.000
-1.000
-1.000
-1.000
-1.000
4.852
-1.000
-1.000
-1.000
-1.000
5.462
-1.000
-1.000
-1.000
-1.000
-1.000
-1.000
-1.000
-1.000
-1.000
-1.000
-1.000
-1.000
-1.000
-1.000
-1.000
-1.000
-1.000
-1.000
-1.000
-1.000
-1.000
4.363
-1.000
-1.000
-1.000
-1.000
-1.000
-1.000
-1.000
-1.000
-1.000
-1.000
-1.000
-1.000
-1.000
-1.000
-1.000
-1.000
-1.000
-1.000
-1.000
-1.000
-1.000
-1.000
-1.000
-1.000
-1.000
-1.000
-1.000
-1.000
-1.000
-1.000
-1.000
-1.000
-1.000
-1.000
5.884
-1.000
-1.000
-1.000
-1.000
-1.000
-1.000
-1.000
-1.000
6.065
-1.000
-1.000
-1.000
-1.000
-1.000
-1.000
-1.000
-1.000
-1.000
-1.000
-1.000
-1.000
-1.000
-1.000
-1.000
-1.000
-1.000
-1.000
-1.000
-1.000
-1.000
-1.000
-1.000
5.010
-1.000
-1.000
-1.000
-1.000
-1.000
-1.000
-1.000
-1.000
-1.000
-1.000
-1.000
-1.000
-1.000
-1.000
-1.000
-1.000
-1.000
-1.000
-1.000
-1.000
-1.000
-1.000
-1.000
-1.000
5.972
-1.000
-1.000
-1.000
-1.000
-1.000
-1.000
-1.000
-1.000
-1.000
-1.000
-1.000
-1.000
-1.000
-1.000
-1.000
-1.000
-1.000
-1.000
-1.000
-1.000
-1.000
-1.000
-1.000
-1.000
-1.000
-1.000
-1.000
-1.000
-1.000
-1.000
-1.000
-1.000
-1.000
-1.000
-1.000
-1.000
-1.000
-1.000
-1.000
-1.000
-1.000
-1.000
5.384
-1.000
-1.000
-1.000
-1.000
-1.000
-1.000
-1.000
-1.000
-1.000
-1.000
4.115
-1.000
-1.000
-1.000
-1.000
-1.000
-1.000
-1.000
-1.000
-1.000
-1.000
-1.000
-1.000
-1.000
-1.000
-1.000
-1.000
-1.000
-1.000
-1.000
-1.000
-1.000
-1.000
-1.000
-1.000
-1.000
-1.000
-1.000
-1.000
-1.000
-1.000
-1.000
5.165
-1.000
-1.000
-1.000
-1.000
-1.000
3.566
-1.000
-1.000
-1.000
-1.000
-1.000
-1.000
-1.000
-1.000
-1.000
-1.000
-1.000
-1.000
-1.000
-1.000
-1.000
-1.000
-1.000
-1.000
-1.000
-1.000
-1.000
-1.000
-1.000
-1.000
-1.000
-1.000
-1.000
-1.000
-1.000
-1.000
-1.000
-1.000
-1.000
-1.000
-1.000
-1.000
-1.000
-1.000
-1.000
-1.000
-1.000
-1.000
-1.000
-1.000
-1.000
-1.000
-1.000
-1.000
-1.000
-1.000
-1.000
-1.000
-1.000
-1.000
-1.000
4.829
-1.000
-1.000
-1.000
-1.000
-1.000
-1.000
-1.000
-1.000
-1.000
-1.000
-1.000
-1.000
5.523
-1.000
-1.000
-1.000
-1.000
-1.000
-1.000
-1.000
-1.000
-1.000
-1.000
-1.000
-1.000
-1.000
-1.000
-1.000
-1.000
-1.000
-1.000
-1.000
-1.000
-1.000
-1.000
-1.000
-1.000
-1.000
-1.000
-1.000
-1.000
-1.000
-1.000
-1.000
-1.000
-1.000
-1.000
-1.000
-1.000
-1.000
-1.000
-1.000
-1.000
-1.000
-1.000
-1.000
-1.000
-1.000
-1.000
-1.000
-1.000
-1.000
-1.000
4.408
4.459
-1.000
-1.000
-1.000
-1.000
-1.000
-1.000
-1.000
-1.000
-1.000
-1.000
-1.000
-1.000
-1.000
-1.000
-1.000
-1.000
-1.000
-1.000
5.176
-1.000
-1.000
5.125
-1.000
-1.000
-1.000
-1.000
-1.000
-1.000
-1.000
-1.000
-1.000
-1.000
-1.000
4.688
-1.000
-1.000
-1.000
-1.000
-1.000
-1.000
-1.000
-1.000
-1.000
-1.000
-1.000
-1.000
-1.000
-1.000
-1.000
-1.000
-1.000
-1.000
-1.000
-1.000
-1.000
-1.000
-1.000
-1.000
-1.000
-1.000
-1.000
-1.000
-1.000
-1.000
-1.000
-1.000
-1.000
-1.000
-1.000
-1.000
-1.000
-1.000
-1.000
-1.000
-1.000
-1.000
-1.000
-1.000
-1.000
-1.000
-1.000
-1.000
-1.000
-1.000
-1.000
5.917
4.916
-1.000
-1.000
-1.000
-1.000
4.492
-1.000
-1.000
-1.000
-1.000
-1.000
-1.000
-1.000
-1.000
-1.000
-1.000
-1.000
-1.000
-1.000
-1.000
-1.000
-1.000
-1.000
-1.000
-1.000
-1.000
-1.000
-1.000
-1.000
-1.000
-1.000
-1.000
-1.000
-1.000
-1.000
-1.000
-1.000
-1.000
-1.000
-1.000
-1.000
-1.000
-1.000
-1.000
-1.000
-1.000
-1.000
-1.000
-1.000
-1.000
-1.000
-1.000
-1.000
4.574
-1.000
-1.000
5.232
-1.000
5.003
-1.000
-1.000
-1.000
-1.000
-1.000
-1.000
4.342
-1.000
-1.000
-1.000
-1.000
-1.000
-1.000
5.241
-1.000
6.071
5.543
-1.000
-1.000
-1.000
-1.000
-1.000
-1.000
-1.000
-1.000
-1.000
-1.000
-1.000
4.194
-1.000
-1.000
-1.000
-1.000
-1.000
-1.000
-1.000
-1.000
-1.000
-1.000
-1.000
-1.000
-1.000
-1.000
-1.000
-1.000
-1.000
-1.000
-1.000
4.746
-1.000
-1.000
-1.000
-1.000
-1.000
-1.000
-1.000
-1.000
-1.000
-1.000
-1.000
-1.000
-1.000
-1.000
-1.000
-1.000
-1.000
-1.000
-1.000
-1.000
-1.000
-1.000
-1.000
-1.000
-1.000
-1.000
-1.000
-1.000
-1.000
-1.000
4.414
-1.000
-1.000
-1.000
-1.000
-1.000
-1.000
-1.000
-1.000
-1.000
-1.000
-1.000
-1.000
-1.000
-1.000
-1.000
-1.000
-1.000
-1.000
-1.000
-1.000
-1.000
-1.000
4.123
-1.000
-1.000
-1.000
-1.000
-1.000
-1.000
-1.000
-1.000
-1.000
-1.000
-1.000
-1.000
-1.000
-1.000
-1.000
4.505
-1.000
-1.000
-1.000
5.283
4.197
-1.000
-1.000
-1.000
-1.000
-1.000
-1.000
-1.000
-1.000
-1.000
-1.000
-1.000
-1.000
-1.000
-1.000
-1.000
-1.000
6.239
-1.000
-1.000
-1.000
-1.000
-1.000
4.785
-1.000
-1.000
-1.000
-1.000
3.916
-1.000
-1.000
-1.000
-1.000
-1.000
-1.000
-1.000
-1.000
2.837
-1.000
-1.000
-1.000
-1.000
-1.000
-1.000
-1.000
-1.000
-1.000
-1.000
-1.000
-1.000
-1.000
-1.000
-1.000
-1.000
-1.000
-1.000
-1.000
-1.000
-1.000
-1.000
-1.000
-1.000
-1.000
-1.000
-1.000
-1.000
-1.000
-1.000
-1.000
-1.000
-1.000
4.480
-1.000
-1.000
-1.000
-1.000
-1.000
-1.000
4.841
4.387
-1.000
-1.000
-1.000
5.804
-1.000
-1.000
-1.000
-1.000
-1.000
-1.000
-1.000
-1.000
3.957
-1.000
-1.000
-1.000
-1.000
-1.000
-1.000
-1.000
5.049
-1.000
-1.000
-1.000
-1.000
-1.000
-1.000
-1.000
-1.000
-1.000
-1.000
-1.000
-1.000
-1.000
-1.000
-1.000
-1.000
-1.000
-1.000
-1.000
-1.000
-1.000
-1.000
-1.000
4.194
-1.000
-1.000
-1.000
-1.000
4.368
-1.000
-1.000
-1.000
-1.000
-1.000
-1.000
-1.000
-1.000
-1.000
3.816
-1.000
-1.000
-1.000
-1.000
-1.000
3.303
-1.000
-1.000
-1.000
-1.000
-1.000
-1.000
-1.000
-1.000
-1.000
-1.000
-1.000
-1.000
-1.000
-1.000
-1.000
-1.000
-1.000
-1.000
4.776
-1.000
-1.000
-1.000
-1.000
5.392
-1.000
-1.000
-1.000
-1.000
-1.000
-1.000
-1.000
-1.000
-1.000
-1.000
-1.000
-1.000
-1.000
-1.000
-1.000
-1.000
-1.000
-1.000
-1.000
-1.000
-1.000
-1.000
-1.000
-1.000
-1.000
-1.000
-1.000
-1.000
-1.000
-1.000
-1.000
-1.000
-1.000
-1.000
-1.000
-1.000
-1.000
-1.000
-1.000
-1.000
-1.000
-1.000
-1.000
-1.000
-1.000
-1.000
-1.000
-1.000
-1.000
-1.000
-1.000
-1.000
-1.000
-1.000
5.039
-1.000
-1.000
4.121
-1.000
-1.000
-1.000
-1.000
-1.000
-1.000
-1.000
-1.000
-1.000
-1.000
-1.000
-1.000
5.627
-1.000
-1.000
-1.000
-1.000
-1.000
-1.000
-1.000
-1.000
-1.000
-1.000
-1.000
-1.000
-1.000
-1.000
-1.000
-1.000
-1.000
-1.000
-1.000
-1.000
-1.000
-1.000
-1.000
-1.000
-1.000
-1.000
-1.000
-1.000
-1.000
-1.000
-1.000
3.873
-1.000
-1.000
-1.000
-1.000
4.624
-1.000
-1.000
-1.000
-1.000
-1.000
-1.000
-1.000
-1.000
-1.000
-1.000
-1.000
-1.000
-1.000
-1.000
-1.000
-1.000
-1.000
-1.000
-1.000
5.607
5.548
-1.000
-1.000
-1.000
-1.000
-1.000
-1.000
-1.000
-1.000
-1.000
-1.000
-1.000
-1.000
-1.000
-1.000
-1.000
-1.000
-1.000
-1.000
-1.000
-1.000
-1.000
-1.000
-1.000
-1.000
-1.000
-1.000
-1.000
-1.000
-1.000
-1.000
-1.000
-1.000
-1.000
-1.000
-1.000
-1.000
-1.000
-1.000
-1.000
-1.000
-1.000
-1.000
-1.000
-1.000
-1.000
-1.000
-1.000
-1.000
-1.000
4.713
4.473
-1.000
-1.000
-1.000
-1.000
-1.000
-1.000
-1.000
-1.000
-1.000
-1.000
-1.000
-1.000
-1.000
-1.000
-1.000
-1.000
-1.000
-1.000
-1.000
-1.000
-1.000
-1.000
-1.000
-1.000
-1.000
4.574
-1.000
-1.000
-1.000
-1.000
-1.000
-1.000
-1.000
-1.000
4.448
-1.000
-1.000
-1.000
-1.000
-1.000
3.856
6.093
3.935
-1.000
-1.000
-1.000
-1.000
-1.000
-1.000
-1.000
-1.000
-1.000
-1.000
-1.000
-1.000
-1.000
-1.000
-1.000
-1.000
-1.000
4.946
-1.000
-1.000
-1.000
-1.000
-1.000
-1.000
-1.000
-1.000
-1.000
-1.000
-1.000
5.124
-1.000
-1.000
-1.000
-1.000
-1.000
-1.000
-1.000
-1.000
-1.000
-1.000
-1.000
-1.000
-1.000
-1.000
-1.000
-1.000
-1.000
-1.000
-1.000
-1.000
4.971
5.352
-1.000
-1.000
-1.000
-1.000
-1.000
-1.000
-1.000
-1.000
-1.000
-1.000
4.303
-1.000
-1.000
-1.000
-1.000
-1.000
-1.000
-1.000
-1.000
-1.000
-1.000
-1.000
4.055
-1.000
-1.000
-1.000
-1.000
-1.000
-1.000
-1.000
-1.000
-1.000
-1.000
4.291
-1.000
-1.000
-1.000
-1.000
-1.000
-1.000
-1.000
-1.000
-1.000
-1.000
-1.000
4.411
-1.000
-1.000
-1.000
-1.000
-1.000
-1.000
-1.000
-1.000
-1.000
-1.000
-1.000
-1.000
-1.000
-1.000
-1.000
-1.000
-1.000
-1.000
5.397
-1.000
-1.000
-1.000
-1.000
-1.000
-1.000
-1.000
-1.000
4.665
-1.000
-1.000
-1.000
-1.000
-1.000
-1.000
-1.000
-1.000
-1.000
-1.000
-1.000
-1.000
-1.000
-1.000
-1.000
-1.000
-1.000
-1.000
-1.000
-1.000
-1.000
-1.000
-1.000
-1.000
-1.000
-1.000
-1.000
-1.000
-1.000
-1.000
-1.000
-1.000
-1.000
-1.000
-1.000
-1.000
-1.000
-1.000
-1.000
5.404
-1.000
-1.000
-1.000
-1.000
-1.000
-1.000
-1.000
-1.000
-1.000
-1.000
-1.000
-1.000
-1.000
4.178
-1.000
-1.000
-1.000
-1.000
-1.000
-1.000
-1.000
5.162
-1.000
-1.000
-1.000
-1.000
-1.000
-1.000
-1.000
5.786
-1.000
-1.000
-1.000
-1.000
-1.000
-1.000
-1.000
-1.000
-1.000
-1.000
-1.000
-1.000
5.450
5.764
-1.000
-1.000
5.184
3.706
-1.000
-1.000
-1.000
-1.000
-1.000
-1.000
-1.000
-1.000
-1.000
-1.000
-1.000
-1.000
-1.000
-1.000
-1.000
-1.000
-1.000
-1.000
-1.000
-1.000
-1.000
-1.000
-1.000
-1.000
-1.000
-1.000
4.367
-1.000
-1.000
-1.000
-1.000
-1.000
-1.000
-1.000
-1.000
-1.000
-1.000
5.859
4.389
-1.000
-1.000
-1.000
-1.000
-1.000
4.249
-1.000
-1.000
-1.000
-1.000
-1.000
-1.000
-1.000
-1.000
-1.000
-1.000
-1.000
5.008
-1.000
-1.000
-1.000
-1.000
-1.000
-1.000
-1.000
-1.000
-1.000
-1.000
-1.000
-1.000
-1.000
-1.000
-1.000
-1.000
-1.000
-1.000
-1.000
-1.000
4.049
-1.000
-1.000
-1.000
-1.000
-1.000
-1.000
-1.000
-1.000
5.337
-1.000
-1.000
5.493
-1.000
-1.000
-1.000
-1.000
-1.000
-1.000
-1.000
-1.000
-1.000
-1.000
-1.000
-1.000
-1.000
-1.000
-1.000
-1.000
-1.000
-1.000
-1.000
5.134
-1.000
-1.000
-1.000
-1.000
-1.000
-1.000
-1.000
-1.000
-1.000
-1.000
-1.000
5.484
-1.000
-1.000
-1.000
-1.000
-1.000
-1.000
-1.000
-1.000
-1.000
4.913
-1.000
-1.000
-1.000
-1.000
-1.000
-1.000
-1.000
-1.000
-1.000
-1.000
-1.000
-1.000
4.602
-1.000
-1.000
-1.000
-1.000
-1.000
-1.000
-1.000
-1.000
-1.000
-1.000
-1.000
3.025
6.175
-1.000
-1.000
-1.000
-1.000
-1.000
-1.000
-1.000
-1.000
4.605
-1.000
-1.000
-1.000
-1.000
-1.000
-1.000
-1.000
-1.000
-1.000
-1.000
-1.000
-1.000
-1.000
-1.000
-1.000
-1.000
-1.000
-1.000
-1.000
-1.000
-1.000
-1.000
-1.000
-1.000
-1.000
-1.000
-1.000
-1.000
-1.000
-1.000
-1.000
-1.000
-1.000
-1.000
-1.000
-1.000
-1.000
-1.000
-1.000
-1.000
-1.000
-1.000
-1.000
-1.000
-1.000
-1.000
-1.000
4.328
-1.000
-1.000
-1.000
-1.000
-1.000
-1.000
-1.000
-1.000
-1.000
-1.000
-1.000
-1.000
-1.000
-1.000
-1.000
4.582
-1.000
-1.000
-1.000
-1.000
-1.000
-1.000
-1.000
-1.000
-1.000
-1.000
-1.000
-1.000
-1.000
-1.000
-1.000
-1.000
-1.000
-1.000
-1.000
-1.000
-1.000
-1.000
-1.000
-1.000
-1.000
-1.000
-1.000
-1.000
-1.000
-1.000
-1.000
-1.000
-1.000
-1.000
4.463
-1.000
-1.000
-1.000
5.439
-1.000
-1.000
4.753
-1.000
5.132
-1.000
-1.000
-1.000
-1.000
-1.000
-1.000
-1.000
-1.000
-1.000
-1.000
-1.000
-1.000
-1.000
-1.000
-1.000
-1.000
-1.000
-1.000
-1.000
-1.000
-1.000
-1.000
-1.000
-1.000
-1.000
-1.000
-1.000
-1.000
-1.000
-1.000
-1.000
-1.000
-1.000
-1.000
-1.000
-1.000
-1.000
-1.000
-1.000
-1.000
-1.000
-1.000
-1.000
-1.000
-1.000
-1.000
-1.000
-1.000
-1.000
-1.000
-1.000
-1.000
-1.000
-1.000
-1.000
-1.000
-1.000
-1.000
-1.000
-1.000
-1.000
-1.000
-1.000
-1.000
-1.000
-1.000
-1.000
-1.000
-1.000
-1.000
-1.000
-1.000
-1.000
-1.000
-1.000
4.584
-1.000
-1.000
-1.000
-1.000
-1.000
-1.000
-1.000
-1.000
-1.000
-1.000
-1.000
-1.000
-1.000
-1.000
-1.000
-1.000
-1.000
-1.000
-1.000
-1.000
4.548
4.003
-1.000
-1.000
-1.000
-1.000
-1.000
-1.000
-1.000
-1.000
-1.000
-1.000
-1.000
-1.000
-1.000
-1.000
-1.000
-1.000
-1.000
-1.000
3.779
-1.000
-1.000
-1.000
-1.000
-1.000
-1.000
-1.000
-1.000
-1.000
-1.000
-1.000
-1.000
-1.000
-1.000
-1.000
-1.000
4.587
-1.000
-1.000
-1.000
-1.000
-1.000
-1.000
-1.000
-1.000
-1.000
-1.000
-1.000
-1.000
-1.000
-1.000
-1.000
-1.000
-1.000
-1.000
-1.000
-1.000
-1.000
-1.000
-1.000
-1.000
-1.000
-1.000
-1.000
-1.000
-1.000
-1.000
-1.000
-1.000
-1.000
-1.000
-1.000
-1.000
-1.000
-1.000
-1.000
-1.000
4.667
-1.000
-1.000
-1.000
-1.000
-1.000
-1.000
-1.000
-1.000
-1.000
-1.000
-1.000
5.356
-1.000
-1.000
-1.000
-1.000
-1.000
-1.000
-1.000
-1.000
-1.000
-1.000
-1.000
-1.000
-1.000
-1.000
-1.000
-1.000
-1.000
-1.000
-1.000
-1.000
-1.000
-1.000
-1.000
-1.000
-1.000
-1.000
-1.000
-1.000
-1.000
-1.000
-1.000
-1.000
-1.000
-1.000
-1.000
-1.000
-1.000
-1.000
-1.000
-1.000
-1.000
-1.000
-1.000
-1.000
-1.000
-1.000
-1.000
-1.000
-1.000
-1.000
-1.000
-1.000
5.391
-1.000
-1.000
-1.000
-1.000
-1.000
-1.000
-1.000
-1.000
-1.000
-1.000
-1.000
-1.000
-1.000
-1.000
-1.000
-1.000
-1.000
-1.000
-1.000
-1.000
-1.000
-1.000
-1.000
-1.000
-1.000
-1.000
-1.000
-1.000
-1.000
-1.000
-1.000
-1.000
-1.000
-1.000
-1.000
-1.000
-1.000
-1.000
-1.000
-1.000
-1.000
-1.000
-1.000
-1.000
-1.000
-1.000
-1.000
-1.000
4.747
-1.000
-1.000
-1.000
-1.000
-1.000
-1.000
-1.000
-1.000
-1.000
-1.000
-1.000
-1.000
4.303
-1.000
-1.000
-1.000
-1.000
-1.000
-1.000
-1.000
-1.000
-1.000
3.861
-1.000
-1.000
-1.000
-1.000
-1.000
-1.000
-1.000
-1.000
-1.000
-1.000
3.983
-1.000
4.958
-1.000
4.733
-1.000
-1.000
-1.000
-1.000
-1.000
-1.000
-1.000
-1.000
-1.000
-1.000
-1.000
-1.000
-1.000
-1.000
-1.000
-1.000
-1.000
-1.000
-1.000
-1.000
-1.000
-1.000
4.766
-1.000
-1.000
-1.000
-1.000
-1.000
-1.000
-1.000
-1.000
-1.000
-1.000
-1.000
-1.000
-1.000
-1.000
-1.000
-1.000
4.303
-1.000
-1.000
-1.000
-1.000
-1.000
-1.000
-1.000
-1.000
-1.000
-1.000
-1.000
-1.000
5.979
-1.000
-1.000
-1.000
-1.000
-1.000
-1.000
-1.000
-1.000
-1.000
-1.000
-1.000
-1.000
-1.000
-1.000
5.632
-1.000
-1.000
-1.000
-1.000
-1.000
-1.000
-1.000
-1.000
-1.000
-1.000
-1.000
-1.000
-1.000
-1.000
-1.000
-1.000
-1.000
-1.000
-1.000
-1.000
-1.000
-1.000
-1.000
-1.000
-1.000
-1.000
-1.000
-1.000
-1.000
-1.000
-1.000
-1.000
-1.000
-1.000
-1.000
-1.000
-1.000
-1.000
-1.000
-1.000
-1.000
-1.000
-1.000
-1.000
-1.000
-1.000
4.906
-1.000
-1.000
-1.000
-1.000
-1.000
-1.000
-1.000
-1.000
-1.000
-1.000
-1.000
-1.000
-1.000
-1.000
-1.000
-1.000
-1.000
-1.000
-1.000
-1.000
-1.000
-1.000
-1.000
-1.000
-1.000
-1.000
-1.000
-1.000
-1.000
-1.000
5.443
5.795
-1.000
-1.000
-1.000
-1.000
-1.000
-1.000
-1.000
-1.000
-1.000
-1.000
-1.000
-1.000
-1.000
-1.000
-1.000
-1.000
-1.000
-1.000
-1.000
-1.000
-1.000
-1.000
-1.000
-1.000
-1.000
-1.000
-1.000
-1.000
-1.000
-1.000
-1.000
-1.000
-1.000
-1.000
-1.000
-1.000
-1.000
-1.000
4.989
6.150
-1.000
-1.000
-1.000
-1.000
3.900
-1.000
-1.000
-1.000
-1.000
-1.000
-1.000
-1.000
-1.000
-1.000
-1.000
-1.000
-1.000
-1.000
-1.000
-1.000
-1.000
-1.000
-1.000
-1.000
-1.000
-1.000
-1.000
-1.000
-1.000
-1.000
-1.000
-1.000
-1.000
-1.000
-1.000
-1.000
-1.000
5.629
-1.000
-1.000
-1.000
-1.000
-1.000
-1.000
-1.000
-1.000
-1.000
-1.000
-1.000
-1.000
-1.000
-1.000
-1.000
-1.000
-1.000
-1.000
-1.000
-1.000
-1.000
-1.000
-1.000
-1.000
-1.000
-1.000
-1.000
-1.000
-1.000
-1.000
-1.000
-1.000
-1.000
-1.000
-1.000
-1.000
-1.000
-1.000
-1.000
-1.000
-1.000
-1.000
-1.000
-1.000
-1.000
4.467
-1.000
-1.000
-1.000
-1.000
-1.000
-1.000
-1.000
4.250
-1.000
-1.000
-1.000
-1.000
-1.000
-1.000
-1.000
-1.000
-1.000
-1.000
-1.000
-1.000
-1.000
-1.000
-1.000
-1.000
-1.000
-1.000
-1.000
-1.000
-1.000
-1.000
-1.000
-1.000
-1.000
-1.000
-1.000
-1.000
-1.000
-1.000
-1.000
-1.000
-1.000
-1.000
-1.000
-1.000
-1.000
-1.000
-1.000
-1.000
-1.000
-1.000
-1.000
-1.000
-1.000
-1.000
-1.000
-1.000
-1.000
-1.000
-1.000
-1.000
-1.000
-1.000
-1.000
-1.000
-1.000
-1.000
-1.000
-1.000
-1.000
-1.000
-1.000
-1.000
-1.000
-1.000
-1.000
-1.000
-1.000
-1.000
-1.000
-1.000
-1.000
-1.000
-1.000
-1.000
-1.000
-1.000
-1.000
-1.000
-1.000
-1.000
5.033
-1.000
-1.000
-1.000
-1.000
-1.000
-1.000
-1.000
-1.000
-1.000
-1.000
-1.000
4.839
-1.000
-1.000
-1.000
-1.000
-1.000
-1.000
-1.000
-1.000
-1.000
-1.000
4.343
-1.000
-1.000
-1.000
-1.000
-1.000
-1.000
-1.000
-1.000
-1.000
-1.000
-1.000
-1.000
-1.000
-1.000
-1.000
-1.000
-1.000
-1.000
-1.000
-1.000
-1.000
-1.000
-1.000
-1.000
-1.000
-1.000
-1.000
-1.000
-1.000
-1.000
-1.000
-1.000
-1.000
-1.000
-1.000
4.428
-1.000
-1.000
-1.000
-1.000
-1.000
-1.000
-1.000
-1.000
-1.000
-1.000
-1.000
-1.000
-1.000
4.934
-1.000
-1.000
-1.000
-1.000
-1.000
-1.000
-1.000
-1.000
-1.000
4.988
-1.000
5.963
-1.000
-1.000
-1.000
-1.000
-1.000
-1.000
-1.000
-1.000
-1.000
-1.000
-1.000
-1.000
-1.000
-1.000
-1.000
-1.000
-1.000
-1.000
-1.000
-1.000
-1.000
-1.000
-1.000
-1.000
-1.000
-1.000
-1.000
-1.000
-1.000
-1.000
-1.000
-1.000
-1.000
-1.000
-1.000
4.947
-1.000
-1.000
-1.000
-1.000
-1.000
-1.000
-1.000
-1.000
5.242
-1.000
-1.000
-1.000
-1.000
-1.000
-1.000
-1.000
-1.000
-1.000
-1.000
-1.000
-1.000
-1.000
-1.000
-1.000
-1.000
-1.000
-1.000
-1.000
-1.000
-1.000
-1.000
-1.000
-1.000
-1.000
-1.000
-1.000
5.172
-1.000
-1.000
-1.000
-1.000
-1.000
-1.000
-1.000
-1.000
-1.000
-1.000
-1.000
-1.000
-1.000
-1.000
-1.000
-1.000
-1.000
-1.000
-1.000
-1.000
-1.000
-1.000
-1.000
-1.000
-1.000
-1.000
-1.000
-1.000
-1.000
-1.000
-1.000
-1.000
4.733
-1.000
-1.000
-1.000
-1.000
-1.000
-1.000
-1.000
-1.000
-1.000
-1.000
-1.000
-1.000
-1.000
-1.000
-1.000
-1.000
-1.000
-1.000
-1.000
-1.000
-1.000
-1.000
-1.000
-1.000
-1.000
-1.000
-1.000
-1.000
-1.000
-1.000
-1.000
-1.000
-1.000
-1.000
-1.000
-1.000
-1.000
-1.000
-1.000
-1.000
-1.000
-1.000
-1.000
-1.000
-1.000
-1.000
-1.000
-1.000
-1.000
-1.000
-1.000
-1.000
-1.000
-1.000
-1.000
-1.000
5.206
-1.000
-1.000
-1.000
-1.000
-1.000
-1.000
-1.000
-1.000
-1.000
-1.000
-1.000
-1.000
5.521
-1.000
-1.000
-1.000
-1.000
-1.000
-1.000
-1.000
-1.000
-1.000
-1.000
-1.000
-1.000
-1.000
-1.000
-1.000
-1.000
-1.000
-1.000
-1.000
-1.000
-1.000
-1.000
-1.000
-1.000
-1.000
-1.000
-1.000
-1.000
-1.000
-1.000
-1.000
-1.000
-1.000
-1.000
-1.000
3.417
-1.000
-1.000
-1.000
-1.000
-1.000
-1.000
-1.000
-1.000
-1.000
5.276
-1.000
-1.000
-1.000
-1.000
-1.000
-1.000
-1.000
5.880
3.592
-1.000
-1.000
-1.000
-1.000
-1.000
-1.000
-1.000
-1.000
4.371
-1.000
-1.000
4.819
-1.000
-1.000
-1.000
5.309
5.331
-1.000
-1.000
-1.000
-1.000
-1.000
4.199
-1.000
-1.000
-1.000
-1.000
-1.000
-1.000
-1.000
-1.000
-1.000
-1.000
4.959
-1.000
-1.000
-1.000
-1.000
5.175
-1.000
-1.000
-1.000
-1.000
-1.000
-1.000
-1.000
-1.000
-1.000
-1.000
-1.000
-1.000
-1.000
-1.000
-1.000
-1.000
-1.000
-1.000
-1.000
-1.000
4.619
-1.000
-1.000
-1.000
-1.000
-1.000
-1.000
-1.000
-1.000
-1.000
-1.000
-1.000
-1.000
-1.000
-1.000
-1.000
-1.000
-1.000
-1.000
4.885
-1.000
-1.000
-1.000
-1.000
-1.000
-1.000
-1.000
-1.000
-1.000
-1.000
-1.000
-1.000
-1.000
-1.000
-1.000
-1.000
-1.000
-1.000
-1.000
-1.000
-1.000
-1.000
5.277
-1.000
-1.000
-1.000
-1.000
-1.000
-1.000
-1.000
-1.000
-1.000
-1.000
-1.000
-1.000
-1.000
-1.000
-1.000
-1.000
-1.000
-1.000
-1.000
-1.000
-1.000
-1.000
-1.000
-1.000
-1.000
-1.000
-1.000
-1.000
-1.000
-1.000
-1.000
-1.000
-1.000
-1.000
-1.000
5.556
5.702
4.704
-1.000
-1.000
-1.000
-1.000
-1.000
-1.000
-1.000
-1.000
-1.000
-1.000
-1.000
-1.000
-1.000
-1.000
-1.000
-1.000
-1.000
-1.000
-1.000
-1.000
-1.000
-1.000
-1.000
-1.000
-1.000
-1.000
-1.000
-1.000
-1.000
-1.000
-1.000
-1.000
-1.000
-1.000
-1.000
-1.000
-1.000
-1.000
-1.000
-1.000
-1.000
-1.000
5.673
-1.000
-1.000
-1.000
-1.000
-1.000
-1.000
-1.000
-1.000
-1.000
-1.000
-1.000
-1.000
-1.000
-1.000
-1.000
-1.000
-1.000
-1.000
-1.000
-1.000
-1.000
-1.000
-1.000
-1.000
-1.000
-1.000
-1.000
-1.000
-1.000
-1.000
-1.000
-1.000
-1.000
-1.000
-1.000
-1.000
-1.000
-1.000
-1.000
-1.000
-1.000
-1.000
-1.000
3.875
-1.000
-1.000
-1.000
-1.000
-1.000
-1.000
-1.000
-1.000
-1.000
-1.000
-1.000
-1.000
-1.000
-1.000
-1.000
-1.000
-1.000
-1.000
-1.000
-1.000
-1.000
-1.000
-1.000
-1.000
-1.000
-1.000
-1.000
-1.000
-1.000
-1.000
-1.000
-1.000
-1.000
-1.000
-1.000
-1.000
-1.000
3.616
-1.000
-1.000
-1.000
-1.000
-1.000
-1.000
-1.000
-1.000
-1.000
-1.000
-1.000
-1.000
-1.000
-1.000
-1.000
-1.000
-1.000
-1.000
-1.000
-1.000
-1.000
-1.000
-1.000
-1.000
-1.000
-1.000
-1.000
-1.000
-1.000
-1.000
-1.000
-1.000
-1.000
-1.000
-1.000
-1.000
-1.000
-1.000
-1.000
-1.000
-1.000
-1.000
-1.000
5.088
-1.000
-1.000
-1.000
-1.000
-1.000
-1.000
-1.000
-1.000
-1.000
-1.000
-1.000
-1.000
-1.000
-1.000
-1.000
-1.000
-1.000
-1.000
-1.000
-1.000
3.603
-1.000
5.938
-1.000
-1.000
-1.000
-1.000
-1.000
-1.000
-1.000
-1.000
4.804
-1.000
-1.000
-1.000
-1.000
-1.000
5.589
-1.000
-1.000
-1.000
-1.000
-1.000
-1.000
-1.000
-1.000
-1.000
-1.000
-1.000
-1.000
-1.000
-1.000
-1.000
-1.000
-1.000
-1.000
-1.000
-1.000
4.805
-1.000
-1.000
-1.000
-1.000
-1.000
-1.000
-1.000
-1.000
-1.000
-1.000
3.377
-1.000
-1.000
-1.000
-1.000
-1.000
-1.000
-1.000
-1.000
-1.000
-1.000
-1.000
-1.000
-1.000
-1.000
-1.000
-1.000
-1.000
-1.000
-1.000
4.766
4.334
-1.000
-1.000
-1.000
-1.000
-1.000
-1.000
-1.000
-1.000
-1.000
-1.000
-1.000
-1.000
-1.000
-1.000
-1.000
3.799
-1.000
-1.000
-1.000
-1.000
-1.000
-1.000
-1.000
-1.000
4.369
-1.000
-1.000
-1.000
-1.000
-1.000
-1.000
-1.000
-1.000
-1.000
-1.000
-1.000
-1.000
-1.000
-1.000
-1.000
-1.000
-1.000
-1.000
-1.000
-1.000
-1.000
-1.000
3.757
-1.000
-1.000
5.007
-1.000
-1.000
-1.000
-1.000
-1.000
-1.000
-1.000
5.269
-1.000
-1.000
-1.000
-1.000
-1.000
-1.000
-1.000
-1.000
5.135
-1.000
-1.000
-1.000
5.180
-1.000
-1.000
-1.000
-1.000
5.003
-1.000
3.928
-1.000
-1.000
-1.000
-1.000
-1.000
-1.000
-1.000
-1.000
-1.000
-1.000
-1.000
4.478
-1.000
-1.000
-1.000
-1.000
-1.000
-1.000
-1.000
-1.000
-1.000
-1.000
-1.000
-1.000
-1.000
-1.000
-1.000
-1.000
-1.000
-1.000
-1.000
-1.000
-1.000
-1.000
-1.000
4.895
-1.000
3.740
-1.000
4.288
-1.000
-1.000
-1.000
-1.000
-1.000
4.292
-1.000
-1.000
2.911
-1.000
-1.000
-1.000
-1.000
-1.000
-1.000
-1.000
-1.000
-1.000
-1.000
-1.000
-1.000
-1.000
-1.000
-1.000
-1.000
-1.000
-1.000
-1.000
-1.000
-1.000
-1.000
4.611
-1.000
-1.000
4.929
-1.000
-1.000
-1.000
-1.000
-1.000
-1.000
-1.000
-1.000
-1.000
-1.000
-1.000
-1.000
5.566
-1.000
-1.000
-1.000
-1.000
-1.000
-1.000
-1.000
-1.000
-1.000
-1.000
-1.000
-1.000
4.328
4.784
-1.000
-1.000
-1.000
6.253
-1.000
-1.000
-1.000
-1.000
-1.000
-1.000
-1.000
-1.000
4.125
-1.000
-1.000
-1.000
4.814
-1.000
-1.000
-1.000
-1.000
-1.000
-1.000
-1.000
-1.000
-1.000
-1.000
-1.000
-1.000
-1.000
-1.000
-1.000
-1.000
-1.000
-1.000
-1.000
-1.000
-1.000
-1.000
-1.000
-1.000
-1.000
-1.000
-1.000
-1.000
-1.000
-1.000
-1.000
-1.000
-1.000
-1.000
-1.000
-1.000
-1.000
-1.000
-1.000
4.959
-1.000
-1.000
-1.000
-1.000
-1.000
-1.000
-1.000
-1.000
-1.000
-1.000
-1.000
-1.000
-1.000
-1.000
-1.000
-1.000
-1.000
-1.000
-1.000
-1.000
-1.000
-1.000
-1.000
5.179
-1.000
-1.000
-1.000
-1.000
-1.000
-1.000
-1.000
-1.000
-1.000
-1.000
-1.000
-1.000
-1.000
-1.000
-1.000
-1.000
-1.000
-1.000
-1.000
-1.000
-1.000
-1.000
-1.000
-1.000
-1.000
-1.000
-1.000
-1.000
-1.000
-1.000
-1.000
-1.000
-1.000
-1.000
-1.000
-1.000
-1.000
-1.000
-1.000
-1.000
-1.000
-1.000
4.882
-1.000
-1.000
-1.000
-1.000
-1.000
-1.000
-1.000
-1.000
-1.000
-1.000
-1.000
-1.000
-1.000
-1.000
-1.000
-1.000
-1.000
-1.000
-1.000
-1.000
-1.000
-1.000
-1.000
-1.000
-1.000
-1.000
-1.000
-1.000
-1.000
-1.000
-1.000
-1.000
-1.000
-1.000
-1.000
-1.000
-1.000
-1.000
4.304
-1.000
4.533
-1.000
-1.000
-1.000
-1.000
-1.000
-1.000
4.561
-1.000
-1.000
-1.000
-1.000
-1.000
-1.000
-1.000
-1.000
-1.000
-1.000
5.229
-1.000
-1.000
-1.000
-1.000
-1.000
-1.000
-1.000
-1.000
-1.000
-1.000
-1.000
-1.000
-1.000
-1.000
-1.000
-1.000
-1.000
-1.000
-1.000
-1.000
-1.000
-1.000
-1.000
-1.000
-1.000
-1.000
-1.000
-1.000
-1.000
-1.000
-1.000
4.504
-1.000
-1.000
-1.000
-1.000
-1.000
-1.000
-1.000
-1.000
-1.000
-1.000
-1.000
-1.000
-1.000
-1.000
-1.000
-1.000
-1.000
-1.000
-1.000
-1.000
-1.000
-1.000
4.489
-1.000
-1.000
-1.000
-1.000
5.901
-1.000
-1.000
-1.000
-1.000
-1.000
-1.000
-1.000
-1.000
-1.000
-1.000
-1.000
-1.000
-1.000
-1.000
-1.000
-1.000
-1.000
-1.000
-1.000
-1.000
-1.000
-1.000
-1.000
-1.000
-1.000
-1.000
-1.000
5.595
-1.000
-1.000
-1.000
-1.000
-1.000
-1.000
-1.000
-1.000
-1.000
-1.000
-1.000
-1.000
-1.000
-1.000
-1.000
-1.000
-1.000
-1.000
-1.000
-1.000
-1.000
-1.000
-1.000
-1.000
-1.000
-1.000
5.040
-1.000
-1.000
-1.000
-1.000
-1.000
-1.000
-1.000
-1.000
-1.000
-1.000
-1.000
-1.000
-1.000
-1.000
-1.000
-1.000
-1.000
-1.000
-1.000
-1.000
-1.000
-1.000
-1.000
-1.000
-1.000
-1.000
-1.000
-1.000
-1.000
-1.000
-1.000
5.396
-1.000
-1.000
-1.000
-1.000
-1.000
-1.000
-1.000
-1.000
-1.000
-1.000
-1.000
-1.000
-1.000
-1.000
-1.000
-1.000
-1.000
-1.000
-1.000
-1.000
-1.000
-1.000
-1.000
-1.000
-1.000
-1.000
-1.000
-1.000
-1.000
-1.000
4.516
-1.000
-1.000
-1.000
-1.000
-1.000
-1.000
-1.000
-1.000
-1.000
-1.000
4.680
-1.000
-1.000
-1.000
-1.000
-1.000
-1.000
-1.000
-1.000
-1.000
-1.000
-1.000
-1.000
-1.000
-1.000
-1.000
-1.000
-1.000
-1.000
-1.000
-1.000
-1.000
-1.000
-1.000
-1.000
-1.000
-1.000
5.733
-1.000
-1.000
-1.000
-1.000
-1.000
-1.000
-1.000
-1.000
-1.000
-1.000
-1.000
-1.000
3.746
-1.000
-1.000
-1.000
-1.000
-1.000
-1.000
-1.000
-1.000
4.822
-1.000
-1.000
-1.000
-1.000
-1.000
-1.000
-1.000
-1.000
-1.000
-1.000
-1.000
-1.000
-1.000
-1.000
-1.000
-1.000
-1.000
-1.000
-1.000
-1.000
-1.000
-1.000
-1.000
-1.000
-1.000
-1.000
-1.000
-1.000
-1.000
5.020
-1.000
4.512
-1.000
-1.000
-1.000
-1.000
-1.000
-1.000
-1.000
-1.000
-1.000
-1.000
-1.000
-1.000
-1.000
-1.000
4.647
-1.000
-1.000
-1.000
-1.000
-1.000
-1.000
-1.000
-1.000
-1.000
-1.000
-1.000
-1.000
-1.000
-1.000
4.574
-1.000
-1.000
-1.000
-1.000
-1.000
4.283
-1.000
-1.000
3.491
-1.000
-1.000
-1.000
6.084
-1.000
4.798
-1.000
-1.000
-1.000
-1.000
4.363
-1.000
-1.000
-1.000
-1.000
-1.000
-1.000
-1.000
-1.000
-1.000
-1.000
-1.000
-1.000
-1.000
-1.000
-1.000
-1.000
4.824
-1.000
5.511
-1.000
-1.000
-1.000
-1.000
-1.000
-1.000
-1.000
-1.000
-1.000
-1.000
-1.000
-1.000
-1.000
-1.000
-1.000
-1.000
-1.000
-1.000
-1.000
-1.000
-1.000
-1.000
-1.000
-1.000
-1.000
-1.000
-1.000
-1.000
4.980
-1.000
-1.000
-1.000
-1.000
-1.000
-1.000
-1.000
-1.000
-1.000
-1.000
-1.000
-1.000
-1.000
-1.000
-1.000
-1.000
-1.000
-1.000
-1.000
-1.000
-1.000
-1.000
-1.000
5.021
-1.000
-1.000
-1.000
4.880
-1.000
-1.000
-1.000
-1.000
-1.000
-1.000
-1.000
-1.000
-1.000
-1.000
-1.000
-1.000
-1.000
-1.000
-1.000
-1.000
-1.000
-1.000
-1.000
-1.000
-1.000
-1.000
-1.000
-1.000
-1.000
-1.000
-1.000
-1.000
-1.000
-1.000
-1.000
-1.000
-1.000
-1.000
-1.000
-1.000
4.607
-1.000
-1.000
-1.000
-1.000
-1.000
-1.000
-1.000
-1.000
-1.000
-1.000
-1.000
-1.000
-1.000
-1.000
-1.000
-1.000
-1.000
-1.000
-1.000
-1.000
4.775
-1.000
-1.000
-1.000
-1.000
-1.000
-1.000
-1.000
-1.000
-1.000
-1.000
-1.000
-1.000
-1.000
-1.000
-1.000
-1.000
-1.000
5.619
-1.000
-1.000
-1.000
-1.000
-1.000
-1.000
-1.000
-1.000
-1.000
-1.000
-1.000
-1.000
-1.000
-1.000
-1.000
-1.000
-1.000
-1.000
-1.000
-1.000
-1.000
-1.000
-1.000
-1.000
-1.000
-1.000
-1.000
-1.000
4.640
-1.000
-1.000
5.001
-1.000
-1.000
-1.000
-1.000
-1.000
-1.000
-1.000
-1.000
-1.000
-1.000
-1.000
-1.000
-1.000
4.668
-1.000
-1.000
-1.000
-1.000
-1.000
-1.000
-1.000
-1.000
4.300
-1.000
-1.000
-1.000
-1.000
-1.000
-1.000
-1.000
-1.000
-1.000
-1.000
-1.000
-1.000
-1.000
-1.000
-1.000
4.493
-1.000
-1.000
-1.000
-1.000
-1.000
-1.000
-1.000
-1.000
-1.000
-1.000
-1.000
-1.000
-1.000
-1.000
-1.000
-1.000
-1.000
-1.000
-1.000
-1.000
-1.000
5.851
-1.000
-1.000
-1.000
-1.000
-1.000
-1.000
-1.000
-1.000
-1.000
-1.000
-1.000
-1.000
-1.000
-1.000
-1.000
-1.000
5.525
-1.000
-1.000
-1.000
-1.000
5.463
-1.000
-1.000
-1.000
-1.000
-1.000
-1.000
-1.000
-1.000
-1.000
-1.000
-1.000
-1.000
-1.000
-1.000
-1.000
-1.000
-1.000
-1.000
-1.000
-1.000
-1.000
-1.000
-1.000
-1.000
-1.000
-1.000
-1.000
6.252
-1.000
-1.000
-1.000
-1.000
-1.000
-1.000
-1.000
-1.000
-1.000
-1.000
-1.000
-1.000
-1.000
-1.000
-1.000
-1.000
-1.000
-1.000
-1.000
6.057
-1.000
-1.000
-1.000
-1.000
4.677
-1.000
-1.000
-1.000
-1.000
-1.000
-1.000
-1.000
-1.000
-1.000
-1.000
-1.000
-1.000
-1.000
-1.000
-1.000
-1.000
-1.000
-1.000
-1.000
-1.000
-1.000
-1.000
-1.000
-1.000
-1.000
-1.000
-1.000
-1.000
-1.000
-1.000
-1.000
-1.000
-1.000
-1.000
-1.000
-1.000
-1.000
-1.000
-1.000
-1.000
-1.000
-1.000
-1.000
-1.000
5.725
-1.000
-1.000
-1.000
-1.000
-1.000
-1.000
-1.000
-1.000
-1.000
-1.000
-1.000
-1.000
-1.000
-1.000
-1.000
-1.000
-1.000
-1.000
-1.000
-1.000
-1.000
-1.000
-1.000
-1.000
-1.000
-1.000
-1.000
-1.000
-1.000
-1.000
-1.000
-1.000
-1.000
-1.000
-1.000
-1.000
-1.000
-1.000
4.368
-1.000
-1.000
-1.000
-1.000
-1.000
-1.000
-1.000
-1.000
-1.000
-1.000
-1.000
-1.000
-1.000
-1.000
-1.000
-1.000
-1.000
-1.000
-1.000
-1.000
-1.000
-1.000
-1.000
-1.000
-1.000
-1.000
-1.000
-1.000
-1.000
-1.000
-1.000
-1.000
-1.000
-1.000
-1.000
-1.000
-1.000
-1.000
-1.000
-1.000
3.967
-1.000
-1.000
-1.000
-1.000
-1.000
-1.000
-1.000
-1.000
-1.000
-1.000
-1.000
-1.000
-1.000
-1.000
-1.000
-1.000
-1.000
-1.000
-1.000
5.306
-1.000
-1.000
-1.000
-1.000
-1.000
-1.000
-1.000
-1.000
-1.000
-1.000
-1.000
-1.000
-1.000
-1.000
-1.000
-1.000
-1.000
-1.000
-1.000
4.783
-1.000
-1.000
-1.000
-1.000
-1.000
-1.000
-1.000
-1.000
-1.000
-1.000
-1.000
-1.000
5.468
2.668
-1.000
-1.000
-1.000
-1.000
-1.000
5.951
-1.000
-1.000
-1.000
-1.000
5.567
-1.000
-1.000
4.851
-1.000
-1.000
-1.000
-1.000
-1.000
-1.000
-1.000
-1.000
-1.000
-1.000
-1.000
5.902
-1.000
-1.000
-1.000
-1.000
-1.000
-1.000
-1.000
-1.000
4.361
-1.000
-1.000
-1.000
-1.000
-1.000
-1.000
-1.000
-1.000
-1.000
-1.000
-1.000
-1.000
-1.000
-1.000
-1.000
-1.000
-1.000
-1.000
-1.000
-1.000
-1.000
-1.000
-1.000
-1.000
-1.000
-1.000
-1.000
-1.000
-1.000
-1.000
-1.000
-1.000
-1.000
-1.000
-1.000
-1.000
-1.000
-1.000
-1.000
-1.000
-1.000
-1.000
-1.000
-1.000
-1.000
-1.000
-1.000
-1.000
-1.000
-1.000
-1.000
-1.000
-1.000
-1.000
-1.000
-1.000
-1.000
-1.000
5.795
5.537
-1.000
-1.000
-1.000
-1.000
-1.000
-1.000
-1.000
-1.000
-1.000
-1.000
-1.000
4.013
-1.000
-1.000
-1.000
-1.000
-1.000
-1.000
-1.000
-1.000
-1.000
-1.000
-1.000
-1.000
-1.000
-1.000
-1.000
-1.000
-1.000
5.655
-1.000
-1.000
-1.000
-1.000
-1.000
-1.000
-1.000
-1.000
-1.000
-1.000
-1.000
-1.000
-1.000
-1.000
-1.000
-1.000
-1.000
-1.000
-1.000
-1.000
-1.000
-1.000
-1.000
-1.000
-1.000
-1.000
-1.000
-1.000
4.481
-1.000
-1.000
-1.000
-1.000
-1.000
-1.000
-1.000
4.561
-1.000
-1.000
-1.000
-1.000
-1.000
-1.000
-1.000
-1.000
-1.000
-1.000
-1.000
-1.000
-1.000
-1.000
-1.000
-1.000
5.242
-1.000
-1.000
-1.000
-1.000
-1.000
-1.000
-1.000
-1.000
-1.000
-1.000
5.027
-1.000
-1.000
-1.000
-1.000
-1.000
-1.000
-1.000
-1.000
-1.000
-1.000
-1.000
-1.000
-1.000
-1.000
-1.000
-1.000
3.921
-1.000
-1.000
-1.000
-1.000
-1.000
-1.000
-1.000
-1.000
-1.000
-1.000
-1.000
-1.000
-1.000
-1.000
-1.000
-1.000
-1.000
-1.000
-1.000
-1.000
-1.000
-1.000
-1.000
-1.000
3.914
-1.000
-1.000
-1.000
-1.000
-1.000
-1.000
-1.000
-1.000
-1.000
-1.000
-1.000
-1.000
-1.000
-1.000
-1.000
-1.000
-1.000
-1.000
-1.000
-1.000
-1.000
-1.000
-1.000
-1.000
-1.000
-1.000
-1.000
4.552
-1.000
-1.000
-1.000
-1.000
-1.000
-1.000
-1.000
-1.000
-1.000
-1.000
-1.000
-1.000
-1.000
5.014
-1.000
-1.000
-1.000
-1.000
-1.000
-1.000
-1.000
-1.000
-1.000
-1.000
-1.000
-1.000
-1.000
-1.000
-1.000
-1.000
-1.000
-1.000
-1.000
-1.000
-1.000
-1.000
-1.000
-1.000
-1.000
-1.000
-1.000
-1.000
-1.000
-1.000
-1.000
-1.000
-1.000
-1.000
-1.000
-1.000
-1.000
-1.000
-1.000
-1.000
-1.000
-1.000
-1.000
-1.000
-1.000
-1.000
-1.000
-1.000
3.266
-1.000
-1.000
-1.000
-1.000
-1.000
-1.000
-1.000
-1.000
-1.000
-1.000
4.112
4.973
-1.000
-1.000
-1.000
-1.000
-1.000
-1.000
-1.000
-1.000
-1.000
-1.000
-1.000
-1.000
-1.000
-1.000
-1.000
-1.000
-1.000
-1.000
-1.000
-1.000
-1.000
-1.000
-1.000
-1.000
-1.000
-1.000
-1.000
-1.000
-1.000
4.714
-1.000
-1.000
-1.000
-1.000
-1.000
-1.000
-1.000
-1.000
-1.000
-1.000
-1.000
-1.000
-1.000
-1.000
-1.000
-1.000
-1.000
-1.000
-1.000
4.163
-1.000
-1.000
-1.000
-1.000
-1.000
-1.000
-1.000
-1.000
-1.000
-1.000
4.746
-1.000
-1.000
-1.000
-1.000
-1.000
-1.000
-1.000
-1.000
-1.000
-1.000
-1.000
-1.000
-1.000
-1.000
-1.000
-1.000
4.461
-1.000
-1.000
-1.000
-1.000
-1.000
-1.000
6.174
3.708
-1.000
5.235
-1.000
-1.000
-1.000
-1.000
-1.000
-1.000
-1.000
-1.000
-1.000
-1.000
-1.000
-1.000
-1.000
-1.000
-1.000
-1.000
-1.000
-1.000
-1.000
-1.000
-1.000
-1.000
-1.000
-1.000
-1.000
-1.000
-1.000
-1.000
-1.000
-1.000
-1.000
-1.000
-1.000
-1.000
-1.000
-1.000
-1.000
-1.000
-1.000
-1.000
-1.000
-1.000
-1.000
-1.000
-1.000
-1.000
-1.000
-1.000
-1.000
-1.000
-1.000
-1.000
-1.000
-1.000
-1.000
-1.000
-1.000
-1.000
-1.000
-1.000
-1.000
-1.000
5.473
-1.000
4.186
-1.000
-1.000
-1.000
-1.000
-1.000
-1.000
-1.000
-1.000
-1.000
-1.000
-1.000
-1.000
-1.000
-1.000
-1.000
-1.000
-1.000
-1.000
-1.000
-1.000
5.288
-1.000
3.957
-1.000
-1.000
-1.000
-1.000
-1.000
-1.000
-1.000
-1.000
-1.000
-1.000
-1.000
-1.000
-1.000
-1.000
-1.000
-1.000
-1.000
-1.000
-1.000
-1.000
-1.000
-1.000
-1.000
-1.000
-1.000
-1.000
-1.000
-1.000
-1.000
-1.000
-1.000
-1.000
-1.000
-1.000
4.199
-1.000
-1.000
-1.000
-1.000
-1.000
-1.000
-1.000
-1.000
-1.000
-1.000
-1.000
-1.000
-1.000
-1.000
-1.000
-1.000
-1.000
-1.000
-1.000
-1.000
-1.000
-1.000
-1.000
-1.000
-1.000
-1.000
-1.000
-1.000
-1.000
-1.000
4.673
-1.000
-1.000
-1.000
-1.000
-1.000
-1.000
-1.000
-1.000
-1.000
-1.000
-1.000
-1.000
5.956
-1.000
-1.000
-1.000
-1.000
-1.000
-1.000
-1.000
-1.000
-1.000
-1.000
-1.000
-1.000
-1.000
-1.000
-1.000
-1.000
-1.000
-1.000
-1.000
-1.000
-1.000
-1.000
-1.000
-1.000
-1.000
-1.000
-1.000
-1.000
-1.000
-1.000
-1.000
-1.000
-1.000
-1.000
-1.000
-1.000
-1.000
-1.000
-1.000
-1.000
5.153
-1.000
-1.000
-1.000
-1.000
4.563
-1.000
-1.000
-1.000
-1.000
-1.000
-1.000
-1.000
-1.000
-1.000
-1.000
-1.000
-1.000
-1.000
-1.000
-1.000
-1.000
-1.000
-1.000
-1.000
-1.000
-1.000
-1.000
-1.000
-1.000
-1.000
-1.000
-1.000
-1.000
-1.000
-1.000
5.397
-1.000
-1.000
-1.000
-1.000
-1.000
5.626
-1.000
-1.000
-1.000
-1.000
-1.000
5.368
-1.000
-1.000
-1.000
-1.000
-1.000
-1.000
6.004
5.967
-1.000
-1.000
-1.000
-1.000
-1.000
-1.000
-1.000
-1.000
-1.000
-1.000
-1.000
-1.000
-1.000
-1.000
-1.000
-1.000
-1.000
-1.000
-1.000
-1.000
-1.000
-1.000
-1.000
-1.000
-1.000
-1.000
-1.000
-1.000
-1.000
-1.000
-1.000
-1.000
-1.000
-1.000
4.723
4.652
-1.000
4.681
-1.000
-1.000
-1.000
-1.000
-1.000
-1.000
-1.000
-1.000
-1.000
-1.000
-1.000
-1.000
-1.000
5.423
-1.000
-1.000
-1.000
-1.000
-1.000
-1.000
-1.000
-1.000
-1.000
-1.000
-1.000
-1.000
-1.000
-1.000
-1.000
-1.000
-1.000
-1.000
4.927
-1.000
-1.000
-1.000
-1.000
-1.000
-1.000
-1.000
-1.000
-1.000
-1.000
-1.000
-1.000
-1.000
-1.000
-1.000
-1.000
-1.000
-1.000
-1.000
-1.000
-1.000
-1.000
-1.000
-1.000
-1.000
-1.000
-1.000
-1.000
-1.000
-1.000
-1.000
-1.000
-1.000
-1.000
-1.000
-1.000
-1.000
-1.000
-1.000
-1.000
-1.000
-1.000
-1.000
-1.000
-1.000
-1.000
-1.000
-1.000
4.507
-1.000
-1.000
-1.000
-1.000
-1.000
-1.000
-1.000
-1.000
-1.000
-1.000
-1.000
-1.000
-1.000
-1.000
-1.000
-1.000
-1.000
-1.000
-1.000
-1.000
-1.000
-1.000
-1.000
-1.000
-1.000
-1.000
-1.000
-1.000
-1.000
-1.000
-1.000
-1.000
-1.000
-1.000
-1.000
-1.000
5.335
-1.000
-1.000
-1.000
-1.000
-1.000
-1.000
4.695
-1.000
-1.000
-1.000
-1.000
-1.000
-1.000
-1.000
-1.000
-1.000
-1.000
-1.000
-1.000
-1.000
-1.000
-1.000
-1.000
-1.000
-1.000
-1.000
-1.000
5.236
-1.000
-1.000
-1.000
-1.000
-1.000
-1.000
-1.000
-1.000
-1.000
-1.000
-1.000
-1.000
5.685
-1.000
-1.000
-1.000
-1.000
-1.000
-1.000
-1.000
-1.000
-1.000
-1.000
-1.000
-1.000
-1.000
-1.000
-1.000
-1.000
-1.000
-1.000
-1.000
-1.000
-1.000
-1.000
-1.000
-1.000
4.362
-1.000
-1.000
-1.000
-1.000
-1.000
-1.000
-1.000
-1.000
-1.000
-1.000
-1.000
-1.000
-1.000
-1.000
-1.000
-1.000
-1.000
-1.000
-1.000
-1.000
-1.000
-1.000
-1.000
-1.000
-1.000
4.003
-1.000
-1.000
-1.000
5.380
-1.000
-1.000
-1.000
-1.000
-1.000
-1.000
-1.000
-1.000
-1.000
-1.000
-1.000
-1.000
-1.000
-1.000
-1.000
-1.000
-1.000
-1.000
-1.000
-1.000
-1.000
-1.000
-1.000
-1.000
6.100
-1.000
-1.000
-1.000
-1.000
-1.000
-1.000
3.794
-1.000
-1.000
-1.000
-1.000
-1.000
-1.000
-1.000
-1.000
5.311
-1.000
-1.000
-1.000
-1.000
-1.000
-1.000
-1.000
-1.000
4.004
-1.000
-1.000
-1.000
-1.000
-1.000
-1.000
-1.000
-1.000
-1.000
-1.000
-1.000
-1.000
-1.000
-1.000
-1.000
-1.000
-1.000
-1.000
-1.000
-1.000
-1.000
-1.000
-1.000
-1.000
-1.000
-1.000
4.901
-1.000
-1.000
-1.000
-1.000
-1.000
4.657
-1.000
-1.000
-1.000
-1.000
-1.000
-1.000
-1.000
-1.000
-1.000
-1.000
-1.000
-1.000
-1.000
-1.000
-1.000
-1.000
-1.000
-1.000
-1.000
-1.000
-1.000
-1.000
-1.000
-1.000
-1.000
-1.000
-1.000
-1.000
-1.000
-1.000
-1.000
-1.000
-1.000
-1.000
-1.000
-1.000
-1.000
-1.000
-1.000
-1.000
-1.000
-1.000
-1.000
-1.000
-1.000
-1.000
-1.000
-1.000
-1.000
-1.000
-1.000
-1.000
-1.000
-1.000
-1.000
-1.000
-1.000
-1.000
4.410
-1.000
-1.000
-1.000
4.930
-1.000
-1.000
-1.000
-1.000
-1.000
-1.000
-1.000
-1.000
-1.000
-1.000
-1.000
-1.000
-1.000
-1.000
-1.000
-1.000
-1.000
-1.000
-1.000
-1.000
5.259
-1.000
-1.000
-1.000
-1.000
-1.000
-1.000
-1.000
-1.000
-1.000
-1.000
-1.000
-1.000
-1.000
-1.000
-1.000
-1.000
-1.000
4.192
-1.000
-1.000
-1.000
-1.000
-1.000
4.679
4.508
-1.000
-1.000
-1.000
-1.000
-1.000
-1.000
-1.000
-1.000
-1.000
-1.000
-1.000
-1.000
-1.000
-1.000
-1.000
-1.000
-1.000
-1.000
-1.000
-1.000
-1.000
-1.000
-1.000
-1.000
-1.000
-1.000
-1.000
-1.000
-1.000
-1.000
-1.000
-1.000
3.972
-1.000
-1.000
-1.000
-1.000
-1.000
-1.000
-1.000
-1.000
-1.000
-1.000
-1.000
-1.000
-1.000
-1.000
-1.000
-1.000
-1.000
-1.000
-1.000
-1.000
-1.000
-1.000
-1.000
-1.000
-1.000
-1.000
-1.000
-1.000
-1.000
-1.000
-1.000
-1.000
-1.000
-1.000
-1.000
-1.000
-1.000
-1.000
-1.000
-1.000
4.486
4.531
-1.000
-1.000
5.134
-1.000
-1.000
-1.000
-1.000
-1.000
-1.000
-1.000
-1.000
-1.000
-1.000
-1.000
-1.000
-1.000
-1.000
-1.000
-1.000
-1.000
-1.000
-1.000
-1.000
-1.000
-1.000
-1.000
-1.000
-1.000
-1.000
-1.000
-1.000
-1.000
-1.000
-1.000
-1.000
-1.000
-1.000
-1.000
-1.000
-1.000
-1.000
-1.000
-1.000
-1.000
-1.000
-1.000
-1.000
4.491
-1.000
-1.000
-1.000
-1.000
-1.000
-1.000
-1.000
-1.000
-1.000
-1.000
-1.000
3.466
4.444
-1.000
-1.000
-1.000
-1.000
-1.000
-1.000
-1.000
-1.000
-1.000
-1.000
-1.000
-1.000
-1.000
-1.000
-1.000
-1.000
-1.000
-1.000
-1.000
-1.000
-1.000
-1.000
-1.000
-1.000
-1.000
-1.000
-1.000
-1.000
-1.000
-1.000
-1.000
-1.000
-1.000
-1.000
-1.000
-1.000
-1.000
-1.000
-1.000
-1.000
-1.000
-1.000
-1.000
-1.000
-1.000
-1.000
-1.000
-1.000
-1.000
-1.000
-1.000
-1.000
-1.000
-1.000
-1.000
-1.000
-1.000
-1.000
-1.000
-1.000
4.351
-1.000
-1.000
-1.000
-1.000
-1.000
-1.000
-1.000
-1.000
-1.000
-1.000
-1.000
-1.000
-1.000
-1.000
-1.000
-1.000
-1.000
-1.000
-1.000
-1.000
-1.000
-1.000
-1.000
-1.000
-1.000
-1.000
-1.000
-1.000
-1.000
-1.000
-1.000
-1.000
-1.000
-1.000
-1.000
-1.000
-1.000
-1.000
-1.000
-1.000
-1.000
-1.000
-1.000
-1.000
-1.000
-1.000
-1.000
-1.000
-1.000
-1.000
-1.000
-1.000
-1.000
-1.000
-1.000
-1.000
-1.000
-1.000
-1.000
-1.000
6.029
-1.000
-1.000
-1.000
-1.000
-1.000
-1.000
-1.000
-1.000
-1.000
-1.000
-1.000
5.078
-1.000
-1.000
-1.000
-1.000
-1.000
-1.000
-1.000
-1.000
-1.000
-1.000
-1.000
-1.000
-1.000
-1.000
-1.000
-1.000
-1.000
-1.000
-1.000
-1.000
-1.000
-1.000
-1.000
-1.000
3.946
-1.000
-1.000
-1.000
-1.000
-1.000
-1.000
-1.000
6.047
-1.000
-1.000
-1.000
-1.000
-1.000
-1.000
-1.000
-1.000
-1.000
-1.000
-1.000
-1.000
-1.000
-1.000
-1.000
-1.000
-1.000
-1.000
-1.000
-1.000
-1.000
-1.000
-1.000
-1.000
-1.000
-1.000
-1.000
-1.000
-1.000
-1.000
-1.000
-1.000
-1.000
-1.000
-1.000
-1.000
-1.000
-1.000
-1.000
-1.000
-1.000
-1.000
4.526
-1.000
-1.000
-1.000
-1.000
-1.000
3.787
-1.000
-1.000
4.983
-1.000
-1.000
-1.000
-1.000
-1.000
-1.000
-1.000
-1.000
-1.000
-1.000
-1.000
-1.000
-1.000
-1.000
-1.000
-1.000
-1.000
-1.000
-1.000
-1.000
-1.000
-1.000
-1.000
-1.000
-1.000
-1.000
-1.000
-1.000
-1.000
-1.000
-1.000
-1.000
-1.000
-1.000
-1.000
-1.000
-1.000
-1.000
-1.000
-1.000
-1.000
-1.000
-1.000
-1.000
-1.000
-1.000
-1.000
-1.000
-1.000
-1.000
-1.000
-1.000
-1.000
-1.000
-1.000
-1.000
-1.000
-1.000
-1.000
-1.000
-1.000
-1.000
-1.000
-1.000
-1.000
-1.000
-1.000
-1.000
-1.000
-1.000
-1.000
-1.000
-1.000
-1.000
-1.000
-1.000
-1.000
-1.000
-1.000
-1.000
-1.000
-1.000
-1.000
-1.000
-1.000
-1.000
-1.000
-1.000
-1.000
-1.000
-1.000
-1.000
-1.000
-1.000
-1.000
-1.000
-1.000
-1.000
-1.000
-1.000
-1.000
-1.000
-1.000
-1.000
-1.000
-1.000
-1.000
-1.000
-1.000
-1.000
4.441
-1.000
-1.000
-1.000
-1.000
-1.000
-1.000
-1.000
-1.000
-1.000
-1.000
-1.000
-1.000
-1.000
-1.000
-1.000
-1.000
-1.000
-1.000
-1.000
-1.000
-1.000
-1.000
-1.000
-1.000
-1.000
-1.000
-1.000
-1.000
-1.000
-1.000
-1.000
-1.000
-1.000
-1.000
-1.000
-1.000
-1.000
-1.000
-1.000
-1.000
-1.000
-1.000
-1.000
-1.000
-1.000
-1.000
-1.000
-1.000
-1.000
-1.000
-1.000
-1.000
-1.000
-1.000
-1.000
-1.000
-1.000
-1.000
-1.000
-1.000
-1.000
-1.000
-1.000
-1.000
-1.000
-1.000
-1.000
-1.000
-1.000
-1.000
-1.000
-1.000
-1.000
-1.000
-1.000
-1.000
-1.000
-1.000
-1.000
-1.000
-1.000
-1.000
-1.000
-1.000
-1.000
-1.000
-1.000
-1.000
-1.000
-1.000
-1.000
-1.000
-1.000
-1.000
-1.000
-1.000
-1.000
-1.000
-1.000
-1.000
-1.000
-1.000
-1.000
-1.000
-1.000
-1.000
-1.000
-1.000
-1.000
-1.000
-1.000
-1.000
-1.000
-1.000
-1.000
-1.000
-1.000
-1.000
-1.000
-1.000
-1.000
-1.000
-1.000
-1.000
-1.000
-1.000
-1.000
-1.000
-1.000
-1.000
-1.000
-1.000
-1.000
-1.000
-1.000
-1.000
-1.000
-1.000
-1.000
-1.000
-1.000
-1.000
-1.000
-1.000
-1.000
-1.000
-1.000
-1.000
-1.000
-1.000
-1.000
-1.000
-1.000
-1.000
-1.000
-1.000
-1.000
-1.000
-1.000
-1.000
-1.000
-1.000
-1.000
-1.000
-1.000
-1.000
-1.000
-1.000
-1.000
-1.000
-1.000
-1.000
-1.000
-1.000
-1.000
-1.000
-1.000
-1.000
-1.000
-1.000
-1.000
-1.000
-1.000
-1.000
-1.000
-1.000
-1.000
-1.000
-1.000
-1.000
-1.000
-1.000
-1.000
-1.000
-1.000
-1.000
-1.000
-1.000
-1.000
-1.000
-1.000
-1.000
-1.000
-1.000
-1.000
-1.000
-1.000
-1.000
-1.000
-1.000
-1.000
-1.000
-1.000
-1.000
-1.000
-1.000
-1.000
-1.000
-1.000
-1.000
-1.000
-1.000
-1.000
-1.000
-1.000
-1.000
-1.000
-1.000
-1.000
-1.000
-1.000
-1.000
-1.000
-1.000
-1.000
3.798
-1.000
-1.000
-1.000
-1.000
-1.000
-1.000
-1.000
-1.000
-1.000
-1.000
-1.000
-1.000
-1.000
-1.000
-1.000
-1.000
-1.000
-1.000
-1.000
-1.000
-1.000
-1.000
-1.000
-1.000
-1.000
-1.000
-1.000
-1.000
-1.000
-1.000
-1.000
-1.000
-1.000
-1.000
-1.000
-1.000
-1.000
-1.000
-1.000
-1.000
-1.000
-1.000
-1.000
-1.000
-1.000
-1.000
-1.000
-1.000
-1.000
-1.000
-1.000
-1.000
-1.000
-1.000
-1.000
-1.000
-1.000
-1.000
-1.000
-1.000
-1.000
-1.000
-1.000
-1.000
-1.000
-1.000
-1.000
-1.000
-1.000
-1.000
-1.000
-1.000
-1.000
-1.000
-1.000
-1.000
-1.000
-1.000
-1.000
-1.000
-1.000
-1.000
-1.000
-1.000
-1.000
-1.000
-1.000
-1.000
-1.000
-1.000
-1.000
-1.000
-1.000
-1.000
-1.000
-1.000
-1.000
-1.000
-1.000
-1.000
-1.000
-1.000
-1.000
-1.000
-1.000
-1.000
-1.000
-1.000
-1.000
-1.000
-1.000
-1.000
-1.000
-1.000
-1.000
-1.000
-1.000
-1.000
-1.000
-1.000
-1.000
-1.000
-1.000
-1.000
-1.000
-1.000
-1.000
-1.000
-1.000
-1.000
-1.000
-1.000
-1.000
-1.000
-1.000
-1.000
-1.000
-1.000
-1.000
-1.000
-1.000
-1.000
-1.000
-1.000
-1.000
-1.000
-1.000
-1.000
-1.000
-1.000
-1.000
-1.000
-1.000
-1.000
-1.000
-1.000
-1.000
-1.000
-1.000
-1.000
-1.000
-1.000
-1.000
-1.000
-1.000
-1.000
-1.000
-1.000
-1.000
-1.000
-1.000
-1.000
-1.000
-1.000
-1.000
-1.000
-1.000
-1.000
-1.000
-1.000
-1.000
-1.000
-1.000
-1.000
3.047
-1.000
-1.000
-1.000
-1.000
-1.000
-1.000
-1.000
-1.000
-1.000
-1.000
-1.000
-1.000
-1.000
-1.000
5.011
-1.000
-1.000
-1.000
-1.000
-1.000
-1.000
4.441
-1.000
-1.000
-1.000
-1.000
-1.000
-1.000
-1.000
-1.000
-1.000
-1.000
-1.000
-1.000
-1.000
-1.000
-1.000
-1.000
-1.000
-1.000
-1.000
-1.000
4.946
5.352
-1.000
-1.000
-1.000
-1.000
-1.000
-1.000
-1.000
-1.000
-1.000
-1.000
-1.000
-1.000
-1.000
-1.000
-1.000
-1.000
-1.000
-1.000
-1.000
-1.000
-1.000
-1.000
-1.000
-1.000
3.835
-1.000
-1.000
-1.000
-1.000
-1.000
-1.000
-1.000
-1.000
-1.000
-1.000
-1.000
-1.000
-1.000
-1.000
-1.000
-1.000
-1.000
-1.000
-1.000
-1.000
-1.000
-1.000
-1.000
-1.000
-1.000
-1.000
-1.000
4.603
-1.000
-1.000
-1.000
-1.000
-1.000
-1.000
-1.000
-1.000
-1.000
-1.000
-1.000
4.740
-1.000
-1.000
-1.000
-1.000
-1.000
-1.000
-1.000
-1.000
-1.000
-1.000
-1.000
-1.000
-1.000
-1.000
-1.000
-1.000
-1.000
-1.000
-1.000
-1.000
-1.000
-1.000
-1.000
-1.000
4.844
4.885
-1.000
-1.000
-1.000
-1.000
-1.000
-1.000
-1.000
-1.000
-1.000
-1.000
-1.000
5.293
-1.000
-1.000
-1.000
-1.000
-1.000
5.051
-1.000
-1.000
-1.000
-1.000
-1.000
-1.000
-1.000
-1.000
4.660
-1.000
-1.000
-1.000
-1.000
-1.000
-1.000
-1.000
-1.000
-1.000
-1.000
-1.000
-1.000
-1.000
-1.000
4.543
-1.000
-1.000
-1.000
-1.000
-1.000
-1.000
-1.000
-1.000
-1.000
-1.000
-1.000
-1.000
-1.000
-1.000
-1.000
-1.000
4.991
-1.000
-1.000
-1.000
-1.000
4.280
-1.000
-1.000
-1.000
-1.000
-1.000
-1.000
-1.000
-1.000
-1.000
-1.000
-1.000
-1.000
-1.000
-1.000
-1.000
-1.000
-1.000
-1.000
-1.000
-1.000
-1.000
-1.000
-1.000
-1.000
-1.000
-1.000
-1.000
-1.000
4.555
4.224
-1.000
-1.000
-1.000
-1.000
-1.000
-1.000
-1.000
-1.000
-1.000
-1.000
-1.000
-1.000
-1.000
-1.000
-1.000
-1.000
-1.000
-1.000
-1.000
-1.000
-1.000
-1.000
-1.000
4.918
-1.000
-1.000
-1.000
-1.000
-1.000
-1.000
-1.000
-1.000
-1.000
-1.000
-1.000
-1.000
-1.000
-1.000
-1.000
3.874
-1.000
-1.000
-1.000
4.446
-1.000
-1.000
-1.000
-1.000
-1.000
-1.000
-1.000
-1.000
-1.000
-1.000
5.258
-1.000
-1.000
-1.000
-1.000
-1.000
-1.000
-1.000
-1.000
-1.000
-1.000
-1.000
-1.000
-1.000
-1.000
-1.000
-1.000
-1.000
-1.000
-1.000
-1.000
-1.000
-1.000
-1.000
-1.000
-1.000
-1.000
-1.000
-1.000
-1.000
-1.000
-1.000
-1.000
-1.000
-1.000
-1.000
-1.000
-1.000
-1.000
-1.000
-1.000
-1.000
-1.000
-1.000
-1.000
-1.000
-1.000
-1.000
-1.000
-1.000
-1.000
-1.000
-1.000
-1.000
-1.000
-1.000
-1.000
-1.000
-1.000
-1.000
-1.000
-1.000
-1.000
-1.000
-1.000
-1.000
-1.000
-1.000
-1.000
-1.000
-1.000
-1.000
-1.000
-1.000
-1.000
4.578
-1.000
-1.000
-1.000
-1.000
-1.000
-1.000
-1.000
-1.000
-1.000
-1.000
-1.000
-1.000
-1.000
-1.000
5.277
-1.000
-1.000
-1.000
-1.000
-1.000
-1.000
-1.000
-1.000
-1.000
-1.000
-1.000
-1.000
-1.000
-1.000
-1.000
-1.000
-1.000
-1.000
-1.000
-1.000
-1.000
-1.000
-1.000
-1.000
-1.000
-1.000
4.571
-1.000
-1.000
-1.000
-1.000
-1.000
4.487
-1.000
-1.000
-1.000
-1.000
5.144
-1.000
-1.000
-1.000
-1.000
-1.000
-1.000
-1.000
-1.000
-1.000
-1.000
-1.000
-1.000
-1.000
-1.000
-1.000
-1.000
-1.000
-1.000
4.472
-1.000
-1.000
-1.000
-1.000
-1.000
-1.000
-1.000
-1.000
-1.000
-1.000
-1.000
-1.000
-1.000
-1.000
-1.000
4.888
-1.000
5.415
-1.000
-1.000
-1.000
-1.000
-1.000
-1.000
-1.000
-1.000
-1.000
-1.000
-1.000
-1.000
4.080
-1.000
-1.000
-1.000
-1.000
4.383
-1.000
-1.000
-1.000
-1.000
4.992
-1.000
-1.000
-1.000
-1.000
-1.000
-1.000
-1.000
-1.000
4.902
-1.000
-1.000
-1.000
-1.000
-1.000
-1.000
-1.000
-1.000
-1.000
-1.000
-1.000
-1.000
-1.000
-1.000
-1.000
-1.000
-1.000
-1.000
-1.000
-1.000
-1.000
-1.000
-1.000
-1.000
-1.000
-1.000
-1.000
-1.000
-1.000
-1.000
-1.000
-1.000
-1.000
-1.000
-1.000
-1.000
-1.000
-1.000
-1.000
-1.000
-1.000
-1.000
-1.000
-1.000
-1.000
-1.000
-1.000
-1.000
-1.000
-1.000
-1.000
-1.000
-1.000
-1.000
-1.000
-1.000
-1.000
-1.000
-1.000
-1.000
-1.000
-1.000
-1.000
-1.000
-1.000
-1.000
-1.000
-1.000
-1.000
-1.000
-1.000
-1.000
-1.000
-1.000
-1.000
-1.000
-1.000
-1.000
-1.000
-1.000
-1.000
-1.000
-1.000
-1.000
-1.000
-1.000
-1.000
-1.000
-1.000
-1.000
-1.000
-1.000
-1.000
-1.000
-1.000
-1.000
-1.000
-1.000
-1.000
-1.000
-1.000
-1.000
-1.000
-1.000
-1.000
-1.000
-1.000
-1.000
-1.000
-1.000
-1.000
-1.000
-1.000
-1.000
-1.000
-1.000
-1.000
-1.000
-1.000
-1.000
-1.000
-1.000
-1.000
-1.000
-1.000
-1.000
-1.000
-1.000
-1.000
-1.000
-1.000
-1.000
-1.000
-1.000
-1.000
-1.000
-1.000
-1.000
-1.000
-1.000
-1.000
-1.000
-1.000
-1.000
-1.000
-1.000
-1.000
-1.000
-1.000
-1.000
-1.000
-1.000
-1.000
-1.000
-1.000
-1.000
-1.000
-1.000
-1.000
-1.000
-1.000
-1.000
-1.000
-1.000
-1.000
-1.000
-1.000
-1.000
-1.000
-1.000
-1.000
-1.000
-1.000
-1.000
-1.000
-1.000
-1.000
-1.000
-1.000
-1.000
-1.000
-1.000
-1.000
-1.000
-1.000
-1.000
-1.000
-1.000
-1.000
-1.000
-1.000
-1.000
-1.000
-1.000
-1.000
-1.000
-1.000
-1.000
-1.000
-1.000
-1.000
-1.000
-1.000
-1.000
-1.000
-1.000
-1.000
-1.000
-1.000
-1.000
-1.000
-1.000
-1.000
-1.000
-1.000
-1.000
-1.000
-1.000
-1.000
-1.000
-1.000
-1.000
-1.000
-1.000
-1.000
-1.000
-1.000
-1.000
-1.000
-1.000
-1.000
-1.000
-1.000
-1.000
-1.000
-1.000
-1.000
-1.000
-1.000
-1.000
-1.000
-1.000
-1.000
-1.000
-1.000
-1.000
-1.000
-1.000
-1.000
-1.000
-1.000
-1.000
-1.000
-1.000
-1.000
-1.000
-1.000
-1.000
-1.000
-1.000
-1.000
-1.000
-1.000
-1.000
-1.000
-1.000
-1.000
-1.000
-1.000
-1.000
-1.000
-1.000
-1.000
-1.000
-1.000
-1.000
-1.000
-1.000
-1.000
-1.000
-1.000
-1.000
-1.000
-1.000
-1.000
-1.000
-1.000
-1.000
-1.000
-1.000
-1.000
-1.000
-1.000
-1.000
-1.000
-1.000
-1.000
3.801
-1.000
-1.000
-1.000
-1.000
-1.000
-1.000
-1.000
-1.000
-1.000
-1.000
-1.000
-1.000
-1.000
-1.000
-1.000
-1.000
-1.000
-1.000
-1.000
-1.000
-1.000
-1.000
-1.000
-1.000
-1.000
-1.000
-1.000
-1.000
-1.000
-1.000
-1.000
-1.000
-1.000
-1.000
-1.000
-1.000
-1.000
-1.000
-1.000
-1.000
-1.000
-1.000
-1.000
-1.000
-1.000
-1.000
-1.000
-1.000
-1.000
-1.000
-1.000
-1.000
-1.000
-1.000
-1.000
-1.000
-1.000
-1.000
-1.000
-1.000
-1.000
-1.000
-1.000
4.709
3.963
-1.000
-1.000
-1.000
-1.000
-1.000
-1.000
-1.000
-1.000
-1.000
-1.000
-1.000
-1.000
4.585
-1.000
-1.000
-1.000
-1.000
-1.000
-1.000
-1.000
-1.000
-1.000
4.473
-1.000
-1.000
-1.000
-1.000
-1.000
-1.000
-1.000
4.079
-1.000
-1.000
-1.000
-1.000
-1.000
-1.000
-1.000
-1.000
-1.000
-1.000
-1.000
-1.000
-1.000
-1.000
-1.000
-1.000
-1.000
-1.000
-1.000
5.181
-1.000
2.977
-1.000
-1.000
-1.000
-1.000
-1.000
-1.000
-1.000
-1.000
-1.000
-1.000
-1.000
-1.000
-1.000
-1.000
-1.000
-1.000
4.914
-1.000
-1.000
-1.000
-1.000
-1.000
-1.000
-1.000
-1.000
-1.000
-1.000
-1.000
4.823
-1.000
-1.000
-1.000
4.482
-1.000
-1.000
-1.000
-1.000
-1.000
-1.000
-1.000
-1.000
-1.000
-1.000
-1.000
-1.000
-1.000
-1.000
-1.000
-1.000
-1.000
-1.000
-1.000
-1.000
-1.000
-1.000
-1.000
-1.000
-1.000
-1.000
-1.000
-1.000
-1.000
-1.000
-1.000
-1.000
-1.000
-1.000
-1.000
-1.000
-1.000
-1.000
-1.000
-1.000
-1.000
-1.000
-1.000
-1.000
-1.000
-1.000
-1.000
-1.000
-1.000
-1.000
-1.000
-1.000
-1.000
-1.000
-1.000
-1.000
-1.000
-1.000
-1.000
-1.000
-1.000
-1.000
-1.000
-1.000
-1.000
-1.000
-1.000
-1.000
-1.000
-1.000
-1.000
-1.000
-1.000
-1.000
-1.000
-1.000
-1.000
-1.000
-1.000
-1.000
-1.000
-1.000
-1.000
-1.000
-1.000
-1.000
-1.000
-1.000
-1.000
-1.000
-1.000
-1.000
-1.000
-1.000
-1.000
-1.000
-1.000
-1.000
-1.000
-1.000
-1.000
-1.000
-1.000
-1.000
-1.000
-1.000
-1.000
-1.000
-1.000
-1.000
-1.000
-1.000
-1.000
-1.000
-1.000
-1.000
-1.000
-1.000
-1.000
-1.000
-1.000
-1.000
-1.000
-1.000
-1.000
-1.000
-1.000
-1.000
-1.000
-1.000
-1.000
-1.000
-1.000
-1.000
-1.000
-1.000
-1.000
-1.000
4.326
-1.000
-1.000
-1.000
-1.000
-1.000
-1.000
-1.000
-1.000
-1.000
-1.000
-1.000
-1.000
-1.000
-1.000
-1.000
-1.000
-1.000
-1.000
-1.000
-1.000
-1.000
-1.000
-1.000
-1.000
-1.000
-1.000
-1.000
-1.000
-1.000
-1.000
-1.000
-1.000
-1.000
-1.000
-1.000
-1.000
-1.000
-1.000
-1.000
-1.000
-1.000
-1.000
-1.000
-1.000
-1.000
-1.000
-1.000
-1.000
-1.000
-1.000
-1.000
-1.000
-1.000
-1.000
-1.000
-1.000
-1.000
-1.000
-1.000
-1.000
-1.000
-1.000
-1.000
-1.000
-1.000
-1.000
-1.000
-1.000
-1.000
-1.000
-1.000
-1.000
-1.000
-1.000
-1.000
-1.000
-1.000
-1.000
-1.000
-1.000
-1.000
-1.000
-1.000
-1.000
-1.000
-1.000
-1.000
-1.000
-1.000
-1.000
-1.000
-1.000
-1.000
-1.000
-1.000
-1.000
-1.000
-1.000
-1.000
-1.000
-1.000
-1.000
-1.000
-1.000
-1.000
-1.000
-1.000
-1.000
-1.000
-1.000
-1.000
-1.000
-1.000
-1.000
-1.000
-1.000
-1.000
-1.000
-1.000
-1.000
-1.000
-1.000
-1.000
-1.000
-1.000
-1.000
-1.000
-1.000
-1.000
-1.000
-1.000
-1.000
-1.000
-1.000
-1.000
-1.000
-1.000
-1.000
-1.000
-1.000
-1.000
-1.000
-1.000
-1.000
-1.000
-1.000
-1.000
-1.000
-1.000
-1.000
-1.000
-1.000
-1.000
-1.000
-1.000
-1.000
-1.000
-1.000
-1.000
-1.000
-1.000
-1.000
-1.000
3.833
-1.000
-1.000
-1.000
-1.000
-1.000
-1.000
-1.000
-1.000
-1.000
-1.000
-1.000
-1.000
-1.000
-1.000
4.353
-1.000
-1.000
-1.000
-1.000
-1.000
-1.000
-1.000
-1.000
-1.000
-1.000
-1.000
4.053
-1.000
-1.000
-1.000
-1.000
4.196
-1.000
-1.000
-1.000
-1.000
-1.000
-1.000
-1.000
-1.000
-1.000
2.672
-1.000
-1.000
-1.000
-1.000
-1.000
-1.000
-1.000
-1.000
-1.000
-1.000
-1.000
-1.000
-1.000
-1.000
-1.000
-1.000
-1.000
-1.000
-1.000
-1.000
-1.000
-1.000
-1.000
-1.000
-1.000
-1.000
-1.000
-1.000
-1.000
-1.000
-1.000
-1.000
-1.000
-1.000
-1.000
-1.000
-1.000
-1.000
-1.000
-1.000
-1.000
-1.000
-1.000
-1.000
-1.000
-1.000
-1.000
-1.000
-1.000
-1.000
-1.000
-1.000
-1.000
-1.000
-1.000
-1.000
-1.000
-1.000
-1.000
-1.000
-1.000
-1.000
-1.000
-1.000
-1.000
-1.000
-1.000
-1.000
-1.000
-1.000
-1.000
-1.000
-1.000
-1.000
-1.000
-1.000
-1.000
-1.000
-1.000
-1.000
-1.000
-1.000
-1.000
-1.000
-1.000
-1.000
-1.000
-1.000
-1.000
-1.000
-1.000
-1.000
-1.000
-1.000
-1.000
-1.000
-1.000
-1.000
-1.000
-1.000
-1.000
-1.000
-1.000
-1.000
-1.000
-1.000
-1.000
-1.000
-1.000
-1.000
-1.000
-1.000
-1.000
-1.000
-1.000
-1.000
-1.000
-1.000
-1.000
-1.000
-1.000
-1.000
-1.000
-1.000
-1.000
-1.000
-1.000
-1.000
-1.000
-1.000
-1.000
-1.000
-1.000
-1.000
-1.000
-1.000
-1.000
-1.000
-1.000
-1.000
-1.000
-1.000
-1.000
-1.000
-1.000
-1.000
-1.000
-1.000
-1.000
-1.000
-1.000
-1.000
-1.000
-1.000
-1.000
-1.000
-1.000
-1.000
-1.000
-1.000
-1.000
-1.000
-1.000
-1.000
-1.000
-1.000
-1.000
-1.000
-1.000
-1.000
-1.000
-1.000
-1.000
-1.000
-1.000
-1.000
-1.000
-1.000
-1.000
-1.000
-1.000
-1.000
-1.000
-1.000
-1.000
-1.000
-1.000
-1.000
-1.000
-1.000
-1.000
-1.000
-1.000
-1.000
4.479
-1.000
-1.000
-1.000
-1.000
-1.000
-1.000
-1.000
-1.000
-1.000
-1.000
-1.000
-1.000
-1.000
-1.000
-1.000
-1.000
-1.000
-1.000
-1.000
-1.000
-1.000
-1.000
-1.000
-1.000
-1.000
-1.000
-1.000
-1.000
-1.000
-1.000
-1.000
-1.000
-1.000
-1.000
-1.000
-1.000
-1.000
-1.000
-1.000
-1.000
-1.000
-1.000
-1.000
-1.000
-1.000
-1.000
-1.000
-1.000
-1.000
-1.000
-1.000
-1.000
-1.000
-1.000
-1.000
-1.000
-1.000
-1.000
-1.000
-1.000
-1.000
4.390
-1.000
-1.000
-1.000
-1.000
-1.000
-1.000
-1.000
-1.000
-1.000
-1.000
-1.000
-1.000
4.845
-1.000
-1.000
-1.000
-1.000
-1.000
-1.000
4.637
-1.000
-1.000
-1.000
-1.000
-1.000
-1.000
-1.000
-1.000
-1.000
-1.000
-1.000
-1.000
-1.000
4.161
-1.000
-1.000
-1.000
-1.000
-1.000
-1.000
-1.000
-1.000
-1.000
-1.000
-1.000
-1.000
-1.000
-1.000
-1.000
-1.000
-1.000
4.161
-1.000
-1.000
-1.000
-1.000
-1.000
-1.000
-1.000
-1.000
-1.000
-1.000
-1.000
-1.000
-1.000
-1.000
-1.000
4.674
4.251
-1.000
-1.000
-1.000
-1.000
-1.000
-1.000
-1.000
-1.000
-1.000
-1.000
3.722
-1.000
-1.000
-1.000
-1.000
-1.000
-1.000
-1.000
-1.000
4.222
-1.000
-1.000
-1.000
-1.000
-1.000
-1.000
-1.000
-1.000
-1.000
-1.000
-1.000
-1.000
4.514
-1.000
-1.000
-1.000
-1.000
-1.000
-1.000
-1.000
-1.000
-1.000
5.072
-1.000
-1.000
-1.000
-1.000
-1.000
-1.000
-1.000
4.994
-1.000
-1.000
-1.000
-1.000
-1.000
-1.000
4.627
-1.000
-1.000
-1.000
-1.000
-1.000
-1.000
-1.000
-1.000
-1.000
4.564
-1.000
-1.000
-1.000
-1.000
-1.000
-1.000
-1.000
-1.000
-1.000
-1.000
-1.000
-1.000
4.652
-1.000
-1.000
-1.000
-1.000
-1.000
-1.000
-1.000
-1.000
-1.000
-1.000
-1.000
-1.000
-1.000
-1.000
4.668
-1.000
-1.000
-1.000
-1.000
-1.000
-1.000
-1.000
-1.000
-1.000
-1.000
4.419
4.374
-1.000
-1.000
-1.000
-1.000
-1.000
-1.000
-1.000
-1.000
-1.000
4.511
-1.000
-1.000
-1.000
-1.000
-1.000
4.684
-1.000
-1.000
-1.000
-1.000
-1.000
-1.000
-1.000
-1.000
-1.000
-1.000
-1.000
-1.000
-1.000
-1.000
-1.000
5.103
-1.000
-1.000
-1.000
-1.000
-1.000
-1.000
-1.000
-1.000
-1.000
-1.000
-1.000
-1.000
-1.000
4.500
-1.000
-1.000
-1.000
-1.000
-1.000
-1.000
-1.000
-1.000
4.603
-1.000
-1.000
-1.000
-1.000
-1.000
-1.000
-1.000
-1.000
-1.000
-1.000
-1.000
-1.000
-1.000
-1.000
-1.000
-1.000
-1.000
-1.000
-1.000
-1.000
-1.000
-1.000
4.826
-1.000
-1.000
-1.000
-1.000
-1.000
-1.000
-1.000
-1.000
-1.000
-1.000
-1.000
-1.000
-1.000
-1.000
-1.000
-1.000
-1.000
-1.000
-1.000
4.031
-1.000
-1.000
-1.000
5.103
-1.000
-1.000
-1.000
-1.000
-1.000
-1.000
-1.000
-1.000
-1.000
-1.000
-1.000
-1.000
-1.000
-1.000
-1.000
-1.000
-1.000
-1.000
-1.000
-1.000
-1.000
-1.000
-1.000
-1.000
-1.000
-1.000
-1.000
-1.000
-1.000
-1.000
-1.000
-1.000
-1.000
-1.000
4.769
5.269
-1.000
-1.000
-1.000
-1.000
3.865
-1.000
-1.000
-1.000
-1.000
-1.000
-1.000
-1.000
-1.000
-1.000
-1.000
-1.000
-1.000
-1.000
-1.000
-1.000
-1.000
3.494
-1.000
-1.000
-1.000
-1.000
-1.000
-1.000
-1.000
-1.000
-1.000
-1.000
-1.000
-1.000
-1.000
-1.000
-1.000
-1.000
-1.000
-1.000
-1.000
-1.000
-1.000
-1.000
3.973
-1.000
-1.000
-1.000
-1.000
-1.000
-1.000
-1.000
-1.000
4.030
4.601
4.161
-1.000
-1.000
-1.000
-1.000
-1.000
-1.000
5.187
-1.000
-1.000
-1.000
-1.000
-1.000
-1.000
4.407
-1.000
-1.000
-1.000
-1.000
-1.000
-1.000
-1.000
-1.000
-1.000
-1.000
-1.000
-1.000
-1.000
-1.000
-1.000
-1.000
-1.000
-1.000
-1.000
-1.000
-1.000
-1.000
-1.000
-1.000
-1.000
-1.000
-1.000
-1.000
-1.000
-1.000
-1.000
4.620
-1.000
-1.000
-1.000
-1.000
-1.000
-1.000
-1.000
-1.000
-1.000
-1.000
-1.000
4.964
3.892
-1.000
3.907
-1.000
-1.000
-1.000
-1.000
-1.000
4.592
-1.000
-1.000
-1.000
-1.000
-1.000
-1.000
-1.000
-1.000
-1.000
-1.000
-1.000
-1.000
-1.000
-1.000
-1.000
-1.000
-1.000
-1.000
-1.000
-1.000
-1.000
-1.000
-1.000
-1.000
-1.000
-1.000
-1.000
-1.000
-1.000
-1.000
-1.000
-1.000
-1.000
-1.000
-1.000
-1.000
-1.000
-1.000
-1.000
-1.000
-1.000
-1.000
-1.000
-1.000
-1.000
-1.000
-1.000
-1.000
-1.000
-1.000
-1.000
-1.000
-1.000
-1.000
-1.000
-1.000
-1.000
-1.000
-1.000
-1.000
-1.000
-1.000
-1.000
-1.000
-1.000
-1.000
-1.000
-1.000
-1.000
-1.000
-1.000
-1.000
-1.000
-1.000
-1.000
-1.000
-1.000
-1.000
-1.000
-1.000
-1.000
-1.000
-1.000
-1.000
-1.000
-1.000
-1.000
-1.000
-1.000
-1.000
-1.000
-1.000
-1.000
-1.000
-1.000
-1.000
-1.000
-1.000
-1.000
-1.000
-1.000
-1.000
5.467
-1.000
-1.000
-1.000
-1.000
4.017
-1.000
-1.000
-1.000
-1.000
3.351
-1.000
-1.000
-1.000
-1.000
-1.000
-1.000
-1.000
4.005
-1.000
-1.000
-1.000
-1.000
5.443
-1.000
-1.000
-1.000
4.142
-1.000
-1.000
-1.000
-1.000
-1.000
3.842
-1.000
-1.000
4.228
-1.000
-1.000
-1.000
-1.000
-1.000
-1.000
-1.000
-1.000
4.106
-1.000
-1.000
-1.000
-1.000
-1.000
3.717
-1.000
-1.000
-1.000
-1.000
4.888
5.541
-1.000
-1.000
-1.000
4.836
-1.000
-1.000
-1.000
5.036
-1.000
-1.000
-1.000
4.424
-1.000
-1.000
-1.000
-1.000
-1.000
-1.000
-1.000
-1.000
-1.000
-1.000
-1.000
-1.000
-1.000
-1.000
-1.000
-1.000
-1.000
-1.000
-1.000
-1.000
-1.000
-1.000
-1.000
-1.000
-1.000
5.037
4.773
-1.000
4.477
-1.000
-1.000
-1.000
-1.000
-1.000
-1.000
4.828
-1.000
-1.000
-1.000
-1.000
-1.000
-1.000
-1.000
5.150
-1.000
-1.000
-1.000
-1.000
-1.000
-1.000
-1.000
-1.000
-1.000
-1.000
-1.000
-1.000
-1.000
4.867
-1.000
-1.000
-1.000
-1.000
-1.000
-1.000
-1.000
-1.000
-1.000
-1.000
-1.000
-1.000
-1.000
-1.000
-1.000
-1.000
-1.000
-1.000
-1.000
-1.000
-1.000
-1.000
-1.000
-1.000
-1.000
-1.000
-1.000
-1.000
-1.000
-1.000
-1.000
-1.000
-1.000
-1.000
-1.000
-1.000
-1.000
-1.000
-1.000
-1.000
-1.000
-1.000
-1.000
-1.000
-1.000
-1.000
-1.000
-1.000
-1.000
-1.000
-1.000
-1.000
-1.000
-1.000
-1.000
-1.000
-1.000
4.463
-1.000
-1.000
-1.000
-1.000
-1.000
-1.000
-1.000
-1.000
-1.000
-1.000
-1.000
-1.000
-1.000
-1.000
4.367
3.236
-1.000
-1.000
-1.000
-1.000
-1.000
-1.000
-1.000
-1.000
3.693
-1.000
-1.000
-1.000
-1.000
-1.000
-1.000
-1.000
-1.000
-1.000
-1.000
3.648
-1.000
-1.000
-1.000
-1.000
-1.000
-1.000
-1.000
-1.000
-1.000
-1.000
3.888
-1.000
-1.000
-1.000
4.570
-1.000
-1.000
-1.000
4.300
-1.000
-1.000
4.204
-1.000
-1.000
-1.000
-1.000
4.168
-1.000
-1.000
-1.000
-1.000
-1.000
-1.000
-1.000
-1.000
-1.000
-1.000
-1.000
-1.000
-1.000
-1.000
-1.000
-1.000
-1.000
4.053
-1.000
-1.000
-1.000
-1.000
-1.000
-1.000
4.371
-1.000
-1.000
-1.000
-1.000
4.216
-1.000
-1.000
-1.000
-1.000
-1.000
-1.000
-1.000
-1.000
-1.000
-1.000
4.854
4.305
-1.000
4.739
-1.000
-1.000
2.884
-1.000
-1.000
-1.000
-1.000
-1.000
-1.000
-1.000
-1.000
-1.000
-1.000
-1.000
-1.000
-1.000
-1.000
-1.000
-1.000
-1.000
-1.000
-1.000
-1.000
-1.000
-1.000
-1.000
-1.000
-1.000
-1.000
-1.000
-1.000
-1.000
-1.000
-1.000
-1.000
-1.000
-1.000
-1.000
-1.000
-1.000
-1.000
-1.000
-1.000
-1.000
-1.000
-1.000
-1.000
-1.000
-1.000
-1.000
-1.000
-1.000
-1.000
-1.000
-1.000
-1.000
-1.000
-1.000
-1.000
-1.000
-1.000
-1.000
-1.000
-1.000
-1.000
-1.000
-1.000
-1.000
-1.000
-1.000
-1.000
-1.000
-1.000
-1.000
-1.000
-1.000
-1.000
-1.000
-1.000
-1.000
-1.000
-1.000
-1.000
-1.000
-1.000
-1.000
-1.000
-1.000
-1.000
-1.000
-1.000
-1.000
-1.000
-1.000
-1.000
-1.000
-1.000
-1.000
-1.000
-1.000
-1.000
-1.000
-1.000
-1.000
-1.000
-1.000
-1.000
-1.000
-1.000
-1.000
-1.000
-1.000
-1.000
-1.000
-1.000
-1.000
-1.000
-1.000
-1.000
-1.000
-1.000
-1.000
-1.000
-1.000
-1.000
-1.000
-1.000
-1.000
-1.000
-1.000
-1.000
-1.000
-1.000
-1.000
-1.000
-1.000
-1.000
-1.000
-1.000
-1.000
-1.000
-1.000
-1.000
-1.000
-1.000
-1.000
-1.000
-1.000
-1.000
-1.000
-1.000
-1.000
-1.000
-1.000
-1.000
-1.000
-1.000
-1.000
-1.000
-1.000
-1.000
-1.000
-1.000
-1.000
-1.000
-1.000
-1.000
-1.000
-1.000
-1.000
-1.000
-1.000
-1.000
-1.000
-1.000
-1.000
-1.000
-1.000
-1.000
-1.000
-1.000
-1.000
-1.000
-1.000
-1.000
-1.000
-1.000
-1.000
-1.000
-1.000
-1.000
-1.000
-1.000
-1.000
-1.000
-1.000
-1.000
-1.000
-1.000
-1.000
-1.000
-1.000
-1.000
-1.000
-1.000
-1.000
-1.000
-1.000
-1.000
-1.000
-1.000
-1.000
-1.000
-1.000
-1.000
-1.000
-1.000
-1.000
-1.000
-1.000
-1.000
-1.000
-1.000
-1.000
-1.000
-1.000
-1.000
-1.000
-1.000
-1.000
4.489
-1.000
-1.000
-1.000
-1.000
-1.000
-1.000
-1.000
-1.000
-1.000
-1.000
-1.000
4.224
-1.000
-1.000
-1.000
-1.000
-1.000
-1.000
-1.000
-1.000
-1.000
-1.000
-1.000
-1.000
-1.000
-1.000
-1.000
-1.000
-1.000
-1.000
-1.000
-1.000
-1.000
-1.000
-1.000
-1.000
-1.000
-1.000
-1.000
-1.000
-1.000
-1.000
-1.000
-1.000
-1.000
-1.000
-1.000
-1.000
-1.000
-1.000
-1.000
-1.000
-1.000
-1.000
-1.000
-1.000
-1.000
-1.000
-1.000
-1.000
-1.000
-1.000
-1.000
-1.000
-1.000
-1.000
-1.000
-1.000
-1.000
-1.000
-1.000
-1.000
-1.000
-1.000
-1.000
-1.000
-1.000
-1.000
-1.000
-1.000
-1.000
-1.000
-1.000
-1.000
-1.000
-1.000
-1.000
-1.000
-1.000
-1.000
-1.000
-1.000
-1.000
-1.000
-1.000
-1.000
-1.000
-1.000
-1.000
-1.000
-1.000
-1.000
-1.000
-1.000
-1.000
-1.000
-1.000
-1.000
-1.000
-1.000
-1.000
-1.000
-1.000
-1.000
-1.000
-1.000
-1.000
-1.000
-1.000
-1.000
-1.000
-1.000
-1.000
-1.000
-1.000
-1.000
-1.000
-1.000
-1.000
-1.000
-1.000
-1.000
-1.000
-1.000
-1.000
-1.000
-1.000
-1.000
-1.000
-1.000
-1.000
-1.000
-1.000
-1.000
-1.000
-1.000
-1.000
-1.000
-1.000
-1.000
-1.000
-1.000
-1.000
-1.000
4.132
-1.000
-1.000
-1.000
-1.000
-1.000
-1.000
-1.000
-1.000
-1.000
-1.000
-1.000
-1.000
3.095
-1.000
-1.000
4.238
-1.000
-1.000
-1.000
-1.000
-1.000
-1.000
-1.000
3.656
-1.000
-1.000
-1.000
-1.000
-1.000
3.768
-1.000
-1.000
4.489
-1.000
-1.000
3.419
-1.000
-1.000
-1.000
4.486
-1.000
-1.000
-1.000
-1.000
-1.000
4.084
3.526
2.754
4.567
-1.000
-1.000
-1.000
-1.000
-1.000
-1.000
3.921
-1.000
-1.000
4.222
-1.000
4.009
-1.000
-1.000
-1.000
-1.000
-1.000
-1.000
-1.000
-1.000
-1.000
-1.000
-1.000
-1.000
-1.000
-1.000
-1.000
-1.000
-1.000
-1.000
-1.000
-1.000
-1.000
-1.000
-1.000
-1.000
-1.000
-1.000
-1.000
-1.000
-1.000
-1.000
-1.000
-1.000
-1.000
-1.000
-1.000
-1.000
-1.000
-1.000
-1.000
-1.000
-1.000
-1.000
-1.000
-1.000
-1.000
-1.000
-1.000
-1.000
-1.000
-1.000
-1.000
-1.000
-1.000
-1.000
-1.000
-1.000
-1.000
-1.000
-1.000
-1.000
-1.000
-1.000
-1.000
-1.000
-1.000
-1.000
-1.000
-1.000
-1.000
-1.000
-1.000
-1.000
-1.000
-1.000
-1.000
-1.000
-1.000
-1.000
-1.000
-1.000
-1.000
-1.000
-1.000
-1.000
-1.000
-1.000
-1.000
-1.000
-1.000
-1.000
-1.000
-1.000
-1.000
-1.000
3.937
-1.000
-1.000
-1.000
-1.000
-1.000
-1.000
-1.000
-1.000
-1.000
-1.000
-1.000
3.620
-1.000
-1.000
-1.000
-1.000
-1.000
-1.000
-1.000
-1.000
-1.000
-1.000
-1.000
-1.000
-1.000
-1.000
-1.000
-1.000
-1.000
-1.000
-1.000
-1.000
-1.000
-1.000
-1.000
-1.000
-1.000
-1.000
-1.000
-1.000
-1.000
-1.000
-1.000
-1.000
-1.000
-1.000
-1.000
-1.000
-1.000
-1.000
-1.000
-1.000
-1.000
-1.000
-1.000
-1.000
-1.000
-1.000
-1.000
-1.000
-1.000
-1.000
-1.000
-1.000
4.529
-1.000
-1.000
-1.000
-1.000
-1.000
-1.000
-1.000
-1.000
-1.000
-1.000
4.980
-1.000
-1.000
-1.000
-1.000
-1.000
4.167
-1.000
-1.000
-1.000
-1.000
-1.000
-1.000
-1.000
-1.000
-1.000
-1.000
-1.000
-1.000
-1.000
-1.000
-1.000
-1.000
-1.000
-1.000
-1.000
4.196
-1.000
-1.000
-1.000
-1.000
-1.000
-1.000
-1.000
-1.000
-1.000
-1.000
-1.000
-1.000
-1.000
-1.000
-1.000
-1.000
-1.000
-1.000
-1.000
-1.000
-1.000
-1.000
-1.000
-1.000
-1.000
-1.000
-1.000
-1.000
-1.000
-1.000
4.674
-1.000
-1.000
-1.000
-1.000
-1.000
-1.000
-1.000
-1.000
-1.000
-1.000
-1.000
-1.000
-1.000
-1.000
-1.000
-1.000
-1.000
-1.000
-1.000
-1.000
-1.000
-1.000
-1.000
-1.000
4.091
-1.000
-1.000
-1.000
-1.000
-1.000
-1.000
-1.000
4.519
-1.000
-1.000
-1.000
-1.000
-1.000
-1.000
-1.000
-1.000
-1.000
-1.000
-1.000
-1.000
-1.000
5.093
-1.000
-1.000
-1.000
5.014
-1.000
-1.000
-1.000
-1.000
4.422
-1.000
-1.000
-1.000
-1.000
-1.000
-1.000
-1.000
-1.000
-1.000
-1.000
-1.000
-1.000
-1.000
-1.000
-1.000
-1.000
-1.000
-1.000
-1.000
-1.000
-1.000
-1.000
-1.000
-1.000
-1.000
4.380
-1.000
-1.000
-1.000
-1.000
-1.000
-1.000
-1.000
-1.000
4.608
3.434
-1.000
-1.000
-1.000
-1.000
-1.000
-1.000
-1.000
-1.000
-1.000
-1.000
-1.000
-1.000
-1.000
-1.000
-1.000
-1.000
-1.000
-1.000
-1.000
-1.000
-1.000
-1.000
-1.000
-1.000
-1.000
-1.000
-1.000
-1.000
-1.000
-1.000
-1.000
-1.000
-1.000
-1.000
-1.000
-1.000
-1.000
-1.000
-1.000
-1.000
-1.000
-1.000
-1.000
-1.000
-1.000
-1.000
-1.000
-1.000
-1.000
-1.000
-1.000
-1.000
-1.000
-1.000
-1.000
-1.000
-1.000
-1.000
-1.000
-1.000
-1.000
-1.000
-1.000
-1.000
-1.000
-1.000
-1.000
-1.000
-1.000
-1.000
-1.000
-1.000
-1.000
-1.000
-1.000
-1.000
-1.000
-1.000
-1.000
-1.000
-1.000
-1.000
-1.000
-1.000
-1.000
-1.000
-1.000
-1.000
-1.000
-1.000
-1.000
-1.000
-1.000
-1.000
-1.000
-1.000
-1.000
-1.000
-1.000
-1.000
-1.000
-1.000
-1.000
-1.000
-1.000
-1.000
-1.000
-1.000
-1.000
-1.000
-1.000
-1.000
-1.000
-1.000
-1.000
-1.000
4.371
-1.000
-1.000
-1.000
-1.000
-1.000
-1.000
-1.000
-1.000
-1.000
-1.000
-1.000
-1.000
-1.000
-1.000
-1.000
-1.000
-1.000
-1.000
-1.000
-1.000
-1.000
-1.000
-1.000
-1.000
-1.000
-1.000
-1.000
-1.000
-1.000
-1.000
-1.000
-1.000
-1.000
-1.000
-1.000
-1.000
-1.000
-1.000
-1.000
-1.000
-1.000
-1.000
-1.000
-1.000
-1.000
-1.000
-1.000
-1.000
-1.000
-1.000
-1.000
-1.000
-1.000
-1.000
4.344
-1.000
-1.000
-1.000
-1.000
-1.000
-1.000
-1.000
-1.000
-1.000
2.726
-1.000
-1.000
-1.000
-1.000
-1.000
-1.000
3.495
-1.000
-1.000
-1.000
4.108
-1.000
-1.000
3.913
-1.000
-1.000
-1.000
-1.000
-1.000
4.476
-1.000
-1.000
-1.000
-1.000
4.202
-1.000
-1.000
3.846
-1.000
-1.000
-1.000
-1.000
-1.000
-1.000
-1.000
-1.000
-1.000
-1.000
-1.000
-1.000
-1.000
-1.000
-1.000
-1.000
-1.000
-1.000
-1.000
3.988
-1.000
-1.000
3.247
-1.000
-1.000
-1.000
-1.000
-1.000
-1.000
-1.000
3.966
-1.000
-1.000
-1.000
-1.000
-1.000
-1.000
-1.000
-1.000
-1.000
4.214
-1.000
-1.000
-1.000
-1.000
-1.000
-1.000
2.963
-1.000
-1.000
-1.000
-1.000
-1.000
-1.000
-1.000
-1.000
-1.000
-1.000
-1.000
-1.000
-1.000
-1.000
-1.000
-1.000
-1.000
-1.000
-1.000
-1.000
-1.000
-1.000
-1.000
-1.000
-1.000
-1.000
-1.000
-1.000
-1.000
-1.000
-1.000
-1.000
-1.000
-1.000
-1.000
-1.000
-1.000
-1.000
-1.000
-1.000
-1.000
-1.000
-1.000
-1.000
-1.000
-1.000
-1.000
-1.000
-1.000
-1.000
-1.000
-1.000
-1.000
-1.000
-1.000
-1.000
-1.000
-1.000
-1.000
-1.000
-1.000
-1.000
-1.000
-1.000
-1.000
-1.000
-1.000
-1.000
-1.000
-1.000
-1.000
-1.000
-1.000
-1.000
-1.000
-1.000
-1.000
-1.000
-1.000
-1.000
-1.000
-1.000
-1.000
-1.000
-1.000
-1.000
-1.000
-1.000
-1.000
2.794
-1.000
-1.000
-1.000
-1.000
-1.000
-1.000
-1.000
-1.000
-1.000
-1.000
-1.000
-1.000
-1.000
-1.000
-1.000
-1.000
-1.000
-1.000
-1.000
-1.000
-1.000
-1.000
-1.000
-1.000
-1.000
-1.000
-1.000
-1.000
-1.000
-1.000
-1.000
-1.000
-1.000
-1.000
-1.000
-1.000
-1.000
-1.000
-1.000
-1.000
-1.000
-1.000
-1.000
-1.000
-1.000
-1.000
-1.000
-1.000
-1.000
4.795
-1.000
4.322
-1.000
-1.000
-1.000
3.904
-1.000
-1.000
3.095
-1.000
-1.000
-1.000
-1.000
-1.000
-1.000
-1.000
-1.000
-1.000
-1.000
4.512
-1.000
-1.000
-1.000
-1.000
-1.000
-1.000
4.965
-1.000
-1.000
-1.000
-1.000
-1.000
-1.000
-1.000
-1.000
-1.000
-1.000
-1.000
-1.000
-1.000
-1.000
-1.000
-1.000
-1.000
-1.000
-1.000
-1.000
-1.000
-1.000
4.268
-1.000
-1.000
-1.000
-1.000
-1.000
-1.000
-1.000
-1.000
-1.000
-1.000
-1.000
-1.000
-1.000
-1.000
4.073
-1.000
-1.000
-1.000
-1.000
-1.000
4.141
-1.000
-1.000
-1.000
-1.000
-1.000
-1.000
-1.000
-1.000
-1.000
-1.000
-1.000
-1.000
4.603
-1.000
-1.000
-1.000
-1.000
-1.000
-1.000
-1.000
-1.000
-1.000
-1.000
4.198
-1.000
-1.000
-1.000
-1.000
-1.000
-1.000
-1.000
-1.000
-1.000
-1.000
4.993
4.551
-1.000
-1.000
-1.000
-1.000
-1.000
-1.000
-1.000
-1.000
-1.000
-1.000
-1.000
-1.000
-1.000
-1.000
-1.000
-1.000
-1.000
-1.000
-1.000
-1.000
-1.000
-1.000
-1.000
-1.000
-1.000
-1.000
-1.000
-1.000
-1.000
4.866
-1.000
-1.000
-1.000
-1.000
-1.000
-1.000
-1.000
-1.000
-1.000
-1.000
-1.000
-1.000
3.949
-1.000
-1.000
-1.000
5.198
-1.000
-1.000
4.350
-1.000
-1.000
-1.000
-1.000
-1.000
-1.000
-1.000
3.973
-1.000
-1.000
4.763
-1.000
-1.000
-1.000
-1.000
4.250
-1.000
-1.000
5.157
-1.000
-1.000
4.859
-1.000
-1.000
-1.000
4.370
-1.000
-1.000
-1.000
-1.000
-1.000
-1.000
-1.000
4.619
-1.000
-1.000
-1.000
-1.000
-1.000
-1.000
-1.000
-1.000
-1.000
-1.000
-1.000
-1.000
-1.000
-1.000
-1.000
-1.000
-1.000
-1.000
-1.000
-1.000
-1.000
-1.000
-1.000
-1.000
-1.000
-1.000
-1.000
-1.000
-1.000
-1.000
-1.000
-1.000
-1.000
-1.000
-1.000
-1.000
-1.000
-1.000
-1.000
-1.000
-1.000
-1.000
-1.000
-1.000
-1.000
-1.000
-1.000
-1.000
-1.000
-1.000
-1.000
-1.000
-1.000
-1.000
-1.000
-1.000
-1.000
-1.000
-1.000
-1.000
-1.000
-1.000
-1.000
-1.000
-1.000
-1.000
-1.000
-1.000
-1.000
-1.000
-1.000
-1.000
-1.000
-1.000
-1.000
-1.000
-1.000
-1.000
-1.000
-1.000
-1.000
-1.000
-1.000
-1.000
-1.000
-1.000
-1.000
-1.000
-1.000
-1.000
-1.000
-1.000
-1.000
-1.000
-1.000
-1.000
-1.000
-1.000
-1.000
-1.000
-1.000
-1.000
-1.000
-1.000
-1.000
-1.000
-1.000
-1.000
-1.000
-1.000
-1.000
-1.000
-1.000
-1.000
-1.000
-1.000
-1.000
-1.000
-1.000
-1.000
-1.000
-1.000
-1.000
-1.000
-1.000
-1.000
-1.000
-1.000
-1.000
-1.000
-1.000
-1.000
-1.000
-1.000
-1.000
-1.000
-1.000
-1.000
-1.000
-1.000
-1.000
-1.000
-1.000
-1.000
-1.000
-1.000
-1.000
-1.000
-1.000
-1.000
-1.000
-1.000
-1.000
-1.000
-1.000
-1.000
-1.000
-1.000
-1.000
-1.000
-1.000
-1.000
-1.000
-1.000
-1.000
-1.000
-1.000
-1.000
-1.000
-1.000
-1.000
-1.000
-1.000
-1.000
-1.000
-1.000
-1.000
-1.000
-1.000
-1.000
-1.000
-1.000
-1.000
-1.000
-1.000
-1.000
-1.000
-1.000
-1.000
-1.000
-1.000
-1.000
-1.000
-1.000
-1.000
4.329
-1.000
-1.000
-1.000
-1.000
-1.000
-1.000
-1.000
-1.000
-1.000
-1.000
-1.000
-1.000
-1.000
-1.000
-1.000
-1.000
-1.000
-1.000
-1.000
-1.000
-1.000
-1.000
-1.000
-1.000
-1.000
-1.000
-1.000
-1.000
-1.000
-1.000
-1.000
-1.000
-1.000
-1.000
-1.000
-1.000
-1.000
-1.000
-1.000
-1.000
-1.000
-1.000
-1.000
-1.000
-1.000
-1.000
-1.000
-1.000
-1.000
-1.000
-1.000
-1.000
-1.000
-1.000
-1.000
